1 2 3,0 0 0,0 0 0,0.0;
1 4,0 0,1 0,0.0;1 4,0 0,0 1,0.0;
4 5,0 0,1 0,0.0;4 5,0 0,0 1,0.0;
5 6 7,0 1 2,1 1 1,1.0613799378788429;5 6 7,0 0 1,1 0 1,1.0171320196649056;5 6 7,0 0 1,0 1 1,1.022995294317563;5 6 7,0 1 0,1 1 0,1.0207501496277311;5 6 7,0 1 0,0 1 1,1.0283525977526269;5 6 7,0 1 1,1 1 0,1.022384843195185;5 6 7,0 1 1,1 0 1,1.0224228923873953;5 6 7,0 0 0,1 0 0,1.0078594945835393;5 6 7,0 0 0,0 1 0,1.0148216851102314;5 6 7,0 0 0,0 0 1,1.0162691676508187;
6 8,0 0,0 1,0.0;6 8,0 0,1 0,0.0;
8 9 10,0 1 2,1 1 1,1.065965601081706;8 9 10,0 0 1,1 0 1,1.0204281685907026;8 9 10,0 0 1,0 1 1,1.0267732648912906;8 9 10,0 1 0,1 1 0,1.0170404968427862;8 9 10,0 1 0,0 1 1,1.0279032037051692;8 9 10,0 1 1,1 1 0,1.0241282812143933;8 9 10,0 1 1,1 0 1,1.0289548768287962;8 9 10,0 0 0,1 0 0,1.0130486299335086;8 9 10,0 0 0,0 1 0,1.0153492231175614;8 9 10,0 0 0,0 0 1,1.0258680974874124;
9 11,0 0,1 0,0.0;9 11,0 0,0 1,0.0;
11 12,0 0,1 0,0.0;11 12,0 0,0 1,0.0;
12 13 14,0 1 2,1 1 1,1.539227059211458;12 13 14,0 0 1,1 0 1,1.0231088377168314;12 13 14,0 0 1,0 1 1,1.5390024189233338;12 13 14,0 1 0,1 1 0,1.539227059211458;12 13 14,0 1 0,0 1 1,1.5390024189233338;12 13 14,0 1 1,1 1 0,1.539227059211458;12 13 14,0 1 1,1 0 1,1.0248731761937633;12 13 14,0 0 0,1 0 0,1.013090108004079;12 13 14,0 0 0,0 1 0,1.5390024189233338;12 13 14,0 0 0,0 0 1,1.0159189780928872;
15 16 17 18,0 1 2 3,1 1 1 1,1.0648610353318264;15 16 17 18,0 0 1 2,0 1 1 1,1.0302963826801257;15 16 17 18,0 0 1 2,1 0 1 1,1.0351972760275445;15 16 17 18,0 1 0 2,0 1 1 1,1.02296529803571;15 16 17 18,0 1 0 2,1 1 0 1,1.0316621792666734;15 16 17 18,0 1 1 2,1 1 0 1,1.033731504116238;15 16 17 18,0 1 1 2,1 0 1 1,1.0285183580119779;15 16 17 18,0 0 0 1,0 1 0 1,1.0248835681145576;15 16 17 18,0 0 0 1,0 0 1 1,1.0235651518591995;15 16 17 18,0 0 0 1,1 0 0 1,1.0336481945178744;15 16 17 18,0 1 2 0,0 1 1 1,1.0270451774205687;15 16 17 18,0 1 2 0,1 1 1 0,1.0331029031954548;15 16 17 18,0 1 2 1,1 1 1 0,1.0290170706376682;15 16 17 18,0 1 2 1,1 0 1 1,1.0274068747844816;15 16 17 18,0 1 2 2,1 1 1 0,1.0357032899694452;15 16 17 18,0 1 2 2,1 1 0 1,1.0407131617078178;15 16 17 18,0 0 1 0,0 1 1 0,1.0209202456087423;15 16 17 18,0 0 1 0,0 0 1 1,1.0235651518591995;15 16 17 18,0 0 1 0,1 0 1 0,1.035945386126294;15 16 17 18,0 0 1 1,0 1 1 0,1.0147859604845353;15 16 17 18,0 0 1 1,0 1 0 1,1.017545277286501;15 16 17 18,0 0 1 1,1 0 1 0,1.0185114715298398;15 16 17 18,0 0 1 1,1 0 0 1,1.0214953895439698;15 16 17 18,0 1 0 0,0 1 1 0,1.022113295830373;15 16 17 18,0 1 0 0,0 1 0 1,1.027483040836776;15 16 17 18,0 1 0 0,1 1 0 0,1.0311998911034057;15 16 17 18,0 1 0 1,0 1 1 0,1.0072261276069114;15 16 17 18,0 1 0 1,0 0 1 1,1.0057603707023284;15 16 17 18,0 1 0 1,1 1 0 0,1.0138557179470797;15 16 17 18,0 1 0 1,1 0 0 1,1.012367178376513;15 16 17 18,0 1 1 0,0 1 0 1,1.0122374418767683;15 16 17 18,0 1 1 0,0 0 1 1,1.0085574054106734;15 16 17 18,0 1 1 0,1 1 0 0,1.0172007405213708;15 16 17 18,0 1 1 0,1 0 1 0,1.0133723553580292;15 16 17 18,0 1 1 1,1 1 0 0,1.030663377423042;15 16 17 18,0 1 1 1,1 0 1 0,1.0232536897418407;15 16 17 18,0 1 1 1,1 0 0 1,1.0290526939725966;15 16 17 18,0 0 0 0,0 1 0 0,1.0143485773083731;15 16 17 18,0 0 0 0,0 0 1 0,1.0085685665167576;15 16 17 18,0 0 0 0,0 0 0 1,1.0146550673561832;15 16 17 18,0 0 0 0,1 0 0 0,1.023270787010412;
15 19,0 0,0 1,0.0;15 19,0 0,1 0,0.0;
19 20,0 0,1 0,0.0;19 20,0 0,0 1,0.0;
20 21 22 23,0 1 2 3,1 1 1 1,1.0667278582481483;20 21 22 23,0 0 1 2,1 0 1 1,1.0224781359048276;20 21 22 23,0 0 1 2,0 1 1 1,1.0340699847349755;20 21 22 23,0 1 0 2,1 1 0 1,1.0343221773925932;20 21 22 23,0 1 0 2,0 1 1 1,1.0410723135144828;20 21 22 23,0 1 1 2,1 1 0 1,1.0356097370999922;20 21 22 23,0 1 1 2,1 0 1 1,1.0280671536440895;20 21 22 23,0 0 0 1,1 0 0 1,1.0206556985862356;20 21 22 23,0 0 0 1,0 1 0 1,1.0318190376855003;20 21 22 23,0 0 0 1,0 0 1 1,1.0261614317810428;20 21 22 23,0 1 2 0,1 1 1 0,1.0395263507642338;20 21 22 23,0 1 2 0,0 1 1 1,1.0434121798325982;20 21 22 23,0 1 2 1,1 1 1 0,1.035207605404454;20 21 22 23,0 1 2 1,1 0 1 1,1.0252589926856692;20 21 22 23,0 1 2 2,1 1 1 0,1.031698326135215;20 21 22 23,0 1 2 2,1 1 0 1,1.0290578880367895;20 21 22 23,0 0 1 0,1 0 1 0,1.0237038481821352;20 21 22 23,0 0 1 0,0 1 1 0,1.0345325707649518;20 21 22 23,0 0 1 0,0 0 1 1,1.0253947600766826;20 21 22 23,0 0 1 1,1 0 1 0,1.0073149677881386;20 21 22 23,0 0 1 1,1 0 0 1,1.0054585688340545;20 21 22 23,0 0 1 1,0 1 1 0,1.0163801301632147;20 21 22 23,0 0 1 1,0 1 0 1,1.0143716415701014;20 21 22 23,0 1 0 0,1 1 0 0,1.0257687971675273;20 21 22 23,0 1 0 0,0 1 1 0,1.0345325707649518;20 21 22 23,0 1 0 0,0 1 0 1,1.0313284179258684;20 21 22 23,0 1 0 1,1 1 0 0,1.0176448134040363;20 21 22 23,0 1 0 1,1 0 0 1,1.0095903486977713;20 21 22 23,0 1 0 1,0 1 1 0,1.021874475378101;20 21 22 23,0 1 0 1,0 0 1 1,1.013399880934322;20 21 22 23,0 1 1 0,1 1 0 0,1.0206500039249509;20 21 22 23,0 1 1 0,1 0 1 0,1.014333846705948;20 21 22 23,0 1 1 0,0 1 0 1,1.0228074625202859;20 21 22 23,0 1 1 0,0 0 1 1,1.0162874461369567;20 21 22 23,0 1 1 1,1 1 0 0,1.03293005703159;20 21 22 23,0 1 1 1,1 0 1 0,1.022870072898841;20 21 22 23,0 1 1 1,1 0 0 1,1.0210004065076381;20 21 22 23,0 0 0 0,1 0 0 0,1.008374118196863;20 21 22 23,0 0 0 0,0 1 0 0,1.0218677585814564;20 21 22 23,0 0 0 0,0 0 1 0,1.0142246053000274;20 21 22 23,0 0 0 0,0 0 0 1,1.0113457051967942;
21 24,0 0,0 1,0.0;21 24,0 0,1 0,0.0;
24 25,0 0,1 0,0.0;24 25,0 0,0 1,0.0;
25 26 27,0 1 2,1 1 1,1.064555152549572;25 26 27,0 0 1,1 0 1,1.0151191073129342;25 26 27,0 0 1,0 1 1,1.0268875288751034;25 26 27,0 1 0,1 1 0,1.0336861566805298;25 26 27,0 1 0,0 1 1,1.0389672231559273;25 26 27,0 1 1,1 1 0,1.0283070835881756;25 26 27,0 1 1,1 0 1,1.0184834764048365;25 26 27,0 0 0,1 0 0,1.0136528285397264;25 26 27,0 0 0,0 1 0,1.0251098549229323;25 26 27,0 0 0,0 0 1,1.0128512237782816;
26 28,0 0,1 0,0.0;26 28,0 0,0 1,0.0;
28 29,0 0,1 0,0.0;28 29,0 0,0 1,0.0;
29 30 31 32,0 1 2 3,1 1 1 1,1.5440554093550771;29 30 31 32,0 0 1 2,1 0 1 1,1.0322295888766881;29 30 31 32,0 0 1 2,0 1 1 1,1.544009150584856;29 30 31 32,0 1 0 2,1 1 0 1,1.543442911974454;29 30 31 32,0 1 0 2,0 1 1 1,1.544009150584856;29 30 31 32,0 1 1 2,1 1 0 1,1.543442911974454;29 30 31 32,0 1 1 2,1 0 1 1,1.0288035325380698;29 30 31 32,0 0 0 1,1 0 0 1,1.0276673805748255;29 30 31 32,0 0 0 1,0 1 0 1,1.543396653204233;29 30 31 32,0 0 0 1,0 0 1 1,1.0278496215950135;29 30 31 32,0 1 2 0,0 1 1 1,1.544009150584856;29 30 31 32,0 1 2 0,1 1 1 0,1.539661175074178;29 30 31 32,0 1 2 1,1 0 1 1,1.0345467230188672;29 30 31 32,0 1 2 1,1 1 1 0,1.539661175074178;29 30 31 32,0 1 2 2,1 1 0 1,1.543442911974454;29 30 31 32,0 1 2 2,1 1 1 0,1.539661175074178;29 30 31 32,0 0 1 0,0 0 1 1,1.0302228845536114;29 30 31 32,0 0 1 0,1 0 1 0,1.02204093514142;29 30 31 32,0 0 1 0,0 1 1 0,1.539614916303957;29 30 31 32,0 0 1 1,1 0 0 1,1.0146528126774434;29 30 31 32,0 0 1 1,1 0 1 0,1.0082173499106588;29 30 31 32,0 0 1 1,0 1 0 1,1.543396653204233;29 30 31 32,0 0 1 1,0 1 1 0,1.539614916303957;29 30 31 32,0 1 0 0,0 1 0 1,1.543396653204233;29 30 31 32,0 1 0 0,1 1 0 0,1.5390486776935548;29 30 31 32,0 1 0 0,0 1 1 0,1.539614916303957;29 30 31 32,0 1 0 1,1 0 0 1,1.0211328603558862;29 30 31 32,0 1 0 1,1 1 0 0,1.5390486776935548;29 30 31 32,0 1 0 1,0 0 1 1,1.023144125024037;29 30 31 32,0 1 0 1,0 1 1 0,1.539614916303957;29 30 31 32,0 1 1 0,0 1 0 1,1.543396653204233;29 30 31 32,0 1 1 0,0 0 1 1,1.0136379509824982;29 30 31 32,0 1 1 0,1 1 0 0,1.5390486776935548;29 30 31 32,0 1 1 0,1 0 1 0,1.0061834289117524;29 30 31 32,0 1 1 1,1 0 0 1,1.0308961334536157;29 30 31 32,0 1 1 1,1 1 0 0,1.5390486776935548;29 30 31 32,0 1 1 1,1 0 1 0,1.0213563350584072;29 30 31 32,0 0 0 0,0 0 0 1,1.0235957139976866;29 30 31 32,0 0 0 0,1 0 0 0,1.0107852232511931;29 30 31 32,0 0 0 0,0 1 0 0,1.5390024189233338;29 30 31 32,0 0 0 0,0 0 1 0,1.0157302582712526;
33 34,0 0,1 0,0.0;33 34,0 0,0 1,0.0;
2 35,0 0,1 0,0.0;2 35,0 0,0 1,0.0;
35 36,0 0,1 0,0.0;35 36,0 0,0 1,0.0;
37 38,0 0,1 0,0.0;37 38,0 0,0 1,0.0;
37 39,0 0,1 0,0.0;37 39,0 0,0 1,0.0;
39 40 41,0 1 2,1 1 1,1.0622359060169726;39 40 41,0 0 1,0 1 1,1.0226692985945163;39 40 41,0 0 1,1 0 1,1.0153817838276888;39 40 41,0 1 0,0 1 1,1.0308721514882264;39 40 41,0 1 0,1 1 0,1.0303115100837985;39 40 41,0 1 1,1 1 0,1.026531286622862;39 40 41,0 1 1,1 0 1,1.0186000316202315;39 40 41,0 0 0,0 1 0,1.0208287966520189;39 40 41,0 0 0,0 0 1,1.0116879462803225;39 40 41,0 0 0,1 0 0,1.0126268562989376;
3 42,0 0,0 1,0.0;3 42,0 0,1 0,0.0;
43 44,0 0,1 0,0.0;43 44,0 0,0 1,0.0;
22 45,0 0,0 1,0.0;22 45,0 0,1 0,0.0;
46 47,0 0,1 0,0.0;46 47,0 0,0 1,0.0;
46 48 49 50,0 1 2 3,1 1 1 1,1.0597749374840468;46 48 49 50,0 0 1 2,0 1 1 1,1.0368242904167266;46 48 49 50,0 0 1 2,1 0 1 1,1.032497869555111;46 48 49 50,0 1 0 2,0 1 1 1,1.0262627979820695;46 48 49 50,0 1 0 2,1 1 0 1,1.0230760546693354;46 48 49 50,0 1 1 2,1 1 0 1,1.0238464569840162;46 48 49 50,0 1 1 2,1 0 1 1,1.0242708950873427;46 48 49 50,0 0 0 1,0 1 0 1,1.0269143357475015;46 48 49 50,0 0 0 1,0 0 1 1,1.0285454140118615;46 48 49 50,0 0 0 1,1 0 0 1,1.0226816502906313;46 48 49 50,0 1 2 0,0 1 1 1,1.0305512757140458;46 48 49 50,0 1 2 0,1 1 1 0,1.0284915772047638;46 48 49 50,0 1 2 1,1 1 1 0,1.0248657979970017;46 48 49 50,0 1 2 1,1 0 1 1,1.0237105878760182;46 48 49 50,0 1 2 2,1 1 1 0,1.0335264706383016;46 48 49 50,0 1 2 2,1 1 0 1,1.030734386226395;46 48 49 50,0 0 1 0,0 1 1 0,1.0272926691747308;46 48 49 50,0 0 1 0,0 0 1 1,1.0285454140118615;46 48 49 50,0 0 1 0,1 0 1 0,1.0216483952037883;46 48 49 50,0 0 1 1,0 1 1 0,1.01969317068978;46 48 49 50,0 0 1 1,0 1 0 1,1.0180223949297647;46 48 49 50,0 0 1 1,1 0 1 0,1.0168320133283073;46 48 49 50,0 0 1 1,1 0 0 1,1.0153616496350288;46 48 49 50,0 1 0 0,0 1 1 0,1.0313235935443155;46 48 49 50,0 1 0 0,0 1 0 1,1.0221783711725831;46 48 49 50,0 1 0 0,1 1 0 0,1.0255537287057308;46 48 49 50,0 1 0 1,0 1 1 0,1.0091964389937556;46 48 49 50,0 1 0 1,0 0 1 1,1.0082557112011061;46 48 49 50,0 1 0 1,1 1 0 0,1.0074173718135373;46 48 49 50,0 1 0 1,1 0 0 1,1.0065036023165537;46 48 49 50,0 1 1 0,0 1 0 1,1.0107470488123378;46 48 49 50,0 1 1 0,0 0 1 1,1.010649088924325;46 48 49 50,0 1 1 0,1 1 0 0,1.009589428032416;46 48 49 50,0 1 1 0,1 0 1 0,1.0094495619447552;46 48 49 50,0 1 1 1,1 1 0 0,1.0255537287057308;46 48 49 50,0 1 1 1,1 0 1 0,1.0310372093800797;46 48 49 50,0 1 1 1,1 0 0 1,1.0193803605014473;46 48 49 50,0 0 0 0,0 1 0 0,1.0184809764534275;46 48 49 50,0 0 0 0,0 0 1 0,1.0179965576146004;46 48 49 50,0 0 0 0,0 0 0 1,1.013650143057509;46 48 49 50,0 0 0 0,1 0 0 0,1.0111596279106827;
51 52 53,0 1 2,1 1 1,1.061267401526192;51 52 53,0 0 1,1 0 1,1.0203505612830646;51 52 53,0 0 1,0 1 1,1.0219793267403188;51 52 53,0 1 0,1 1 0,1.0213716137334705;51 52 53,0 1 0,0 1 1,1.0178399073289521;51 52 53,0 1 1,1 1 0,1.0288702353744779;51 52 53,0 1 1,1 0 1,1.0222955084379772;51 52 53,0 0 0,1 0 0,1.0141038191009972;51 52 53,0 0 0,0 1 0,1.0187119009360033;51 52 53,0 0 0,0 0 1,1.0079825391061277;
51 54,0 0,1 0,0.0;51 54,0 0,0 1,0.0;
54 55 56 57,0 1 2 3,1 1 1 1,1.0629162813642283;54 55 56 57,0 0 1 2,1 0 1 1,1.0242098979809156;54 55 56 57,0 0 1 2,0 1 1 1,1.0280444979937768;54 55 56 57,0 1 0 2,0 1 1 1,1.0380770057421331;54 55 56 57,0 1 0 2,1 1 0 1,1.0419471346693752;54 55 56 57,0 1 1 2,1 0 1 1,1.0256848288255738;54 55 56 57,0 1 1 2,1 1 0 1,1.0320495659297912;54 55 56 57,0 0 0 1,0 0 1 1,1.0252441987504122;54 55 56 57,0 0 0 1,1 0 0 1,1.0286138698279281;54 55 56 57,0 0 0 1,0 1 0 1,1.03440483052669;54 55 56 57,0 1 2 0,0 1 1 1,1.0310866654495727;54 55 56 57,0 1 2 0,1 1 1 0,1.0247072754256286;54 55 56 57,0 1 2 1,1 0 1 1,1.0322089371565581;54 55 56 57,0 1 2 1,1 1 1 0,1.0293855967459766;54 55 56 57,0 1 2 2,1 1 1 0,1.022445212524905;54 55 56 57,0 1 2 2,1 1 0 1,1.0302441085088754;54 55 56 57,0 0 1 0,0 0 1 1,1.031658172300537;54 55 56 57,0 0 1 0,1 0 1 0,1.0224378376124128;54 55 56 57,0 0 1 0,0 1 1 0,1.0243299731076485;54 55 56 57,0 0 1 1,1 0 1 0,1.0047678688679529;54 55 56 57,0 0 1 1,1 0 0 1,1.0098491374821081;54 55 56 57,0 0 1 1,0 1 1 0,1.0074972459452138;54 55 56 57,0 0 1 1,0 1 0 1,1.0127926719231968;54 55 56 57,0 1 0 0,0 1 1 0,1.026414860163575;54 55 56 57,0 1 0 0,0 1 0 1,1.03440483052669;54 55 56 57,0 1 0 0,1 1 0 0,1.0259819159238837;54 55 56 57,0 1 0 1,0 0 1 1,1.018309934049709;54 55 56 57,0 1 0 1,0 1 1 0,1.0163801522046332;54 55 56 57,0 1 0 1,1 0 0 1,1.0202431487131136;54 55 56 57,0 1 0 1,1 1 0 0,1.0181416324290053;54 55 56 57,0 1 1 0,0 0 1 1,1.010962414968801;54 55 56 57,0 1 1 0,0 1 0 1,1.015432111135108;54 55 56 57,0 1 1 0,1 0 1 0,1.0067608129832797;54 55 56 57,0 1 1 0,1 1 0 0,1.0108759159823129;54 55 56 57,0 1 1 1,1 0 1 0,1.0224378376124128;54 55 56 57,0 1 1 1,1 0 0 1,1.0302616568395788;54 55 56 57,0 1 1 1,1 1 0 0,1.0250992278499913;54 55 56 57,0 0 0 0,0 0 1 0,1.0098391326249991;54 55 56 57,0 0 0 0,0 0 0 1,1.0210512220801315;54 55 56 57,0 0 0 0,1 0 0 0,1.0138108018806247;54 55 56 57,0 0 0 0,0 1 0 0,1.0160807631689048;
58 59,0 0,1 0,0.0;58 59,0 0,0 1,0.0;
58 60,0 0,1 0,0.0;58 60,0 0,0 1,0.0;
60,0,1,0.0;
61 62,0 0,1 0,0.0;61 62,0 0,0 1,0.0;
55 61,0 0,0 1,0.0;55 61,0 0,1 0,0.0;
33 59 62 63,0 1 2 3,1 1 1 1,1.5447408127146969;33 59 62 63,0 0 1 2,1 0 1 1,1.0345380525720014;33 59 62 63,0 0 1 2,0 1 1 1,1.539619768833945;33 59 62 63,0 1 0 2,1 1 0 1,1.544209336787055;33 59 62 63,0 1 0 2,0 1 1 1,1.539619768833945;33 59 62 63,0 1 1 2,1 1 0 1,1.544209336787055;33 59 62 63,0 1 1 2,1 0 1 1,1.0273317164560827;33 59 62 63,0 0 0 1,1 0 0 1,1.032092931498038;33 59 62 63,0 0 0 1,0 1 0 1,1.5390882929063032;33 59 62 63,0 0 0 1,0 0 1 1,1.0212880288378972;33 59 62 63,0 1 2 0,1 1 1 0,1.5446549387317274;33 59 62 63,0 1 2 0,0 1 1 1,1.539619768833945;33 59 62 63,0 1 2 1,1 1 1 0,1.5446549387317274;33 59 62 63,0 1 2 1,1 0 1 1,1.0289552979463665;33 59 62 63,0 1 2 2,1 1 1 0,1.5446549387317274;33 59 62 63,0 1 2 2,1 1 0 1,1.544209336787055;33 59 62 63,0 0 1 0,1 0 1 0,1.0315320238241688;33 59 62 63,0 0 1 0,0 1 1 0,1.5395338948509756;33 59 62 63,0 0 1 0,0 0 1 1,1.0212880288378972;33 59 62 63,0 0 1 1,1 0 1 0,1.0232783772344796;33 59 62 63,0 0 1 1,1 0 0 1,1.0217243531144855;33 59 62 63,0 0 1 1,0 1 1 0,1.5395338948509756;33 59 62 63,0 0 1 1,0 1 0 1,1.5390882929063032;33 59 62 63,0 1 0 0,1 1 0 0,1.5441234628040856;33 59 62 63,0 1 0 0,0 1 1 0,1.5395338948509756;33 59 62 63,0 1 0 0,0 1 0 1,1.5390882929063032;33 59 62 63,0 1 0 1,1 1 0 0,1.5441234628040856;33 59 62 63,0 1 0 1,1 0 0 1,1.0138967094979385;33 59 62 63,0 1 0 1,0 1 1 0,1.5395338948509756;33 59 62 63,0 1 0 1,0 0 1 1,1.0067418109520383;33 59 62 63,0 1 1 0,1 1 0 0,1.5441234628040856;33 59 62 63,0 1 1 0,1 0 1 0,1.0130306029321883;33 59 62 63,0 1 1 0,0 1 0 1,1.5390882929063032;33 59 62 63,0 1 1 0,0 0 1 1,1.0051185459838292;33 59 62 63,0 1 1 1,1 1 0 0,1.5441234628040856;33 59 62 63,0 1 1 1,1 0 1 0,1.0299042989595188;33 59 62 63,0 1 1 1,1 0 0 1,1.03025229754815;33 59 62 63,0 0 0 0,1 0 0 0,1.025165586355529;33 59 62 63,0 0 0 0,0 1 0 0,1.5390024189233338;33 59 62 63,0 0 0 0,0 0 1 0,1.013157280099494;33 59 62 63,0 0 0 0,0 0 0 1,1.0118187716246183;
10 64,0 0,0 1,0.0;10 64,0 0,1 0,0.0;
64 65,0 0,1 0,0.0;64 65,0 0,0 1,0.0;
65 66 67 68,0 1 2 3,1 1 1 1,1.0658650940181538;65 66 67 68,0 0 1 2,1 0 1 1,1.0229365263224675;65 66 67 68,0 0 1 2,0 1 1 1,1.0333007620255406;65 66 67 68,0 1 0 2,1 1 0 1,1.030507990397353;65 66 67 68,0 1 0 2,0 1 1 1,1.037886049222662;65 66 67 68,0 1 1 2,1 1 0 1,1.0336382025572681;65 66 67 68,0 1 1 2,1 0 1 1,1.028926356734704;65 66 67 68,0 0 0 1,1 0 0 1,1.0197466527357875;65 66 67 68,0 0 0 1,0 1 0 1,1.030279850671806;65 66 67 68,0 0 0 1,0 0 1 1,1.0268260475075037;65 66 67 68,0 1 2 0,1 1 1 0,1.037518248054251;65 66 67 68,0 1 2 0,0 1 1 1,1.0416147964069482;65 66 67 68,0 1 2 1,1 1 1 0,1.036845016648418;65 66 67 68,0 1 2 1,1 0 1 1,1.0279158712960483;65 66 67 68,0 1 2 2,1 1 1 0,1.0307975101681923;65 66 67 68,0 1 2 2,1 1 0 1,1.0272380537359695;65 66 67 68,0 0 1 0,1 0 1 0,1.0242682488488626;65 66 67 68,0 0 1 0,0 1 1 0,1.0325794168669236;65 66 67 68,0 0 1 0,0 0 1 1,1.025204047245775;65 66 67 68,0 0 1 1,1 0 1 0,1.0077162375940154;65 66 67 68,0 0 1 1,1 0 0 1,1.0050507983999273;65 66 67 68,0 0 1 1,0 1 1 0,1.0157094332808898;65 66 67 68,0 0 1 1,0 1 0 1,1.0128798877829963;65 66 67 68,0 1 0 0,1 1 0 0,1.0249039594257772;65 66 67 68,0 1 0 0,0 1 1 0,1.0334431542681795;65 66 67 68,0 1 0 0,0 1 0 1,1.0286898095837451;65 66 67 68,0 1 0 1,1 1 0 0,1.0163194504212136;65 66 67 68,0 1 0 1,1 0 0 1,1.00945553131255;65 66 67 68,0 1 0 1,0 1 1 0,1.021518386426186;65 66 67 68,0 1 0 1,0 0 1 1,1.014251591352843;65 66 67 68,0 1 1 0,1 1 0 0,1.0185363639075984;65 66 67 68,0 1 1 0,1 0 1 0,1.0145015045884125;65 66 67 68,0 1 1 0,0 1 0 1,1.0207115819500217;65 66 67 68,0 1 1 0,0 0 1 1,1.0165581831218509;65 66 67 68,0 1 1 1,1 1 0 0,1.0315175806745216;65 66 67 68,0 1 1 1,1 0 1 0,1.023538584660598;65 66 67 68,0 1 1 1,1 0 0 1,1.0197626180695032;65 66 67 68,0 0 0 0,1 0 0 0,1.008459568224841;65 66 67 68,0 0 0 0,0 1 0 0,1.0205467177702472;65 66 67 68,0 0 0 0,0 0 1 0,1.0140478839770573;65 66 67 68,0 0 0 0,0 0 0 1,1.010809669890103;
66 69,0 0,1 0,0.0;66 69,0 0,0 1,0.0;
69 70,0 0,1 0,0.0;69 70,0 0,0 1,0.0;
71 72,0 0,0 1,0.0;71 72,0 0,1 0,0.0;
71 73 74,0 1 2,1 1 1,1.064150569532503;71 73 74,0 0 1,0 1 1,1.026251160759337;71 73 74,0 0 1,1 0 1,1.0156291965077648;71 73 74,0 1 0,0 1 1,1.0342638561352402;71 73 74,0 1 0,1 1 0,1.027201928526925;71 73 74,0 1 1,1 1 0,1.0278933780704984;71 73 74,0 1 1,1 0 1,1.0211011405142891;71 73 74,0 0 0,0 1 0,1.0186677501347348;71 73 74,0 0 0,0 0 1,1.0149640433153533;71 73 74,0 0 0,1 0 0,1.0113276270821008;
73 75,0 0,1 0,0.0;73 75,0 0,0 1,0.0;
75 76,0 0,1 0,0.0;75 76,0 0,0 1,0.0;
76 77 78 79,0 1 2 3,1 1 1 1,1.063579923748326;76 77 78 79,0 0 1 2,1 0 1 1,1.0231356049325813;76 77 78 79,0 0 1 2,0 1 1 1,1.0310582336311382;76 77 78 79,0 1 0 2,1 1 0 1,1.0282582285359638;76 77 78 79,0 1 0 2,0 1 1 1,1.034598312578061;76 77 78 79,0 1 1 2,1 1 0 1,1.033961238673642;76 77 78 79,0 1 1 2,1 0 1 1,1.0305690585518394;76 77 78 79,0 0 0 1,1 0 0 1,1.0240925164706436;76 77 78 79,0 0 0 1,0 1 0 1,1.0321170101649644;76 77 78 79,0 0 0 1,0 0 1 1,1.0250945963270888;76 77 78 79,0 1 2 0,1 1 1 0,1.0321616779897627;76 77 78 79,0 1 2 0,0 1 1 1,1.037967671714888;76 77 78 79,0 1 2 1,1 1 1 0,1.0319456143143615;76 77 78 79,0 1 2 1,1 0 1 1,1.0275686368382264;76 77 78 79,0 1 2 2,1 1 1 0,1.0279060147241807;76 77 78 79,0 1 2 2,1 1 0 1,1.0265401897395061;76 77 78 79,0 0 1 0,1 0 1 0,1.0204100237396962;76 77 78 79,0 0 1 0,0 1 1 0,1.0297104450569772;76 77 78 79,0 0 1 0,0 0 1 1,1.026648025507554;76 77 78 79,0 0 1 1,1 0 1 0,1.007393242336503;76 77 78 79,0 0 1 1,1 0 0 1,1.0061751344980998;76 77 78 79,0 0 1 1,0 1 1 0,1.0128947701143616;76 77 78 79,0 0 1 1,0 1 0 1,1.0116495955085825;76 77 78 79,0 1 0 0,1 1 0 0,1.020393968478284;76 77 78 79,0 1 0 0,0 1 1 0,1.0273608676664538;76 77 78 79,0 1 0 0,0 1 0 1,1.0264718705441973;76 77 78 79,0 1 0 1,1 1 0 0,1.0127171514538502;76 77 78 79,0 1 0 1,1 0 0 1,1.0095045613388145;76 77 78 79,0 1 0 1,0 1 1 0,1.0170101081442515;76 77 78 79,0 1 0 1,0 0 1 1,1.0135946937133158;76 77 78 79,0 1 1 0,1 1 0 0,1.0159217584518594;76 77 78 79,0 1 1 0,1 0 1 0,1.013729323603912;76 77 78 79,0 1 1 0,0 1 0 1,1.0194872468440328;76 77 78 79,0 1 1 0,0 0 1 1,1.0170501482658614;76 77 78 79,0 1 1 1,1 1 0 0,1.0353487702929896;76 77 78 79,0 1 1 1,1 0 1 0,1.0203380398656408;76 77 78 79,0 1 1 1,1 0 0 1,1.0240925164706436;76 77 78 79,0 0 0 0,1 0 0 0,1.0089384002878927;76 77 78 79,0 0 0 0,0 1 0 0,1.0217507426833887;76 77 78 79,0 0 0 0,0 0 1 0,1.0132228058241561;76 77 78 79,0 0 0 0,0 0 0 1,1.0139610150423786;
56 77,0 0,1 0,0.0;56 77,0 0,0 1,0.0;
80 81 82,0 1 2,1 1 1,1.0614363133606985;80 81 82,0 0 1,1 0 1,1.0234780663424496;80 81 82,0 0 1,0 1 1,1.0141941010267752;80 81 82,0 1 0,1 1 0,1.0259873264158341;80 81 82,0 1 0,0 1 1,1.0200022510872115;80 81 82,0 1 1,1 1 0,1.0233518073684;80 81 82,0 1 1,1 0 1,1.0290394040729924;80 81 82,0 0 0,1 0 0,1.018767372050085;80 81 82,0 0 0,0 1 0,1.0092262000605903;80 81 82,0 0 0,0 0 1,1.0139170999259641;
80 83,0 0,1 0,0.0;80 83,0 0,0 1,0.0;
83 84,0 0,1 0,0.0;83 84,0 0,0 1,0.0;
84 85 86,0 1 2,1 1 1,1.0625585552004402;84 85 86,0 0 1,1 0 1,1.0173537776258803;84 85 86,0 0 1,0 1 1,1.0231848107009216;84 85 86,0 1 0,1 1 0,1.020822751208434;84 85 86,0 1 0,0 1 1,1.0280954163052056;84 85 86,0 1 1,1 1 0,1.0237185450512838;84 85 86,0 1 1,1 0 1,1.0239032644292716;84 85 86,0 0 0,1 0 0,1.008569011409622;84 85 86,0 0 0,0 1 0,1.016043269296261;84 85 86,0 0 0,0 0 1,1.0182672086584317;
85 87,0 0,1 0,0.0;85 87,0 0,0 1,0.0;
87 88 89,0 1 2,1 1 1,1.0644445151293676;87 88 89,0 0 1,0 1 1,1.0252994704697265;87 88 89,0 0 1,1 0 1,1.0158862511809077;87 88 89,0 1 0,0 1 1,1.0292694523887573;87 88 89,0 1 0,1 1 0,1.025263629270203;87 88 89,0 1 1,1 1 0,1.0293745040370217;87 88 89,0 1 1,1 0 1,1.0220449768265547;87 88 89,0 0 0,0 1 0,1.0210782984154192;87 88 89,0 0 0,0 0 1,1.0130508593559533;87 88 89,0 0 0,1 0 0,1.0112652022712036;
88 90,0 0,1 0,0.0;88 90,0 0,0 1,0.0;
90 91,0 0,1 0,0.0;90 91,0 0,0 1,0.0;
91 92 93,0 1 2,1 1 1,1.0671973284033154;91 92 93,0 0 1,1 0 1,1.0149942635377625;91 92 93,0 0 1,0 1 1,1.0289801445949043;91 92 93,0 1 0,1 1 0,1.0316055171432628;91 92 93,0 1 0,0 1 1,1.0378388373166092;91 92 93,0 1 1,1 1 0,1.0303244049008033;91 92 93,0 1 1,1 0 1,1.0194793425578277;91 92 93,0 0 0,1 0 0,1.0095057196265504;91 92 93,0 0 0,0 1 0,1.0252296512232173;91 92 93,0 0 0,0 0 1,1.015670118763663;
92 94,0 0,1 0,0.0;92 94,0 0,0 1,0.0;
34 95 96 97,0 1 2 3,1 1 1 1,1.5470547343620176;34 95 96 97,0 0 1 2,1 0 1 1,1.5399472587557173;34 95 96 97,0 0 1 2,0 1 1 1,1.5469963935040572;34 95 96 97,0 1 0 2,0 1 1 1,1.5469963935040572;34 95 96 97,0 1 0 2,1 1 0 1,1.032857963860956;34 95 96 97,0 1 1 2,1 0 1 1,1.5399472587557173;34 95 96 97,0 1 1 2,1 1 0 1,1.0370568421102677;34 95 96 97,0 0 0 1,0 0 1 1,1.5398889178977568;34 95 96 97,0 0 0 1,1 0 0 1,1.0211436567063767;34 95 96 97,0 0 0 1,0 1 0 1,1.0332791612702688;34 95 96 97,0 1 2 0,0 1 1 1,1.5469963935040572;34 95 96 97,0 1 2 0,1 1 1 0,1.5461682353875945;34 95 96 97,0 1 2 1,1 0 1 1,1.5399472587557173;34 95 96 97,0 1 2 1,1 1 1 0,1.5461682353875945;34 95 96 97,0 1 2 2,1 1 1 0,1.5461682353875945;34 95 96 97,0 1 2 2,1 1 0 1,1.0302012034687282;34 95 96 97,0 0 1 0,0 0 1 1,1.5398889178977568;34 95 96 97,0 0 1 0,1 0 1 0,1.5390607597812942;34 95 96 97,0 0 1 0,0 1 1 0,1.546109894529634;34 95 96 97,0 0 1 1,1 0 1 0,1.5390607597812942;34 95 96 97,0 0 1 1,1 0 0 1,1.0056939173532977;34 95 96 97,0 0 1 1,0 1 1 0,1.546109894529634;34 95 96 97,0 0 1 1,0 1 0 1,1.0155295096135086;34 95 96 97,0 1 0 0,0 1 1 0,1.546109894529634;34 95 96 97,0 1 0 0,0 1 0 1,1.0338104907869932;34 95 96 97,0 1 0 0,1 1 0 0,1.0292429078466345;34 95 96 97,0 1 0 1,0 0 1 1,1.5398889178977568;34 95 96 97,0 1 0 1,0 1 1 0,1.546109894529634;34 95 96 97,0 1 0 1,1 0 0 1,1.0084852230389565;34 95 96 97,0 1 0 1,1 1 0 0,1.017022967140541;34 95 96 97,0 1 1 0,0 0 1 1,1.5398889178977568;34 95 96 97,0 1 1 0,0 1 0 1,1.024990596252262;34 95 96 97,0 1 1 0,1 0 1 0,1.5390607597812942;34 95 96 97,0 1 1 0,1 1 0 0,1.0225964320950507;34 95 96 97,0 1 1 1,1 0 1 0,1.5390607597812942;34 95 96 97,0 1 1 1,1 0 0 1,1.0211436567063767;34 95 96 97,0 1 1 1,1 1 0 0,1.0345035393030664;34 95 96 97,0 0 0 0,0 0 1 0,1.5390024189233338;34 95 96 97,0 0 0 0,0 0 0 1,1.0132286955275012;34 95 96 97,0 0 0 0,1 0 0 0,1.0093982977614864;34 95 96 97,0 0 0 0,0 1 0 0,1.026077626713498;
95 98,0 0,0 1,0.0;95 98,0 0,1 0,0.0;
98 99,0 0,1 0,0.0;98 99,0 0,0 1,0.0;
99 100 101,0 1 2,1 1 1,1.5455542694735112;99 100 101,0 0 1,1 0 1,1.5390239084590336;99 100 101,0 0 1,0 1 1,1.5455327799378114;99 100 101,0 1 0,1 1 0,1.0252830747771424;99 100 101,0 1 0,0 1 1,1.5455327799378114;99 100 101,0 1 1,1 1 0,1.0298606332689637;99 100 101,0 1 1,1 0 1,1.5390239084590336;99 100 101,0 0 0,1 0 0,1.010338286332122;99 100 101,0 0 0,0 1 0,1.021971385983879;99 100 101,0 0 0,0 0 1,1.5390024189233338;
100 102,0 0,1 0,0.0;100 102,0 0,0 1,0.0;
23 43,0 0,0 1,0.0;23 43,0 0,1 0,0.0;
40 103,0 0,1 0,0.0;40 103,0 0,0 1,0.0;
103 104,0 0,0 1,0.0;103 104,0 0,1 0,0.0;
104 105 106,0 1 2,1 1 1,1.5413791420268814;104 105 106,0 0 1,1 0 1,1.5392091481835486;104 105 106,0 0 1,0 1 1,1.5411724127666666;104 105 106,0 1 0,1 1 0,1.0265580006970536;104 105 106,0 1 0,0 1 1,1.5411724127666666;104 105 106,0 1 1,1 1 0,1.0273157255446286;104 105 106,0 1 1,1 0 1,1.5392091481835486;104 105 106,0 0 0,1 0 0,1.0129055205253903;104 105 106,0 0 0,0 1 0,1.0181005932653553;104 105 106,0 0 0,0 0 1,1.5390024189233338;
105 107,0 0,1 0,0.0;105 107,0 0,0 1,0.0;
107 108,0 0,1 0,0.0;107 108,0 0,0 1,0.0;
108 109 110,0 1 2,1 1 1,1.541421378759492;108 109 110,0 0 1,1 0 1,1.5392485751813716;108 109 110,0 0 1,0 1 1,1.541175222501454;108 109 110,0 1 0,1 1 0,1.0245225029099527;108 109 110,0 1 0,0 1 1,1.541175222501454;108 109 110,0 1 1,1 1 0,1.0236456597494907;108 109 110,0 1 1,1 0 1,1.5392485751813716;108 109 110,0 0 0,1 0 0,1.0087289360933782;108 109 110,0 0 0,0 1 0,1.0163835980211455;108 109 110,0 0 0,0 0 1,1.5390024189233338;
109 111,0 0,1 0,0.0;109 111,0 0,0 1,0.0;
111 112,0 0,0 1,0.0;111 112,0 0,1 0,0.0;
112 113 114,0 1 2,1 1 1,1.5410932183969597;112 113 114,0 0 1,1 0 1,1.5391454136455454;112 113 114,0 0 1,0 1 1,1.540950223674748;112 113 114,0 1 0,1 1 0,1.0225350513567413;112 113 114,0 1 0,0 1 1,1.540950223674748;112 113 114,0 1 1,1 1 0,1.0232869400181794;112 113 114,0 1 1,1 0 1,1.5391454136455454;112 113 114,0 0 0,1 0 0,1.0079345353324891;112 113 114,0 0 0,0 1 0,1.0163161375163356;112 113 114,0 0 0,0 0 1,1.5390024189233338;
113 115,0 0,1 0,0.0;113 115,0 0,0 1,0.0;
115 116 117,0 1 2,1 1 1,1.0623134938227243;115 116 117,0 0 1,1 0 1,1.0159117984329642;115 116 117,0 0 1,0 1 1,1.0235229306855553;115 116 117,0 1 0,1 1 0,1.0276943165232675;115 116 117,0 1 0,0 1 1,1.031496913648836;115 116 117,0 1 1,1 1 0,1.0278425008892202;115 116 117,0 1 1,1 0 1,1.0215384891103478;115 116 117,0 0 0,1 0 0,1.0123009344461833;115 116 117,0 0 0,0 1 0,1.0185124235209584;115 116 117,0 0 0,0 0 1,1.0128948212405486;
116 118,0 0,1 0,0.0;116 118,0 0,0 1,0.0;
118 119,0 0,1 0,0.0;118 119,0 0,0 1,0.0;
119 120 121 122,0 1 2 3,1 1 1 1,1.5414075108297145;119 120 121 122,0 0 1 2,0 1 1 1,1.5411538569657734;119 120 121 122,0 0 1 2,1 0 1 1,1.5408965906286003;119 120 121 122,0 1 0 2,0 1 1 1,1.5411538569657734;119 120 121 122,0 1 0 2,1 1 0 1,1.0280593065679526;119 120 121 122,0 1 1 2,1 1 0 1,1.0239581000401763;119 120 121 122,0 1 1 2,1 0 1 1,1.5408965906286003;119 120 121 122,0 0 0 1,0 1 0 1,1.0273145389522376;119 120 121 122,0 0 0 1,0 0 1 1,1.5406429367646592;119 120 121 122,0 0 0 1,1 0 0 1,1.022025401184442;119 120 121 122,0 1 2 0,0 1 1 1,1.5411538569657734;119 120 121 122,0 1 2 0,1 1 1 0,1.539766992988389;119 120 121 122,0 1 2 1,1 1 1 0,1.539766992988389;119 120 121 122,0 1 2 1,1 0 1 1,1.5408965906286003;119 120 121 122,0 1 2 2,1 1 1 0,1.539766992988389;119 120 121 122,0 1 2 2,1 1 0 1,1.030309769625617;119 120 121 122,0 0 1 0,0 1 1 0,1.539513339124448;119 120 121 122,0 0 1 0,0 0 1 1,1.5406429367646592;119 120 121 122,0 0 1 0,1 0 1 0,1.5392560727872746;119 120 121 122,0 0 1 1,0 1 1 0,1.539513339124448;119 120 121 122,0 0 1 1,0 1 0 1,1.0177126527313638;119 120 121 122,0 0 1 1,1 0 1 0,1.5392560727872746;119 120 121 122,0 0 1 1,1 0 0 1,1.0174080836177648;119 120 121 122,0 1 0 0,0 1 1 0,1.539513339124448;119 120 121 122,0 1 0 0,0 1 0 1,1.0262034757335796;119 120 121 122,0 1 0 0,1 1 0 0,1.0201563670142764;119 120 121 122,0 1 0 1,0 1 1 0,1.539513339124448;119 120 121 122,0 1 0 1,0 0 1 1,1.5406429367646592;119 120 121 122,0 1 0 1,1 1 0 0,1.0085273564699788;119 120 121 122,0 1 0 1,1 0 0 1,1.0124339090771814;119 120 121 122,0 1 1 0,0 1 0 1,1.009041990231912;119 120 121 122,0 1 1 0,0 0 1 1,1.5406429367646592;119 120 121 122,0 1 1 0,1 1 0 0,1.0053943012229551;119 120 121 122,0 1 1 0,1 0 1 0,1.5392560727872746;119 120 121 122,0 1 1 1,1 1 0 0,1.0201563670142764;119 120 121 122,0 1 1 1,1 0 1 0,1.5392560727872746;119 120 121 122,0 1 1 1,1 0 0 1,1.0260364412607306;119 120 121 122,0 0 0 0,0 1 0 0,1.0110953983359843;119 120 121 122,0 0 0 0,0 0 1 0,1.5390024189233338;119 120 121 122,0 0 0 0,0 0 0 1,1.0171775263588283;119 120 121 122,0 0 0 0,1 0 0 0,1.0104730588815711;
123 124 125 126,0 1 2 3,1 1 1 1,1.540854549996876;123 124 125 126,0 0 1 2,1 0 1 1,1.5407653229499811;123 124 125 126,0 0 1 2,0 1 1 1,1.540104000276029;123 124 125 126,0 1 0 2,1 1 0 1,1.539842195691076;123 124 125 126,0 1 0 2,0 1 1 1,1.540104000276029;123 124 125 126,0 1 1 2,1 1 0 1,1.539842195691076;123 124 125 126,0 1 1 2,1 0 1 1,1.5407653229499811;123 124 125 126,0 0 0 1,1 0 0 1,1.539752968644181;123 124 125 126,0 0 0 1,0 1 0 1,1.5390916459702288;123 124 125 126,0 0 0 1,0 0 1 1,1.5400147732291338;123 124 125 126,0 1 2 0,1 1 1 0,1.0246241934392135;123 124 125 126,0 1 2 0,0 1 1 1,1.540104000276029;123 124 125 126,0 1 2 1,1 1 1 0,1.0302926461641904;123 124 125 126,0 1 2 1,1 0 1 1,1.5407653229499811;123 124 125 126,0 1 2 2,1 1 1 0,1.028375368072456;123 124 125 126,0 1 2 2,1 1 0 1,1.539842195691076;123 124 125 126,0 0 1 0,1 0 1 0,1.0266080216622782;123 124 125 126,0 0 1 0,0 1 1 0,1.0201838319268886;123 124 125 126,0 0 1 0,0 0 1 1,1.5400147732291338;123 124 125 126,0 0 1 1,1 0 1 0,1.0162254229487977;123 124 125 126,0 0 1 1,1 0 0 1,1.539752968644181;123 124 125 126,0 0 1 1,0 1 1 0,1.0147085503655944;123 124 125 126,0 0 1 1,0 1 0 1,1.5390916459702288;123 124 125 126,0 1 0 0,1 1 0 0,1.0194515650140472;123 124 125 126,0 1 0 0,0 1 1 0,1.025801505548994;123 124 125 126,0 1 0 0,0 1 0 1,1.5390916459702288;123 124 125 126,0 1 0 1,1 1 0 0,1.0111057514720954;123 124 125 126,0 1 0 1,1 0 0 1,1.539752968644181;123 124 125 126,0 1 0 1,0 1 1 0,1.0140239859809788;123 124 125 126,0 1 0 1,0 0 1 1,1.5400147732291338;123 124 125 126,0 1 1 0,1 1 0 0,1.0061391860527642;123 124 125 126,0 1 1 0,1 0 1 0,1.0095103472400413;123 124 125 126,0 1 1 0,0 1 0 1,1.5390916459702288;123 124 125 126,0 1 1 0,0 0 1 1,1.5400147732291338;123 124 125 126,0 1 1 1,1 1 0 0,1.019901147458767;123 124 125 126,0 1 1 1,1 0 1 0,1.0270603030555476;123 124 125 126,0 1 1 1,1 0 0 1,1.539752968644181;123 124 125 126,0 0 0 0,1 0 0 0,1.0111363458679488;123 124 125 126,0 0 0 0,0 1 0 0,1.008299251089828;123 124 125 126,0 0 0 0,0 0 1 0,1.015976155283036;123 124 125 126,0 0 0 0,0 0 0 1,1.5390024189233338;
127 128 129,0 1 2,1 1 1,1.5405484752431344;127 128 129,0 0 1,0 1 1,1.0245956587689204;127 128 129,0 0 1,1 0 1,1.5404734060192826;127 128 129,0 1 0,0 1 1,1.022302704344876;127 128 129,0 1 0,1 1 0,1.5390774881471854;127 128 129,0 1 1,1 1 0,1.5390774881471854;127 128 129,0 1 1,1 0 1,1.5404734060192826;127 128 129,0 0 0,0 1 0,1.00911334649018;127 128 129,0 0 0,0 0 1,1.0171066289753021;127 128 129,0 0 0,1 0 0,1.5390024189233338;
130 131 132,0 1 2,1 1 1,1.0638582813936437;130 131 132,0 0 1,1 0 1,1.0283344063566715;130 131 132,0 0 1,0 1 1,1.0234573482723772;130 131 132,0 1 0,1 1 0,1.0248872444140604;130 131 132,0 1 0,0 1 1,1.016411886330196;130 131 132,0 1 1,1 1 0,1.027648465376855;130 131 132,0 1 1,1 0 1,1.0223304069350063;130 131 132,0 0 0,1 0 0,1.0213875347376329;130 131 132,0 0 0,0 1 0,1.0140697064047672;130 131 132,0 0 0,0 0 1,1.0119333465602374;
130 133,0 0,1 0,0.0;130 133,0 0,0 1,0.0;
133 134,0 0,1 0,0.0;133 134,0 0,0 1,0.0;
134 135 136 137,0 1 2 3,1 1 1 1,1.5430927211589114;134 135 136 137,0 0 1 2,1 0 1 1,1.5394453471790075;134 135 136 137,0 0 1 2,0 1 1 1,1.5429201915479633;134 135 136 137,0 1 0 2,0 1 1 1,1.5429201915479633;134 135 136 137,0 1 0 2,1 1 0 1,1.5428223225141862;134 135 136 137,0 1 1 2,1 0 1 1,1.5394453471790075;134 135 136 137,0 1 1 2,1 1 0 1,1.5428223225141862;134 135 136 137,0 0 0 1,0 0 1 1,1.5392728175680594;134 135 136 137,0 0 0 1,1 0 0 1,1.539174948534282;134 135 136 137,0 0 0 1,0 1 0 1,1.5426497929032377;134 135 136 137,0 1 2 0,0 1 1 1,1.5429201915479633;134 135 136 137,0 1 2 0,1 1 1 0,1.0287188488182875;134 135 136 137,0 1 2 1,1 0 1 1,1.5394453471790075;134 135 136 137,0 1 2 1,1 1 1 0,1.0322451952218687;134 135 136 137,0 1 2 2,1 1 1 0,1.0254764867302515;134 135 136 137,0 1 2 2,1 1 0 1,1.5428223225141862;134 135 136 137,0 0 1 0,0 0 1 1,1.5392728175680594;134 135 136 137,0 0 1 0,1 0 1 0,1.0204306520058959;134 135 136 137,0 0 1 0,0 1 1 0,1.0282980851387298;134 135 136 137,0 0 1 1,1 0 1 0,1.004933812754419;134 135 136 137,0 0 1 1,1 0 0 1,1.539174948534282;134 135 136 137,0 0 1 1,0 1 1 0,1.010788303186316;134 135 136 137,0 0 1 1,0 1 0 1,1.5426497929032377;134 135 136 137,0 1 0 0,0 1 1 0,1.0303700860408018;134 135 136 137,0 1 0 0,0 1 0 1,1.5426497929032377;134 135 136 137,0 1 0 0,1 1 0 0,1.0241875763505794;134 135 136 137,0 1 0 1,0 0 1 1,1.5392728175680594;134 135 136 137,0 1 0 1,0 1 1 0,1.020131718727369;134 135 136 137,0 1 0 1,1 0 0 1,1.539174948534282;134 135 136 137,0 1 0 1,1 1 0 0,1.0199540948981547;134 135 136 137,0 1 1 0,0 0 1 1,1.5392728175680594;134 135 136 137,0 1 1 0,0 1 0 1,1.5426497929032377;134 135 136 137,0 1 1 0,1 0 1 0,1.0074018447267148;134 135 136 137,0 1 1 0,1 1 0 0,1.01355240139296;134 135 136 137,0 1 1 1,1 0 1 0,1.0204306520058959;134 135 136 137,0 1 1 1,1 0 0 1,1.539174948534282;134 135 136 137,0 1 1 1,1 1 0 0,1.0277664793414005;134 135 136 137,0 0 0 0,0 0 1 0,1.0116896010403957;134 135 136 137,0 0 0 0,0 0 0 1,1.5390024189233338;134 135 136 137,0 0 0 0,1 0 0 0,1.0111004040903264;134 135 136 137,0 0 0 0,0 1 0 0,1.01995643521716;
135 138,0 0,0 1,0.0;135 138,0 0,1 0,0.0;
138 139,0 0,1 0,0.0;138 139,0 0,0 1,0.0;
102 140,0 0,0 1,0.0;102 140,0 0,1 0,0.0;
141 142,0 0,1 0,0.0;141 142,0 0,0 1,0.0;
141 143,0 0,1 0,0.0;141 143,0 0,0 1,0.0;
143,0,1,0.0;
94 144,0 0,0 1,0.0;94 144,0 0,1 0,0.0;
144 145 146 147,0 1 2 3,1 1 1 1,1.0656869505079394;144 145 146 147,0 0 1 2,1 0 1 1,1.0222365661914845;144 145 146 147,0 0 1 2,0 1 1 1,1.0334375213118685;144 145 146 147,0 1 0 2,1 1 0 1,1.03433670931242;144 145 146 147,0 1 0 2,0 1 1 1,1.040378943061168;144 145 146 147,0 1 1 2,1 1 0 1,1.0354895188979079;144 145 146 147,0 1 1 2,1 0 1 1,1.0275397879799981;144 145 146 147,0 0 0 1,1 0 0 1,1.0212130263940666;144 145 146 147,0 0 0 1,0 1 0 1,1.033643851312168;144 145 146 147,0 0 0 1,0 0 1 1,1.026527121904009;144 145 146 147,0 1 2 0,1 1 1 0,1.0334694161457518;144 145 146 147,0 1 2 0,0 1 1 1,1.0401472873846607;144 145 146 147,0 1 2 1,1 1 1 0,1.0347659930417223;144 145 146 147,0 1 2 1,1 0 1 1,1.0275409113446232;144 145 146 147,0 1 2 2,1 1 1 0,1.0285697615103502;144 145 146 147,0 1 2 2,1 1 0 1,1.029188135003878;144 145 146 147,0 0 1 0,1 0 1 0,1.0225748883236334;144 145 146 147,0 0 1 0,0 1 1 0,1.0301242434298845;144 145 146 147,0 0 1 0,0 0 1 1,1.0268412679680388;144 145 146 147,0 0 1 1,1 0 1 0,1.0057168330490647;144 145 146 147,0 0 1 1,1 0 0 1,1.0062235439500589;144 145 146 147,0 0 1 1,0 1 1 0,1.014079671896516;144 145 146 147,0 0 1 1,0 1 0 1,1.0146096373519808;144 145 146 147,0 1 0 0,1 1 0 0,1.0240830132622818;144 145 146 147,0 1 0 0,0 1 1 0,1.0311958215925299;144 145 146 147,0 1 0 0,0 1 0 1,1.0297763626345304;144 145 146 147,0 1 0 1,1 1 0 0,1.0175338680689983;144 145 146 147,0 1 0 1,1 0 0 1,1.0118143038380218;144 145 146 147,0 1 0 1,0 1 1 0,1.0211721988950146;144 145 146 147,0 1 0 1,0 0 1 1,1.0151296130291885;144 145 146 147,0 1 1 0,1 1 0 0,1.0174385517777917;144 145 146 147,0 1 1 0,1 0 1 0,1.0111790913993122;144 145 146 147,0 1 1 0,0 1 0 1,1.0216622137204616;144 145 146 147,0 1 1 0,0 0 1 1,1.0150319348988124;144 145 146 147,0 1 1 1,1 1 0 0,1.033301005241452;144 145 146 147,0 1 1 1,1 0 1 0,1.0205403790812781;144 145 146 147,0 1 1 1,1 0 0 1,1.022033421277483;144 145 146 147,0 0 0 0,1 0 0 0,1.0071086944622796;144 145 146 147,0 0 0 0,0 1 0 0,1.020925827892391;144 145 146 147,0 0 0 0,0 0 1 0,1.0115966888213548;144 145 146 147,0 0 0 0,0 0 0 1,1.0122773505595468;
145 148,0 0,1 0,0.0;145 148,0 0,0 1,0.0;
148 149,0 0,1 0,0.0;148 149,0 0,0 1,0.0;
149 150 151,0 1 2,1 1 1,1.5433935387338338;149 150 151,0 0 1,1 0 1,1.539069030995891;149 150 151,0 0 1,0 1 1,1.5433269266612766;149 150 151,0 1 0,1 1 0,1.0272785325085112;149 150 151,0 1 0,0 1 1,1.5433269266612766;149 150 151,0 1 1,1 1 0,1.0256286211560253;149 150 151,0 1 1,1 0 1,1.539069030995891;149 150 151,0 0 0,1 0 0,1.010234435262346;149 150 151,0 0 0,0 1 0,1.0179134757302168;149 150 151,0 0 0,0 0 1,1.5390024189233338;
150 152,0 0,0 1,0.0;150 152,0 0,1 0,0.0;
152 153,0 0,1 0,0.0;152 153,0 0,0 1,0.0;
153 154 155 156,0 1 2 3,1 1 1 1,1.543576599158131;153 154 155 156,0 0 1 2,1 0 1 1,1.5396419002756538;153 154 155 156,0 0 1 2,0 1 1 1,1.543455586722178;153 154 155 156,0 1 0 2,1 1 0 1,1.0351883981010708;153 154 155 156,0 1 0 2,0 1 1 1,1.543455586722178;153 154 155 156,0 1 1 2,1 1 0 1,1.0328144415607532;153 154 155 156,0 1 1 2,1 0 1 1,1.5396419002756538;153 154 155 156,0 0 0 1,1 0 0 1,1.0211678015291126;153 154 155 156,0 0 0 1,0 1 0 1,1.0301678158249585;153 154 155 156,0 0 0 1,0 0 1 1,1.5395208878397006;153 154 155 156,0 1 2 0,1 1 1 0,1.5430581302417643;153 154 155 156,0 1 2 0,0 1 1 1,1.543455586722178;153 154 155 156,0 1 2 1,1 1 1 0,1.5430581302417643;153 154 155 156,0 1 2 1,1 0 1 1,1.5396419002756538;153 154 155 156,0 1 2 2,1 1 1 0,1.5430581302417643;153 154 155 156,0 1 2 2,1 1 0 1,1.027277247914811;153 154 155 156,0 0 1 0,1 0 1 0,1.539123431359287;153 154 155 156,0 0 1 0,0 1 1 0,1.542937117805811;153 154 155 156,0 0 1 0,0 0 1 1,1.5395208878397006;153 154 155 156,0 0 1 1,1 0 1 0,1.539123431359287;153 154 155 156,0 0 1 1,1 0 0 1,1.0056346943519463;153 154 155 156,0 0 1 1,0 1 1 0,1.542937117805811;153 154 155 156,0 0 1 1,0 1 0 1,1.0124159600316651;153 154 155 156,0 1 0 0,1 1 0 0,1.0238927844438734;153 154 155 156,0 1 0 0,0 1 1 0,1.542937117805811;153 154 155 156,0 1 0 0,0 1 0 1,1.030633080034567;153 154 155 156,0 1 0 1,1 1 0 0,1.0180102925173498;153 154 155 156,0 1 0 1,1 0 0 1,1.012533171676693;153 154 155 156,0 1 0 1,0 1 1 0,1.542937117805811;153 154 155 156,0 1 0 1,0 0 1 1,1.5395208878397006;153 154 155 156,0 1 1 0,1 1 0 0,1.0148712523592711;153 154 155 156,0 1 1 0,1 0 1 0,1.539123431359287;153 154 155 156,0 1 1 0,0 1 0 1,1.0175500083924909;153 154 155 156,0 1 1 0,0 0 1 1,1.5395208878397006;153 154 155 156,0 1 1 1,1 1 0 0,1.0329180016684905;153 154 155 156,0 1 1 1,1 0 1 0,1.539123431359287;153 154 155 156,0 1 1 1,1 0 0 1,1.0208760939707866;153 154 155 156,0 0 0 0,1 0 0 0,1.0080859745254271;153 154 155 156,0 0 0 0,0 1 0 0,1.020876005522648;153 154 155 156,0 0 0 0,0 0 1 0,1.5390024189233338;153 154 155 156,0 0 0 0,0 0 0 1,1.0118063332852831;
139 157 158,0 1 2,1 1 1,1.062768894838993;139 157 158,0 0 1,1 0 1,1.0157864203279;139 157 158,0 0 1,0 1 1,1.023885503169523;139 157 158,0 1 0,1 1 0,1.0225421028331607;139 157 158,0 1 0,0 1 1,1.0274417368691666;139 157 158,0 1 1,1 1 0,1.0283781740875657;139 157 158,0 1 1,1 0 1,1.0232794610700569;139 157 158,0 0 0,1 0 0,1.012767963812306;139 157 158,0 0 0,0 1 0,1.0216874396426459;139 157 158,0 0 0,0 0 1,1.0140813462068654;
157 159,0 0,1 0,0.0;157 159,0 0,0 1,0.0;
159 160 161,0 1 2,1 1 1,1.5435088583610868;159 160 161,0 0 1,0 1 1,1.5433553958357562;159 160 161,0 0 1,1 0 1,1.5391558814486643;159 160 161,0 1 0,0 1 1,1.5433553958357562;159 160 161,0 1 0,1 1 0,1.0237008956522784;159 160 161,0 1 1,1 1 0,1.028347534730704;159 160 161,0 1 1,1 0 1,1.5391558814486643;159 160 161,0 0 0,0 1 0,1.0204005843458468;159 160 161,0 0 0,0 0 1,1.5390024189233338;159 160 161,0 0 0,1 0 0,1.010955365116594;
160 162,0 0,1 0,0.0;160 162,0 0,0 1,0.0;
162 163 164,0 1 2,1 1 1,1.0594657812294572;162 163 164,0 0 1,1 0 1,1.0216209491886232;162 163 164,0 0 1,0 1 1,1.0278563529541673;162 163 164,0 1 0,1 1 0,1.014868970485234;162 163 164,0 1 0,0 1 1,1.0214069598940443;162 163 164,0 1 1,1 1 0,1.0206620164990112;162 163 164,0 1 1,1 0 1,1.0237993543403157;162 163 164,0 0 0,1 0 0,1.0116601641473104;162 163 164,0 0 0,0 1 0,1.0151207641340572;162 163 164,0 0 0,0 0 1,1.0149543291682788;
165 166 167,0 1 2,1 1 1,1.540556567210476;165 166 167,0 0 1,1 0 1,1.5405549028714378;165 166 167,0 0 1,0 1 1,1.0189579517888918;165 166 167,0 1 0,1 1 0,1.539004083262372;165 166 167,0 1 0,0 1 1,1.0250519770316944;165 166 167,0 1 1,1 1 0,1.539004083262372;165 166 167,0 1 1,1 0 1,1.5405549028714378;165 166 167,0 0 0,1 0 0,1.5390024189233338;165 166 167,0 0 0,0 1 0,1.011486830013875;165 166 167,0 0 0,0 0 1,1.018513660529883;
168 169 170,0 1 2,1 1 1,1.5399021568443936;168 169 170,0 0 1,1 0 1,1.53989963747977;168 169 170,0 0 1,0 1 1,1.0211161948294092;168 169 170,0 1 0,1 1 0,1.5390049382879571;168 169 170,0 1 0,0 1 1,1.02379724720909;168 169 170,0 1 1,1 1 0,1.5390049382879571;168 169 170,0 1 1,1 0 1,1.53989963747977;168 169 170,0 0 0,1 0 0,1.5390024189233338;168 169 170,0 0 0,0 1 0,1.0094534085209006;168 169 170,0 0 0,0 0 1,1.016691353038182;
171 172 173,0 1 2,1 1 1,1.543602717178158;171 172 173,0 0 1,1 0 1,1.0279745730958882;171 172 173,0 0 1,0 1 1,1.53900910081579;171 172 173,0 1 0,1 1 0,1.5435960352857019;171 172 173,0 1 0,0 1 1,1.53900910081579;171 172 173,0 1 1,1 1 0,1.5435960352857019;171 172 173,0 1 1,1 0 1,1.0225966311958106;171 172 173,0 0 0,1 0 0,1.0202225861736085;171 172 173,0 0 0,0 1 0,1.5390024189233338;171 172 173,0 0 0,0 0 1,1.0112026364579672;
171 174,0 0,1 0,0.0;171 174,0 0,0 1,0.0;
174 175,0 0,1 0,0.0;174 175,0 0,0 1,0.0;
175 176 177,0 1 2,1 1 1,1.5412257440732788;175 176 177,0 0 1,0 1 1,1.5411746889276596;175 176 177,0 0 1,1 0 1,1.0163902989634936;175 176 177,0 1 0,0 1 1,1.5411746889276596;175 176 177,0 1 0,1 1 0,1.539053474068953;175 176 177,0 1 1,1 1 0,1.539053474068953;175 176 177,0 1 1,1 0 1,1.0209727074331982;175 176 177,0 0 0,0 1 0,1.5390024189233338;175 176 177,0 0 0,0 0 1,1.0165541242650236;175 176 177,0 0 0,1 0 0,1.010746094100416;
176 178,0 0,1 0,0.0;176 178,0 0,0 1,0.0;
178 179,0 0,1 0,0.0;178 179,0 0,0 1,0.0;
179 180 181,0 1 2,1 1 1,1.541688505925232;179 180 181,0 0 1,1 0 1,1.5406247931528978;179 180 181,0 0 1,0 1 1,1.0220520186385813;179 180 181,0 1 0,1 1 0,1.540066131695668;179 180 181,0 1 0,0 1 1,1.0292120089524126;179 180 181,0 1 1,1 1 0,1.540066131695668;179 180 181,0 1 1,1 0 1,1.5406247931528978;179 180 181,0 0 0,1 0 0,1.5390024189233338;179 180 181,0 0 0,0 1 0,1.0132660015838917;179 180 181,0 0 0,0 0 1,1.0156405618263409;
180 182,0 0,1 0,0.0;180 182,0 0,0 1,0.0;
182 183 184,0 1 2,1 1 1,1.5410926995247518;182 183 184,0 0 1,1 0 1,1.0168584236112432;182 183 184,0 0 1,0 1 1,1.5408693822245867;182 183 184,0 1 0,0 1 1,1.5408693822245867;182 183 184,0 1 0,1 1 0,1.5392257362234987;182 183 184,0 1 1,1 0 1,1.022489299142586;182 183 184,0 1 1,1 1 0,1.5392257362234987;182 183 184,0 0 0,0 0 1,1.0170202849453645;182 183 184,0 0 0,1 0 0,1.0093091762657238;182 183 184,0 0 0,0 1 0,1.5390024189233338;
183 185,0 0,0 1,0.0;183 185,0 0,1 0,0.0;
154 186,0 0,0 1,0.0;154 186,0 0,1 0,0.0;
186 187 188,0 1 2,1 1 1,1.5392808269062377;186 187 188,0 0 1,1 0 1,1.01475340175206;186 187 188,0 0 1,0 1 1,1.5392360391942284;186 187 188,0 1 0,1 1 0,1.5390472066353431;186 187 188,0 1 0,0 1 1,1.5392360391942284;186 187 188,0 1 1,1 1 0,1.5390472066353431;186 187 188,0 1 1,1 0 1,1.0172980107497684;186 187 188,0 0 0,1 0 0,1.0147232849046346;186 187 188,0 0 0,0 1 0,1.5390024189233338;186 187 188,0 0 0,0 0 1,1.012899638750891;
187 189,0 0,1 0,0.0;187 189,0 0,0 1,0.0;
185 190,0 0,1 0,0.0;185 190,0 0,0 1,0.0;
190 191 192,0 1 2,1 1 1,1.5390024189233338;190 191 192,0 0 1,1 0 1,1.5390024189233338;190 191 192,0 0 1,0 1 1,1.5390024189233338;190 191 192,0 1 0,0 1 1,1.5390024189233338;190 191 192,0 1 0,1 1 0,1.5390024189233338;190 191 192,0 1 1,1 0 1,1.5390024189233338;190 191 192,0 1 1,1 1 0,1.5390024189233338;190 191 192,0 0 0,0 0 1,1.5390024189233338;190 191 192,0 0 0,1 0 0,1.5390024189233338;190 191 192,0 0 0,0 1 0,1.5390024189233338;
191 193,0 0,0 1,0.0;191 193,0 0,1 0,0.0;
193 194,0 0,1 0,0.0;193 194,0 0,0 1,0.0;
194 195 196,0 1 2,1 1 1,1.5390024189233338;194 195 196,0 0 1,1 0 1,1.5390024189233338;194 195 196,0 0 1,0 1 1,1.5390024189233338;194 195 196,0 1 0,1 1 0,1.5390024189233338;194 195 196,0 1 0,0 1 1,1.5390024189233338;194 195 196,0 1 1,1 1 0,1.5390024189233338;194 195 196,0 1 1,1 0 1,1.5390024189233338;194 195 196,0 0 0,1 0 0,1.5390024189233338;194 195 196,0 0 0,0 1 0,1.5390024189233338;194 195 196,0 0 0,0 0 1,1.5390024189233338;
195 197,0 0,1 0,0.0;195 197,0 0,0 1,0.0;
189 198,0 0,1 0,0.0;189 198,0 0,0 1,0.0;
198,0,1,0.0;
197 199,0 0,1 0,0.0;197 199,0 0,0 1,0.0;
199,0,1,0.0;
47 200,0 0,0 1,0.0;47 200,0 0,1 0,0.0;
45 70 72 200,0 1 2 3,1 1 1 1,1.069666757929286;45 70 72 200,0 0 1 2,1 0 1 1,1.049405635131451;45 70 72 200,0 0 1 2,0 1 1 1,1.045687019949977;45 70 72 200,0 1 0 2,0 1 1 1,1.0378567384451103;45 70 72 200,0 1 0 2,1 1 0 1,1.0287993451050736;45 70 72 200,0 1 1 2,1 0 1 1,1.037282993388688;45 70 72 200,0 1 1 2,1 1 0 1,1.0268049871345188;45 70 72 200,0 0 0 1,0 0 1 1,1.0421288273761178;45 70 72 200,0 0 0 1,1 0 0 1,1.032291768010125;45 70 72 200,0 0 0 1,0 1 0 1,1.0291799612220465;45 70 72 200,0 1 2 0,0 1 1 1,1.0351929099531405;45 70 72 200,0 1 2 0,1 1 1 0,1.0265738883619069;45 70 72 200,0 1 2 1,1 0 1 1,1.0402292022937853;45 70 72 200,0 1 2 1,1 1 1 0,1.0287200597685529;45 70 72 200,0 1 2 2,1 1 1 0,1.0342626948832654;45 70 72 200,0 1 2 2,1 1 0 1,1.0337992711964445;45 70 72 200,0 0 1 0,0 0 1 1,1.0421288273761178;45 70 72 200,0 0 1 0,1 0 1 0,1.0327157654047892;45 70 72 200,0 0 1 0,0 1 1 0,1.0264270587083957;45 70 72 200,0 0 1 1,1 0 1 0,1.0227782830079355;45 70 72 200,0 0 1 1,1 0 0 1,1.0228077059357008;45 70 72 200,0 0 1 1,0 1 1 0,1.020863654361894;45 70 72 200,0 0 1 1,0 1 0 1,1.0210019908599044;45 70 72 200,0 1 0 0,0 1 1 0,1.03150940494148;45 70 72 200,0 1 0 0,1 1 0 0,1.0218598702385209;45 70 72 200,0 1 0 0,0 1 0 1,1.0301416626684863;45 70 72 200,0 1 0 1,0 0 1 1,1.0228638179578458;45 70 72 200,0 1 0 1,0 1 1 0,1.0137388105590592;45 70 72 200,0 1 0 1,1 0 0 1,1.0156806297625465;45 70 72 200,0 1 0 1,1 1 0 0,1.0070339918110156;45 70 72 200,0 1 1 0,0 0 1 1,1.0198391578004948;45 70 72 200,0 1 1 0,0 1 0 1,1.0119013096096767;45 70 72 200,0 1 1 0,1 0 1 0,1.0124707054122477;45 70 72 200,0 1 1 0,1 1 0 0,1.0048453761465679;45 70 72 200,0 1 1 1,1 0 1 0,1.030520609686937;45 70 72 200,0 1 1 1,1 1 0 0,1.0218598702385209;45 70 72 200,0 1 1 1,1 0 0 1,1.0320912015728754;45 70 72 200,0 0 0 0,0 0 1 0,1.0215032244732822;45 70 72 200,0 0 0 0,1 0 0 0,1.012652231934025;45 70 72 200,0 0 0 0,0 1 0 0,1.0098903196103264;45 70 72 200,0 0 0 0,0 0 0 1,1.0203767739578984;
42 201,0 0,0 1,0.0;42 201,0 0,1 0,0.0;
155 202,0 0,0 1,0.0;155 202,0 0,1 0,0.0;
202 203,0 0,1 0,0.0;202 203,0 0,0 1,0.0;
203,0,1,0.0;
163 204,0 0,1 0,0.0;163 204,0 0,0 1,0.0;
204 205 206,0 1 2,1 1 1,1.5409500613065117;204 205 206,0 0 1,1 0 1,1.5397135917032565;204 205 206,0 0 1,0 1 1,1.5402388885265887;204 205 206,0 1 0,1 1 0,1.0220776701385221;204 205 206,0 1 0,0 1 1,1.5402388885265887;204 205 206,0 1 1,1 1 0,1.0203011610492048;204 205 206,0 1 1,1 0 1,1.5397135917032565;204 205 206,0 0 0,1 0 0,1.0095998468732434;204 205 206,0 0 0,0 1 0,1.0131421476093272;204 205 206,0 0 0,0 0 1,1.5390024189233338;
205 207,0 0,1 0,0.0;205 207,0 0,0 1,0.0;
146 207,0 0,1 0,0.0;146 207,0 0,0 1,0.0;
208 209,0 0,1 0,0.0;208 209,0 0,0 1,0.0;
208 210,0 0,1 0,0.0;208 210,0 0,0 1,0.0;
210,0,1,0.0;
168 211,0 0,1 0,0.0;168 211,0 0,0 1,0.0;
211 212,0 0,1 0,0.0;211 212,0 0,0 1,0.0;
212,0,1,0.0;
86 213,0 0,0 1,0.0;86 213,0 0,1 0,0.0;
214 215,0 0,1 0,0.0;214 215,0 0,0 1,0.0;
214 216 217 218,0 1 2 3,1 1 1 1,1.542494807522794;214 216 217 218,0 0 1 2,0 1 1 1,1.5422390202400154;214 216 217 218,0 0 1 2,1 0 1 1,1.5397967054290596;214 216 217 218,0 1 0 2,0 1 1 1,1.5422390202400154;214 216 217 218,0 1 0 2,1 1 0 1,1.0288250918302773;214 216 217 218,0 1 1 2,1 1 0 1,1.0300584163296058;214 216 217 218,0 1 1 2,1 0 1 1,1.5397967054290596;214 216 217 218,0 0 0 1,0 1 0 1,1.0251255384696416;214 216 217 218,0 0 0 1,0 0 1 1,1.539540918146281;214 216 217 218,0 0 0 1,1 0 0 1,1.0198387307293943;214 216 217 218,0 1 2 0,0 1 1 1,1.5422390202400154;214 216 217 218,0 1 2 0,1 1 1 0,1.5419563082998469;214 216 217 218,0 1 2 1,1 1 1 0,1.5419563082998469;214 216 217 218,0 1 2 1,1 0 1 1,1.5397967054290596;214 216 217 218,0 1 2 2,1 1 1 0,1.5419563082998469;214 216 217 218,0 1 2 2,1 1 0 1,1.024659659412714;214 216 217 218,0 0 1 0,0 1 1 0,1.5417005210170682;214 216 217 218,0 0 1 0,0 0 1 1,1.539540918146281;214 216 217 218,0 0 1 0,1 0 1 0,1.5392582062061124;214 216 217 218,0 0 1 1,0 1 1 0,1.5417005210170682;214 216 217 218,0 0 1 1,0 1 0 1,1.0099410146779875;214 216 217 218,0 0 1 1,1 0 1 0,1.5392582062061124;214 216 217 218,0 0 1 1,1 0 0 1,1.0055593666084564;214 216 217 218,0 1 0 0,0 1 1 0,1.5417005210170682;214 216 217 218,0 1 0 0,0 1 0 1,1.0269736109250553;214 216 217 218,0 1 0 0,1 1 0 0,1.0241543165267242;214 216 217 218,0 1 0 1,0 1 1 0,1.5417005210170682;214 216 217 218,0 1 0 1,0 0 1 1,1.539540918146281;214 216 217 218,0 1 0 1,1 1 0 0,1.0145439251762323;214 216 217 218,0 1 0 1,1 0 0 1,1.0100206161800682;214 216 217 218,0 1 1 0,0 1 0 1,1.0175390286609383;214 216 217 218,0 1 1 0,0 0 1 1,1.539540918146281;214 216 217 218,0 1 1 0,1 1 0 0,1.0169359773428777;214 216 217 218,0 1 1 0,1 0 1 0,1.5392582062061124;214 216 217 218,0 1 1 1,1 1 0 0,1.0286692720101036;214 216 217 218,0 1 1 1,1 0 1 0,1.5392582062061124;214 216 217 218,0 1 1 1,1 0 0 1,1.0185965105191885;214 216 217 218,0 0 0 0,0 1 0 0,1.0168068270086779;214 216 217 218,0 0 0 0,0 0 1 0,1.5390024189233338;214 216 217 218,0 0 0 0,0 0 0 1,1.0098156423972946;214 216 217 218,0 0 0 0,1 0 0 0,1.0095164816341111;
136 216,0 0,1 0,0.0;136 216,0 0,0 1,0.0;
137 219,0 0,1 0,0.0;137 219,0 0,0 1,0.0;
219 220,0 0,1 0,0.0;219 220,0 0,0 1,0.0;
220,0,1,0.0;
192 221,0 0,1 0,0.0;192 221,0 0,0 1,0.0;
221 222,0 0,1 0,0.0;221 222,0 0,0 1,0.0;
222,0,1,0.0;
196 223,0 0,1 0,0.0;196 223,0 0,0 1,0.0;
223 224,0 0,0 1,0.0;223 224,0 0,1 0,0.0;
224,0,1,0.0;
181 225,0 0,0 1,0.0;181 225,0 0,1 0,0.0;
225 226 227,0 1 2,1 1 1,1.542425249459302;225 226 227,0 0 1,1 0 1,1.5395156643360675;225 226 227,0 0 1,0 1 1,1.5419120040465684;225 226 227,0 1 0,1 1 0,1.0289722104221983;225 226 227,0 1 0,0 1 1,1.5419120040465684;225 226 227,0 1 1,1 1 0,1.0270558775860543;225 226 227,0 1 1,1 0 1,1.5395156643360675;225 226 227,0 0 0,1 0 0,1.0134241869816516;225 226 227,0 0 0,0 1 0,1.0193376984812739;225 226 227,0 0 0,0 0 1,1.5390024189233338;
226 228,0 0,1 0,0.0;226 228,0 0,0 1,0.0;
228 229,0 0,1 0,0.0;228 229,0 0,0 1,0.0;
229 230 231 232,0 1 2 3,1 1 1 1,1.5398477350737974;229 230 231 232,0 0 1 2,1 0 1 1,1.5398477350737974;229 230 231 232,0 0 1 2,0 1 1 1,1.5396333227826848;229 230 231 232,0 1 0 2,1 1 0 1,1.5392168312144463;229 230 231 232,0 1 0 2,0 1 1 1,1.5396333227826848;229 230 231 232,0 1 1 2,1 1 0 1,1.5392168312144463;229 230 231 232,0 1 1 2,1 0 1 1,1.5398477350737974;229 230 231 232,0 0 0 1,1 0 0 1,1.5392168312144463;229 230 231 232,0 0 0 1,0 1 0 1,1.5390024189233338;229 230 231 232,0 0 0 1,0 0 1 1,1.5396333227826848;229 230 231 232,0 1 2 0,0 1 1 1,1.5396333227826848;229 230 231 232,0 1 2 0,1 1 1 0,1.5398477350737974;229 230 231 232,0 1 2 1,1 0 1 1,1.5398477350737974;229 230 231 232,0 1 2 1,1 1 1 0,1.5398477350737974;229 230 231 232,0 1 2 2,1 1 0 1,1.5392168312144463;229 230 231 232,0 1 2 2,1 1 1 0,1.5398477350737974;229 230 231 232,0 0 1 0,0 0 1 1,1.5396333227826848;229 230 231 232,0 0 1 0,1 0 1 0,1.0238763027870152;229 230 231 232,0 0 1 0,0 1 1 0,1.5396333227826848;229 230 231 232,0 0 1 1,1 0 0 1,1.5392168312144463;229 230 231 232,0 0 1 1,1 0 1 0,1.0086203726839078;229 230 231 232,0 0 1 1,0 1 0 1,1.5390024189233338;229 230 231 232,0 0 1 1,0 1 1 0,1.5396333227826848;229 230 231 232,0 1 0 0,0 1 0 1,1.5390024189233338;229 230 231 232,0 1 0 0,1 1 0 0,1.5392168312144463;229 230 231 232,0 1 0 0,0 1 1 0,1.5396333227826848;229 230 231 232,0 1 0 1,1 0 0 1,1.5392168312144463;229 230 231 232,0 1 0 1,1 1 0 0,1.5392168312144463;229 230 231 232,0 1 0 1,0 0 1 1,1.5396333227826848;229 230 231 232,0 1 0 1,0 1 1 0,1.5396333227826848;229 230 231 232,0 1 1 0,0 1 0 1,1.5390024189233338;229 230 231 232,0 1 1 0,0 0 1 1,1.5396333227826848;229 230 231 232,0 1 1 0,1 1 0 0,1.5392168312144463;229 230 231 232,0 1 1 0,1 0 1 0,1.0108482016411373;229 230 231 232,0 1 1 1,1 0 0 1,1.5392168312144463;229 230 231 232,0 1 1 1,1 1 0 0,1.5392168312144463;229 230 231 232,0 1 1 1,1 0 1 0,1.0215946255405095;229 230 231 232,0 0 0 0,0 0 0 1,1.5390024189233338;229 230 231 232,0 0 0 0,1 0 0 0,1.0111316629311113;229 230 231 232,0 0 0 0,0 1 0 0,1.5390024189233338;229 230 231 232,0 0 0 0,0 0 1 0,1.0178056028258513;
230 233,0 0,0 1,0.0;230 233,0 0,1 0,0.0;
233 234,0 0,1 0,0.0;233 234,0 0,0 1,0.0;
234,0,1,0.0;
177 235,0 0,1 0,0.0;177 235,0 0,0 1,0.0;
235 236,0 0,1 0,0.0;235 236,0 0,0 1,0.0;
236 237 238,0 1 2,1 1 1,1.0608347634544886;236 237 238,0 0 1,1 0 1,1.0240224190229756;236 237 238,0 0 1,0 1 1,1.0260592565956141;236 237 238,0 1 0,1 1 0,1.0155432189342855;236 237 238,0 1 0,0 1 1,1.0210756038929392;236 237 238,0 1 1,1 1 0,1.0223083075578852;236 237 238,0 1 1,1 0 1,1.0278183536337175;236 237 238,0 0 0,1 0 0,1.013532997246502;236 237 238,0 0 0,0 1 0,1.012746364321005;236 237 238,0 0 0,0 0 1,1.019312689165305;
127 239,0 0,0 1,0.0;127 239,0 0,1 0,0.0;
239 240,0 0,0 1,0.0;239 240,0 0,1 0,0.0;
240,0,1,0.0;
93 241,0 0,0 1,0.0;93 241,0 0,1 0,0.0;
158 241,0 0,0 1,0.0;158 241,0 0,1 0,0.0;
147 242,0 0,0 1,0.0;147 242,0 0,1 0,0.0;
140 142 209 242,0 1 2 3,1 1 1 1,1.5398686243259379;140 142 209 242,0 0 1 2,1 0 1 1,1.5398686243259379;140 142 209 242,0 0 1 2,0 1 1 1,1.5398379705118894;140 142 209 242,0 1 0 2,0 1 1 1,1.5398379705118894;140 142 209 242,0 1 0 2,1 1 0 1,1.5398686243259379;140 142 209 242,0 1 1 2,1 0 1 1,1.5398686243259379;140 142 209 242,0 1 1 2,1 1 0 1,1.5398686243259379;140 142 209 242,0 0 0 1,0 0 1 1,1.5398379705118894;140 142 209 242,0 0 0 1,1 0 0 1,1.0221885682613123;140 142 209 242,0 0 0 1,0 1 0 1,1.5398379705118894;140 142 209 242,0 1 2 0,0 1 1 1,1.5398379705118894;140 142 209 242,0 1 2 0,1 1 1 0,1.5390330727373822;140 142 209 242,0 1 2 1,1 0 1 1,1.5398686243259379;140 142 209 242,0 1 2 1,1 1 1 0,1.5390330727373822;140 142 209 242,0 1 2 2,1 1 1 0,1.5390330727373822;140 142 209 242,0 1 2 2,1 1 0 1,1.5398686243259379;140 142 209 242,0 0 1 0,0 0 1 1,1.5398379705118894;140 142 209 242,0 0 1 0,1 0 1 0,1.5390330727373822;140 142 209 242,0 0 1 0,0 1 1 0,1.5390024189233338;140 142 209 242,0 0 1 1,1 0 1 0,1.5390330727373822;140 142 209 242,0 0 1 1,1 0 0 1,1.0052480948544953;140 142 209 242,0 0 1 1,0 1 1 0,1.5390024189233338;140 142 209 242,0 0 1 1,0 1 0 1,1.5398379705118894;140 142 209 242,0 1 0 0,0 1 1 0,1.5390024189233338;140 142 209 242,0 1 0 0,0 1 0 1,1.5398379705118894;140 142 209 242,0 1 0 0,1 1 0 0,1.5390330727373822;140 142 209 242,0 1 0 1,0 0 1 1,1.5398379705118894;140 142 209 242,0 1 0 1,0 1 1 0,1.5390024189233338;140 142 209 242,0 1 0 1,1 0 0 1,1.0090799047886623;140 142 209 242,0 1 0 1,1 1 0 0,1.5390330727373822;140 142 209 242,0 1 1 0,0 0 1 1,1.5398379705118894;140 142 209 242,0 1 1 0,0 1 0 1,1.5398379705118894;140 142 209 242,0 1 1 0,1 0 1 0,1.5390330727373822;140 142 209 242,0 1 1 0,1 1 0 0,1.5390330727373822;140 142 209 242,0 1 1 1,1 0 1 0,1.5390330727373822;140 142 209 242,0 1 1 1,1 0 0 1,1.0211404334816416;140 142 209 242,0 1 1 1,1 1 0 0,1.5390330727373822;140 142 209 242,0 0 0 0,0 0 1 0,1.5390024189233338;140 142 209 242,0 0 0 0,0 0 0 1,1.011600101160397;140 142 209 242,0 0 0 0,1 0 0 0,1.0079757183382752;140 142 209 242,0 0 0 0,0 1 0 0,1.5390024189233338;
101 243,0 0,0 1,0.0;101 243,0 0,1 0,0.0;
243 244,0 0,1 0,0.0;243 244,0 0,0 1,0.0;
244,0,1,0.0;
245 246,0 0,1 0,0.0;245 246,0 0,0 1,0.0;
245 247,0 0,1 0,0.0;245 247,0 0,0 1,0.0;
247,0,1,0.0;
13 248,0 0,0 1,0.0;13 248,0 0,1 0,0.0;
248 249,0 0,1 0,0.0;248 249,0 0,0 1,0.0;
249,0,1,0.0;
16 250,0 0,1 0,0.0;16 250,0 0,0 1,0.0;
250 251,0 0,1 0,0.0;250 251,0 0,0 1,0.0;
252 253,0 0,1 0,0.0;252 253,0 0,0 1,0.0;
252 254,0 0,1 0,0.0;252 254,0 0,0 1,0.0;
254,0,1,0.0;
30 255,0 0,1 0,0.0;30 255,0 0,0 1,0.0;
255 256,0 0,0 1,0.0;255 256,0 0,1 0,0.0;
256,0,1,0.0;
114 257,0 0,0 1,0.0;114 257,0 0,1 0,0.0;
257 258,0 0,1 0,0.0;257 258,0 0,0 1,0.0;
258,0,1,0.0;
110 259,0 0,0 1,0.0;110 259,0 0,1 0,0.0;
259 260,0 0,1 0,0.0;259 260,0 0,0 1,0.0;
260,0,1,0.0;
52 261,0 0,1 0,0.0;52 261,0 0,0 1,0.0;
120 261,0 0,1 0,0.0;120 261,0 0,0 1,0.0;
121 262,0 0,1 0,0.0;121 262,0 0,0 1,0.0;
262 263,0 0,1 0,0.0;262 263,0 0,0 1,0.0;
263,0,1,0.0;
217 264,0 0,0 1,0.0;217 264,0 0,1 0,0.0;
264 265,0 0,1 0,0.0;264 265,0 0,0 1,0.0;
265,0,1,0.0;
41 266,0 0,1 0,0.0;41 266,0 0,0 1,0.0;
67 266,0 0,0 1,0.0;67 266,0 0,1 0,0.0;
44 201 251 253,0 1 2 3,1 1 1 1,1.541288021554431;44 201 251 253,0 0 1 2,0 1 1 1,1.5395726579317912;44 201 251 253,0 0 1 2,1 0 1 1,1.541288021554431;44 201 251 253,0 1 0 2,0 1 1 1,1.5395726579317912;44 201 251 253,0 1 0 2,1 1 0 1,1.5407177825459732;44 201 251 253,0 1 1 2,1 1 0 1,1.5407177825459732;44 201 251 253,0 1 1 2,1 0 1 1,1.541288021554431;44 201 251 253,0 0 0 1,0 1 0 1,1.5390024189233338;44 201 251 253,0 0 0 1,0 0 1 1,1.5395726579317912;44 201 251 253,0 0 0 1,1 0 0 1,1.5407177825459732;44 201 251 253,0 1 2 0,1 1 1 0,1.0257262017757192;44 201 251 253,0 1 2 0,0 1 1 1,1.5395726579317912;44 201 251 253,0 1 2 1,1 1 1 0,1.0308176512327487;44 201 251 253,0 1 2 1,1 0 1 1,1.541288021554431;44 201 251 253,0 1 2 2,1 1 1 0,1.023536709718855;44 201 251 253,0 1 2 2,1 1 0 1,1.5407177825459732;44 201 251 253,0 0 1 0,0 1 1 0,1.0197163145308505;44 201 251 253,0 0 1 0,1 0 1 0,1.0257931814713133;44 201 251 253,0 0 1 0,0 0 1 1,1.5395726579317912;44 201 251 253,0 0 1 1,0 1 1 0,1.0059751202444709;44 201 251 253,0 0 1 1,0 1 0 1,1.5390024189233338;44 201 251 253,0 0 1 1,1 0 1 0,1.0084601984205936;44 201 251 253,0 0 1 1,1 0 0 1,1.5407177825459732;44 201 251 253,0 1 0 0,0 1 1 0,1.0214878130716851;44 201 251 253,0 1 0 0,1 1 0 0,1.029044458065119;44 201 251 253,0 1 0 0,0 1 0 1,1.5390024189233338;44 201 251 253,0 1 0 1,0 1 1 0,1.0143071956910312;44 201 251 253,0 1 0 1,0 0 1 1,1.5395726579317912;44 201 251 253,0 1 0 1,1 1 0 0,1.0171010668347387;44 201 251 253,0 1 0 1,1 0 0 1,1.5407177825459732;44 201 251 253,0 1 1 0,1 1 0 0,1.0112351369096766;44 201 251 253,0 1 1 0,1 0 1 0,1.0115903799158947;44 201 251 253,0 1 1 0,0 1 0 1,1.5390024189233338;44 201 251 253,0 1 1 0,0 0 1 1,1.5395726579317912;44 201 251 253,0 1 1 1,1 1 0 0,1.0230624661834204;44 201 251 253,0 1 1 1,1 0 1 0,1.0261243268690556;44 201 251 253,0 1 1 1,1 0 0 1,1.5407177825459732;44 201 251 253,0 0 0 0,0 1 0 0,1.0106096771183368;44 201 251 253,0 0 0 0,0 0 1 0,1.0103925726758236;44 201 251 253,0 0 0 0,1 0 0 0,1.0169847913850667;44 201 251 253,0 0 0 0,0 0 0 1,1.5390024189233338;
7 267,0 0,0 1,0.0;7 267,0 0,1 0,0.0;
267 268,0 0,1 0,0.0;267 268,0 0,0 1,0.0;
36 38 246 268,0 1 2 3,1 1 1 1,1.5422854003880855;36 38 246 268,0 0 1 2,1 0 1 1,1.5394577963938472;36 38 246 268,0 0 1 2,0 1 1 1,1.5422854003880855;36 38 246 268,0 1 0 2,1 1 0 1,1.0315289592781203;36 38 246 268,0 1 0 2,0 1 1 1,1.5422854003880855;36 38 246 268,0 1 1 2,1 1 0 1,1.028506555007034;36 38 246 268,0 1 1 2,1 0 1 1,1.5394577963938472;36 38 246 268,0 0 0 1,1 0 0 1,1.0192404224065277;36 38 246 268,0 0 0 1,0 1 0 1,1.027303068690058;36 38 246 268,0 0 0 1,0 0 1 1,1.5394577963938472;36 38 246 268,0 1 2 0,1 1 1 0,1.541830022917572;36 38 246 268,0 1 2 0,0 1 1 1,1.5422854003880855;36 38 246 268,0 1 2 1,1 0 1 1,1.5394577963938472;36 38 246 268,0 1 2 1,1 1 1 0,1.541830022917572;36 38 246 268,0 1 2 2,1 1 0 1,1.0249496207315996;36 38 246 268,0 1 2 2,1 1 1 0,1.541830022917572;36 38 246 268,0 0 1 0,1 0 1 0,1.5390024189233338;36 38 246 268,0 0 1 0,0 0 1 1,1.5394577963938472;36 38 246 268,0 0 1 0,0 1 1 0,1.541830022917572;36 38 246 268,0 0 1 1,1 0 0 1,1.0055728370946686;36 38 246 268,0 0 1 1,1 0 1 0,1.5390024189233338;36 38 246 268,0 0 1 1,0 1 0 1,1.0100686435328943;36 38 246 268,0 0 1 1,0 1 1 0,1.541830022917572;36 38 246 268,0 1 0 0,1 1 0 0,1.0231832665460212;36 38 246 268,0 1 0 0,0 1 0 1,1.0263883862749592;36 38 246 268,0 1 0 0,0 1 1 0,1.541830022917572;36 38 246 268,0 1 0 1,1 0 0 1,1.0124776567895577;36 38 246 268,0 1 0 1,1 1 0 0,1.0169771778958256;36 38 246 268,0 1 0 1,0 0 1 1,1.5394577963938472;36 38 246 268,0 1 0 1,0 1 1 0,1.541830022917572;36 38 246 268,0 1 1 0,1 1 0 0,1.0142355167824244;36 38 246 268,0 1 1 0,1 0 1 0,1.5390024189233338;36 38 246 268,0 1 1 0,0 1 0 1,1.0151533616643307;36 38 246 268,0 1 1 0,0 0 1 1,1.5394577963938472;36 38 246 268,0 1 1 1,1 0 0 1,1.0199417299832596;36 38 246 268,0 1 1 1,1 1 0 0,1.02977788881752;36 38 246 268,0 1 1 1,1 0 1 0,1.5390024189233338;36 38 246 268,0 0 0 0,1 0 0 0,1.008848472634581;36 38 246 268,0 0 0 0,0 0 0 1,1.010092902187575;36 38 246 268,0 0 0 0,0 1 0 0,1.0168822380441533;36 38 246 268,0 0 0 0,0 0 1 0,1.5390024189233338;
131 269,0 0,1 0,0.0;131 269,0 0,0 1,0.0;
218 269,0 0,1 0,0.0;218 269,0 0,0 1,0.0;
78 270,0 0,1 0,0.0;78 270,0 0,0 1,0.0;
31 270,0 0,0 1,0.0;31 270,0 0,1 0,0.0;
184 271,0 0,1 0,0.0;184 271,0 0,0 1,0.0;
231 271,0 0,0 1,0.0;231 271,0 0,1 0,0.0;
172 272,0 0,0 1,0.0;172 272,0 0,1 0,0.0;
272 273,0 0,1 0,0.0;272 273,0 0,0 1,0.0;
273,0,1,0.0;
161 274,0 0,1 0,0.0;161 274,0 0,0 1,0.0;
274 275,0 0,1 0,0.0;274 275,0 0,0 1,0.0;
275,0,1,0.0;
206 276,0 0,0 1,0.0;206 276,0 0,1 0,0.0;
276 277,0 0,1 0,0.0;276 277,0 0,0 1,0.0;
277,0,1,0.0;
165 278,0 0,1 0,0.0;165 278,0 0,0 1,0.0;
278 279,0 0,1 0,0.0;278 279,0 0,0 1,0.0;
279,0,1,0.0;
106 280,0 0,0 1,0.0;106 280,0 0,1 0,0.0;
280 281,0 0,1 0,0.0;280 281,0 0,0 1,0.0;
281,0,1,0.0;
74 282,0 0,1 0,0.0;74 282,0 0,0 1,0.0;
27 282,0 0,0 1,0.0;27 282,0 0,1 0,0.0;
283 284 285,0 1 2,1 1 1,1.0658726467653026;283 284 285,0 0 1,1 0 1,1.0274720775174586;283 284 285,0 0 1,0 1 1,1.0193115087462132;283 284 285,0 1 0,1 1 0,1.0305774260594927;283 284 285,0 1 0,0 1 1,1.0199288227627912;283 284 285,0 1 1,1 1 0,1.0261418234132977;283 284 285,0 1 1,1 0 1,1.0240014584950907;283 284 285,0 0 0,1 0 0,1.0220155876624273;283 284 285,0 0 0,0 1 0,1.0108010889310497;283 284 285,0 0 0,0 0 1,1.0090434588861708;
283 286,0 0,1 0,0.0;283 286,0 0,0 1,0.0;
286 287,0 0,1 0,0.0;286 287,0 0,0 1,0.0;
288 289,0 0,1 0,0.0;288 289,0 0,0 1,0.0;
288 290,0 0,1 0,0.0;288 290,0 0,0 1,0.0;
290,0,1,0.0;
213 215 287 289,0 1 2 3,1 1 1 1,1.5417799540082842;213 215 287 289,0 0 1 2,1 0 1 1,1.5393759760438188;213 215 287 289,0 0 1 2,0 1 1 1,1.5414431809501796;213 215 287 289,0 1 0 2,1 1 0 1,1.5417431699459037;213 215 287 289,0 1 0 2,0 1 1 1,1.5414431809501796;213 215 287 289,0 1 1 2,1 0 1 1,1.5393759760438188;213 215 287 289,0 1 1 2,1 1 0 1,1.5417431699459037;213 215 287 289,0 0 0 1,0 0 1 1,1.5390392029857143;213 215 287 289,0 0 0 1,1 0 0 1,1.5393391919814383;213 215 287 289,0 0 0 1,0 1 0 1,1.5414063968877991;213 215 287 289,0 1 2 0,0 1 1 1,1.5414431809501796;213 215 287 289,0 1 2 0,1 1 1 0,1.0257555412908932;213 215 287 289,0 1 2 1,1 0 1 1,1.5393759760438188;213 215 287 289,0 1 2 1,1 1 1 0,1.0302650286272588;213 215 287 289,0 1 2 2,1 1 0 1,1.5417431699459037;213 215 287 289,0 1 2 2,1 1 1 0,1.0232503956472614;213 215 287 289,0 0 1 0,0 0 1 1,1.5390392029857143;213 215 287 289,0 0 1 0,1 0 1 0,1.020710043939999;213 215 287 289,0 0 1 0,0 1 1 0,1.0266796123489612;213 215 287 289,0 0 1 1,1 0 0 1,1.5393391919814383;213 215 287 289,0 0 1 1,1 0 1 0,1.0046282143451317;213 215 287 289,0 0 1 1,0 1 0 1,1.5414063968877991;213 215 287 289,0 0 1 1,0 1 1 0,1.008523390436963;213 215 287 289,0 1 0 0,0 1 0 1,1.5414063968877991;213 215 287 289,0 1 0 0,1 1 0 0,1.0277697672330717;213 215 287 289,0 1 0 0,0 1 1 0,1.02489418462566;213 215 287 289,0 1 0 1,1 0 0 1,1.5393391919814383;213 215 287 289,0 1 0 1,1 1 0 0,1.0190026184750363;213 215 287 289,0 1 0 1,0 0 1 1,1.5390392029857143;213 215 287 289,0 1 0 1,0 1 1 0,1.0178354421245441;213 215 287 289,0 1 1 0,0 0 1 1,1.5390392029857143;213 215 287 289,0 1 1 0,0 1 0 1,1.5414063968877991;213 215 287 289,0 1 1 0,1 0 1 0,1.0067874084508612;213 215 287 289,0 1 1 0,1 1 0 0,1.0118261323744862;213 215 287 289,0 1 1 1,1 0 0 1,1.5393391919814383;213 215 287 289,0 1 1 1,1 0 1 0,1.020710043939999;213 215 287 289,0 1 1 1,1 1 0 0,1.0283656709890088;213 215 287 289,0 0 0 0,0 0 0 1,1.5390024189233338;213 215 287 289,0 0 0 0,0 0 1 0,1.0110730983968415;213 215 287 289,0 0 0 0,1 0 0 0,1.0121688744384247;213 215 287 289,0 0 0 0,0 1 0 0,1.0173121192155337;
117 291,0 0,0 1,0.0;117 291,0 0,1 0,0.0;
48 291,0 0,1 0,0.0;48 291,0 0,0 1,0.0;
96 292,0 0,1 0,0.0;96 292,0 0,0 1,0.0;
292 293,0 0,1 0,0.0;292 293,0 0,0 1,0.0;
293,0,1,0.0;
284 294,0 0,1 0,0.0;284 294,0 0,0 1,0.0;
123 294,0 0,1 0,0.0;123 294,0 0,0 1,0.0;
89 97,0 0,1 0,0.0;89 97,0 0,0 1,0.0;
295,0,1,0.0;
151 296,0 0,0 1,0.0;151 296,0 0,1 0,0.0;
296 297,0 0,1 0,0.0;296 297,0 0,0 1,0.0;
297,0,1,0.0;
227 298,0 0,0 1,0.0;227 298,0 0,1 0,0.0;
298,0,1,0.0;
232 299,0 0,1 0,0.0;232 299,0 0,0 1,0.0;
299 300,0 0,1 0,0.0;299 300,0 0,0 1,0.0;
300,0,1,0.0;
14 17,0 0,0 1,0.0;14 17,0 0,1 0,0.0;
18 68,0 0,1 0,0.0;18 68,0 0,0 1,0.0;
32 63,0 0,1 0,0.0;32 63,0 0,0 1,0.0;
49 53,0 0,1 0,0.0;49 53,0 0,0 1,0.0;
50 79,0 0,1 0,0.0;50 79,0 0,0 1,0.0;
57 81,0 0,0 1,0.0;57 81,0 0,1 0,0.0;
82 285,0 0,1 0,0.0;82 285,0 0,0 1,0.0;
122 124,0 0,1 0,0.0;122 124,0 0,0 1,0.0;
125 128,0 0,0 1,0.0;125 128,0 0,1 0,0.0;
126 295,0 0,1 0,0.0;126 295,0 0,0 1,0.0;
129 132,0 0,1 0,0.0;129 132,0 0,0 1,0.0;
156 237,0 0,1 0,0.0;156 237,0 0,0 1,0.0;
164 166,0 0,1 0,0.0;164 166,0 0,0 1,0.0;
167 169,0 0,0 1,0.0;167 169,0 0,1 0,0.0;
170 173,0 0,1 0,0.0;170 173,0 0,0 1,0.0;
188 238,0 0,1 0,0.0;188 238,0 0,0 1,0.0;
