1 2 3,0 0 0,0 0 0,0.0;
4 5 6,0 1 2,1 1 1,1.267116243006254;4 5 6,0 0 1,1 0 1,1.267116243006254;4 5 6,0 0 1,0 1 1,1.267116243006254;4 5 6,0 1 0,1 1 0,1.267116243006254;4 5 6,0 1 0,0 1 1,1.267116243006254;4 5 6,0 1 1,1 1 0,1.267116243006254;4 5 6,0 1 1,1 0 1,1.267116243006254;4 5 6,0 0 0,1 0 0,1.267116243006254;4 5 6,0 0 0,0 1 0,1.267116243006254;4 5 6,0 0 0,0 0 1,1.267116243006254;
4 7,0 0,1 0,0.0;4 7,0 0,0 1,0.0;
7 8,0 0,0 1,0.0;7 8,0 0,1 0,0.0;
8 9 10,0 1 2,1 1 1,1.274313188150776;8 9 10,0 0 1,1 0 1,1.2691999593989318;8 9 10,0 0 1,0 1 1,1.017041626957383;8 9 10,0 1 0,1 1 0,1.2722294717580982;8 9 10,0 1 0,0 1 1,1.0197412145792275;8 9 10,0 1 1,1 1 0,1.2722294717580982;8 9 10,0 1 1,1 0 1,1.2691999593989318;8 9 10,0 0 0,1 0 0,1.267116243006254;8 9 10,0 0 0,0 1 0,1.0132425718726017;8 9 10,0 0 0,0 0 1,1.0088701474048594;
9 11,0 0,1 0,0.0;9 11,0 0,0 1,0.0;
11 12,0 0,1 0,0.0;11 12,0 0,0 1,0.0;
13 14,0 0,1 0,0.0;13 14,0 0,0 1,0.0;
13 15 16,0 1 2,1 1 1,1.029076714731343;13 15 16,0 0 1,1 0 1,1.010167606006766;13 15 16,0 0 1,0 1 1,1.0132624374786867;13 15 16,0 1 0,0 1 1,1.0103053726190852;13 15 16,0 1 0,1 1 0,1.0073137547020643;13 15 16,0 1 1,1 0 1,1.0111511923361562;13 15 16,0 1 1,1 1 0,1.0100245769629463;13 15 16,0 0 0,0 0 1,1.0076494632832227;13 15 16,0 0 0,1 0 0,1.004430417862085;13 15 16,0 0 0,0 1 0,1.0070672003970955;
17 18 19,0 1 2,1 1 1,1.2671341068384536;17 18 19,0 0 1,1 0 1,1.2671336781246878;17 18 19,0 0 1,0 1 1,1.011064323753752;17 18 19,0 1 0,1 1 0,1.2671166717200197;17 18 19,0 1 0,0 1 1,1.0119497501200563;17 18 19,0 1 1,1 1 0,1.2671166717200197;17 18 19,0 1 1,1 0 1,1.2671336781246878;17 18 19,0 0 0,1 0 0,1.267116243006254;17 18 19,0 0 0,0 1 0,1.005743480639487;17 18 19,0 0 0,0 0 1,1.0075586682769102;
20 21 22,0 1 2,1 1 1,1.0312548795586276;20 21 22,0 0 1,1 0 1,1.012227311998366;20 21 22,0 0 1,0 1 1,1.0095749009357204;20 21 22,0 1 0,1 1 0,1.012149523650007;20 21 22,0 1 0,0 1 1,1.0077591238330508;20 21 22,0 1 1,1 1 0,1.0170511403871823;20 21 22,0 1 1,1 0 1,1.0139218873137315;20 21 22,0 0 0,1 0 0,1.0101097968367072;20 21 22,0 0 0,0 1 0,1.0082834880262113;20 21 22,0 0 0,0 0 1,1.0050505791686355;
20 23,0 0,1 0,0.0;20 23,0 0,0 1,0.0;
1 24,0 0,0 1,0.0;1 24,0 0,1 0,0.0;
24 25,0 0,1 0,0.0;24 25,0 0,0 1,0.0;
25 26 27,0 1 2,1 1 1,1.272829633073465;25 26 27,0 0 1,1 0 1,1.2671352344980202;25 26 27,0 0 1,0 1 1,1.0153515791342136;25 26 27,0 1 0,1 1 0,1.2728106415816987;25 26 27,0 1 0,0 1 1,1.0192658986620036;25 26 27,0 1 1,1 1 0,1.2728106415816987;25 26 27,0 1 1,1 0 1,1.2671352344980202;25 26 27,0 0 0,1 0 0,1.267116243006254;25 26 27,0 0 0,0 1 0,1.014439738746739;25 26 27,0 0 0,0 0 1,1.0064579745286635;
26 28,0 0,1 0,0.0;26 28,0 0,0 1,0.0;
28 29,0 0,1 0,0.0;28 29,0 0,0 1,0.0;
29 30 31 32,0 1 2 3,1 1 1 1,1.2701372764981307;29 30 31 32,0 0 1 2,1 0 1 1,1.2673487540528676;29 30 31 32,0 0 1 2,0 1 1 1,1.2701148275414527;29 30 31 32,0 1 0 2,1 1 0 1,1.269927214408195;29 30 31 32,0 1 0 2,0 1 1 1,1.2701148275414527;29 30 31 32,0 1 1 2,1 1 0 1,1.269927214408195;29 30 31 32,0 1 1 2,1 0 1 1,1.2673487540528676;29 30 31 32,0 0 0 1,1 0 0 1,1.267138691962932;29 30 31 32,0 0 0 1,0 1 0 1,1.2699047654515172;29 30 31 32,0 0 0 1,0 0 1 1,1.2673263050961896;29 30 31 32,0 1 2 0,0 1 1 1,1.2701148275414527;29 30 31 32,0 1 2 0,1 1 1 0,1.0163238040424005;29 30 31 32,0 1 2 1,1 0 1 1,1.2673487540528676;29 30 31 32,0 1 2 1,1 1 1 0,1.0170035279909042;29 30 31 32,0 1 2 2,1 1 0 1,1.269927214408195;29 30 31 32,0 1 2 2,1 1 1 0,1.0137782354558647;29 30 31 32,0 0 1 0,0 0 1 1,1.2673263050961896;29 30 31 32,0 0 1 0,1 0 1 0,1.0104376499001848;29 30 31 32,0 0 1 0,0 1 1 0,1.01465673393708;29 30 31 32,0 0 1 1,1 0 0 1,1.267138691962932;29 30 31 32,0 0 1 1,1 0 1 0,1.0024785321120102;29 30 31 32,0 0 1 1,0 1 0 1,1.2699047654515172;29 30 31 32,0 0 1 1,0 1 1 0,1.0065638260474294;29 30 31 32,0 1 0 0,0 1 0 1,1.2699047654515172;29 30 31 32,0 1 0 0,1 1 0 0,1.013093159355218;29 30 31 32,0 1 0 0,0 1 1 0,1.0157304064200388;29 30 31 32,0 1 0 1,1 0 0 1,1.267138691962932;29 30 31 32,0 1 0 1,1 1 0 0,1.0094973449691063;29 30 31 32,0 1 0 1,0 0 1 1,1.2673263050961896;29 30 31 32,0 1 0 1,0 1 1 0,1.0104312193774108;29 30 31 32,0 1 1 0,0 1 0 1,1.2699047654515172;29 30 31 32,0 1 1 0,0 0 1 1,1.2673263050961896;29 30 31 32,0 1 1 0,1 1 0 0,1.0086263037575949;29 30 31 32,0 1 1 0,1 0 1 0,1.0048560260502652;29 30 31 32,0 1 1 1,1 0 0 1,1.267138691962932;29 30 31 32,0 1 1 1,1 1 0 0,1.0169542810980436;29 30 31 32,0 1 1 1,1 0 1 0,1.0098435166578843;29 30 31 32,0 0 0 0,0 0 0 1,1.267116243006254;29 30 31 32,0 0 0 0,1 0 0 0,1.0038894746370577;29 30 31 32,0 0 0 0,0 1 0 0,1.0100536409628678;29 30 31 32,0 0 0 0,0 0 1 0,1.005237241716979;
30 33,0 0,0 1,0.0;30 33,0 0,1 0,0.0;
27 34,0 0,0 1,0.0;27 34,0 0,1 0,0.0;
34 35 36,0 1 2,1 1 1,1.0382371896861853;34 35 36,0 0 1,1 0 1,1.0141953606719716;34 35 36,0 0 1,0 1 1,1.0180349303996403;34 35 36,0 1 0,1 1 0,1.01370457589966;34 35 36,0 1 0,0 1 1,1.0219698577038012;34 35 36,0 1 1,1 1 0,1.012761659091801;34 35 36,0 1 1,1 0 1,1.0166582239729693;34 35 36,0 0 0,1 0 0,1.0047570298076007;34 35 36,0 0 0,0 1 0,1.0088839527997848;34 35 36,0 0 0,0 0 1,1.0151247426208814;
35 37,0 0,1 0,0.0;35 37,0 0,0 1,0.0;
37 38,0 0,1 0,0.0;37 38,0 0,0 1,0.0;
38 39 40,0 1 2,1 1 1,1.03113274254066;38 39 40,0 0 1,1 0 1,1.0091529672983517;38 39 40,0 0 1,0 1 1,1.012270758189481;38 39 40,0 1 0,0 1 1,1.0165886689692223;38 39 40,0 1 0,1 1 0,1.0118539927404286;38 39 40,0 1 1,1 0 1,1.011650369403677;38 39 40,0 1 1,1 1 0,1.0116764838747347;38 39 40,0 0 0,0 0 1,1.0088163043224154;38 39 40,0 0 0,1 0 0,1.0057828880972242;38 39 40,0 0 0,0 1 0,1.0071431860914735;
39 41,0 0,0 1,0.0;39 41,0 0,1 0,0.0;
41 42 43,0 1 2,1 1 1,1.269707548969731;41 42 43,0 0 1,1 0 1,1.0094459607808055;41 42 43,0 0 1,0 1 1,1.2697071139458063;41 42 43,0 1 0,1 1 0,1.2671166780301786;41 42 43,0 1 0,0 1 1,1.2697071139458063;41 42 43,0 1 1,1 1 0,1.2671166780301786;41 42 43,0 1 1,1 0 1,1.0118355905255714;41 42 43,0 0 0,1 0 0,1.0056662330201243;41 42 43,0 0 0,0 1 0,1.267116243006254;41 42 43,0 0 0,0 0 1,1.009632698024192;
42 44,0 0,1 0,0.0;42 44,0 0,0 1,0.0;
44 45 46,0 1 2,1 1 1,1.267116243006254;44 45 46,0 0 1,1 0 1,1.267116243006254;44 45 46,0 0 1,0 1 1,1.267116243006254;44 45 46,0 1 0,1 1 0,1.267116243006254;44 45 46,0 1 0,0 1 1,1.267116243006254;44 45 46,0 1 1,1 1 0,1.267116243006254;44 45 46,0 1 1,1 0 1,1.267116243006254;44 45 46,0 0 0,1 0 0,1.267116243006254;44 45 46,0 0 0,0 1 0,1.267116243006254;44 45 46,0 0 0,0 0 1,1.267116243006254;
45 47,0 0,1 0,0.0;45 47,0 0,0 1,0.0;
36 48,0 0,0 1,0.0;36 48,0 0,1 0,0.0;
48 49,0 0,1 0,0.0;48 49,0 0,0 1,0.0;
49 50 51,0 1 2,1 1 1,1.2671613791812657;49 50 51,0 0 1,1 0 1,1.0120200330723121;49 50 51,0 0 1,0 1 1,1.2671484115172595;49 50 51,0 1 0,1 1 0,1.26712921067026;49 50 51,0 1 0,0 1 1,1.2671484115172595;49 50 51,0 1 1,1 1 0,1.26712921067026;49 50 51,0 1 1,1 0 1,1.0107325856647085;49 50 51,0 0 0,1 0 0,1.0054702594750544;49 50 51,0 0 0,0 1 0,1.267116243006254;49 50 51,0 0 0,0 0 1,1.0073681594532284;
52 53 54,0 1 2,1 1 1,1.029601531275108;52 53 54,0 0 1,1 0 1,1.0119437984327995;52 53 54,0 0 1,0 1 1,1.0100765495420247;52 53 54,0 1 0,1 1 0,1.0107307909018661;52 53 54,0 1 0,0 1 1,1.0072131187465705;52 53 54,0 1 1,1 1 0,1.014139375236627;52 53 54,0 1 1,1 0 1,1.01103735726911;52 53 54,0 0 0,1 0 0,1.0075147277757037;52 53 54,0 0 0,0 1 0,1.0073381308248066;52 53 54,0 0 0,0 0 1,1.0054833474136824;
52 55,0 0,1 0,0.0;52 55,0 0,0 1,0.0;
55 56,0 0,0 1,0.0;55 56,0 0,1 0,0.0;
56 57 58,0 1 2,1 1 1,1.2673014671280074;56 57 58,0 0 1,1 0 1,1.2671199256522996;56 57 58,0 0 1,0 1 1,1.2672977844819617;56 57 58,0 1 0,1 1 0,1.0117152515426802;56 57 58,0 1 0,0 1 1,1.2672977844819617;56 57 58,0 1 1,1 1 0,1.0113899314770247;56 57 58,0 1 1,1 0 1,1.2671199256522996;56 57 58,0 0 0,1 0 0,1.0054569819003276;56 57 58,0 0 0,0 1 0,1.0070483749197603;56 57 58,0 0 0,0 0 1,1.267116243006254;
57 59,0 0,1 0,0.0;57 59,0 0,0 1,0.0;
59 60 61,0 1 2,1 1 1,1.2673152018854452;59 60 61,0 0 1,1 0 1,1.2671168308227108;59 60 61,0 0 1,0 1 1,1.2673146140689884;59 60 61,0 1 0,1 1 0,1.008279416996815;59 60 61,0 1 0,0 1 1,1.2673146140689884;59 60 61,0 1 1,1 1 0,1.0101362521327861;59 60 61,0 1 1,1 0 1,1.2671168308227108;59 60 61,0 0 0,1 0 0,1.0034835827236823;59 60 61,0 0 0,0 1 0,1.006158589270248;59 60 61,0 0 0,0 0 1,1.267116243006254;
60 62,0 0,1 0,0.0;60 62,0 0,0 1,0.0;
40 63,0 0,1 0,0.0;40 63,0 0,0 1,0.0;
63 64,0 0,0 1,0.0;63 64,0 0,1 0,0.0;
64 65 66,0 1 2,1 1 1,1.0292685786076785;64 65 66,0 0 1,1 0 1,1.0074146544301152;64 65 66,0 0 1,0 1 1,1.0100202739103024;64 65 66,0 1 0,1 1 0,1.0088411471712284;64 65 66,0 1 0,0 1 1,1.011619384012722;64 65 66,0 1 1,1 1 0,1.011667117268753;64 65 66,0 1 1,1 0 1,1.0111257905130355;64 65 66,0 0 0,1 0 0,1.0057444939391595;64 65 66,0 0 0,0 1 0,1.0073920821465268;64 65 66,0 0 0,0 0 1,1.008372003795938;
65 67,0 0,1 0,0.0;65 67,0 0,0 1,0.0;
67 68 69,0 1 2,1 1 1,1.0320490112590786;67 68 69,0 0 1,1 0 1,1.008323727729136;67 68 69,0 0 1,0 1 1,1.0141332921114197;67 68 69,0 1 0,1 1 0,1.0123417334063256;67 68 69,0 1 0,0 1 1,1.0154013864992584;67 68 69,0 1 1,1 1 0,1.0130848716349066;67 68 69,0 1 1,1 0 1,1.009892937193995;67 68 69,0 0 0,1 0 0,1.0035531183226463;67 68 69,0 0 0,0 1 0,1.0089343564162647;67 68 69,0 0 0,0 0 1,1.0060178371744324;
68 70,0 0,1 0,0.0;68 70,0 0,0 1,0.0;
43 71,0 0,1 0,0.0;43 71,0 0,0 1,0.0;
71 72,0 0,0 1,0.0;71 72,0 0,1 0,0.0;
10 73,0 0,0 1,0.0;10 73,0 0,1 0,0.0;
73 74,0 0,1 0,0.0;73 74,0 0,0 1,0.0;
74 75 76,0 1 2,1 1 1,1.267658952950079;74 75 76,0 0 1,1 0 1,1.2672072386758892;74 75 76,0 0 1,0 1 1,1.2675679572804435;74 75 76,0 1 0,1 1 0,1.0115084829680967;74 75 76,0 1 0,0 1 1,1.2675679572804435;74 75 76,0 1 1,1 1 0,1.012012017106326;74 75 76,0 1 1,1 0 1,1.2672072386758892;74 75 76,0 0 0,1 0 0,1.0047752187910457;74 75 76,0 0 0,0 1 0,1.0089043140405325;74 75 76,0 0 0,0 0 1,1.267116243006254;
75 77,0 0,1 0,0.0;75 77,0 0,0 1,0.0;
77 78,0 0,1 0,0.0;77 78,0 0,0 1,0.0;
78 79 80,0 1 2,1 1 1,1.2681211510817616;78 79 80,0 0 1,1 0 1,1.2671185684025161;78 79 80,0 0 1,0 1 1,1.2681188256854994;78 79 80,0 1 0,0 1 1,1.2681188256854994;78 79 80,0 1 0,1 1 0,1.0128711210479109;78 79 80,0 1 1,1 0 1,1.2671185684025161;78 79 80,0 1 1,1 1 0,1.0120183490473278;78 79 80,0 0 0,0 0 1,1.267116243006254;78 79 80,0 0 0,1 0 0,1.0048695470396218;78 79 80,0 0 0,0 1 0,1.0096091996756902;
79 81,0 0,0 1,0.0;79 81,0 0,1 0,0.0;
81 82,0 0,1 0,0.0;81 82,0 0,0 1,0.0;
82 83 84,0 1 2,1 1 1,1.0289321788471253;82 83 84,0 0 1,1 0 1,1.0129805461188168;82 83 84,0 0 1,0 1 1,1.0149918619950928;82 83 84,0 1 0,1 1 0,1.0071638214819818;82 83 84,0 1 0,0 1 1,1.009936532448623;82 83 84,0 1 1,1 1 0,1.0090101688954538;82 83 84,0 1 1,1 0 1,1.0111458269241498;82 83 84,0 0 0,1 0 0,1.0062763624123545;82 83 84,0 0 0,0 1 0,1.0068330871684654;82 83 84,0 0 0,0 0 1,1.0083916544432856;
85 86 87 88,0 1 2 3,1 1 1 1,1.2674750997994546;85 86 87 88,0 0 1 2,1 0 1 1,1.2672608826215503;85 86 87 88,0 0 1 2,0 1 1 1,1.2673310617062181;85 86 87 88,0 1 0 2,1 1 0 1,1.0136592335704833;85 86 87 88,0 1 0 2,0 1 1 1,1.2673310617062181;85 86 87 88,0 1 1 2,1 1 0 1,1.0121903763189333;85 86 87 88,0 1 1 2,1 0 1 1,1.2672608826215503;85 86 87 88,0 0 0 1,1 0 0 1,1.0121991821728213;85 86 87 88,0 0 0 1,0 1 0 1,1.0093868970648392;85 86 87 88,0 0 0 1,0 0 1 1,1.2671168445283136;85 86 87 88,0 1 2 0,0 1 1 1,1.2673310617062181;85 86 87 88,0 1 2 0,1 1 1 0,1.267474498277395;85 86 87 88,0 1 2 1,1 0 1 1,1.2672608826215503;85 86 87 88,0 1 2 1,1 1 1 0,1.267474498277395;85 86 87 88,0 1 2 2,1 1 0 1,1.014974637234265;85 86 87 88,0 1 2 2,1 1 1 0,1.267474498277395;85 86 87 88,0 0 1 0,0 0 1 1,1.2671168445283136;85 86 87 88,0 0 1 0,1 0 1 0,1.2672602810994904;85 86 87 88,0 0 1 0,0 1 1 0,1.2673304601841584;85 86 87 88,0 0 1 1,1 0 0 1,1.0065638129604826;85 86 87 88,0 0 1 1,1 0 1 0,1.2672602810994904;85 86 87 88,0 0 1 1,0 1 0 1,1.0052266016079605;85 86 87 88,0 0 1 1,0 1 1 0,1.2673304601841584;85 86 87 88,0 1 0 0,0 1 0 1,1.0100776716616715;85 86 87 88,0 1 0 0,1 1 0 0,1.013342526290165;85 86 87 88,0 1 0 0,0 1 1 0,1.2673304601841584;85 86 87 88,0 1 0 1,1 0 0 1,1.0070684965880679;85 86 87 88,0 1 0 1,1 1 0 0,1.0078925476980556;85 86 87 88,0 1 0 1,0 0 1 1,1.2671168445283136;85 86 87 88,0 1 0 1,0 1 1 0,1.2673304601841584;85 86 87 88,0 1 1 0,0 1 0 1,1.003011127103861;85 86 87 88,0 1 1 0,0 0 1 1,1.2671168445283136;85 86 87 88,0 1 1 0,1 1 0 0,1.0045904227437412;85 86 87 88,0 1 1 0,1 0 1 0,1.2672602810994904;85 86 87 88,0 1 1 1,1 0 0 1,1.009610811909593;85 86 87 88,0 1 1 1,1 1 0 0,1.0134092594355242;85 86 87 88,0 1 1 1,1 0 1 0,1.2672602810994904;85 86 87 88,0 0 0 0,0 0 0 1,1.0040572272901032;85 86 87 88,0 0 0 0,1 0 0 0,1.0080712489765327;85 86 87 88,0 0 0 0,0 1 0 0,1.0058023728372103;85 86 87 88,0 0 0 0,0 0 1 0,1.267116243006254;
85 89,0 0,0 1,0.0;85 89,0 0,1 0,0.0;
89 90 91,0 1 2,1 1 1,1.2674846926265446;89 90 91,0 0 1,1 0 1,1.267120550871102;89 90 91,0 0 1,0 1 1,1.2674803847616967;89 90 91,0 1 0,1 1 0,1.0100023590891762;89 90 91,0 1 0,0 1 1,1.2674803847616967;89 90 91,0 1 1,1 1 0,1.0114655442286942;89 90 91,0 1 1,1 0 1,1.267120550871102;89 90 91,0 0 0,1 0 0,1.0045380680738363;89 90 91,0 0 0,0 1 0,1.0078644699119172;89 90 91,0 0 0,0 0 1,1.267116243006254;
90 92,0 0,1 0,0.0;90 92,0 0,0 1,0.0;
92 93,0 0,1 0,0.0;92 93,0 0,0 1,0.0;
94 95,0 0,1 0,0.0;94 95,0 0,0 1,0.0;
94 96 97,0 1 2,1 1 1,1.2671901766944473;94 96 97,0 0 1,0 1 1,1.2671803336636454;94 96 97,0 0 1,1 0 1,1.0116144035474453;94 96 97,0 1 0,0 1 1,1.2671803336636454;94 96 97,0 1 0,1 1 0,1.267126086037056;94 96 97,0 1 1,1 1 0,1.267126086037056;94 96 97,0 1 1,1 0 1,1.0114434474837257;94 96 97,0 0 0,0 1 0,1.267116243006254;94 96 97,0 0 0,0 0 1,1.0073033213024807;94 96 97,0 0 0,1 0 0,1.0054448037250063;
5 98,0 0,0 1,0.0;5 98,0 0,1 0,0.0;
98 99,0 0,1 0,0.0;98 99,0 0,0 1,0.0;
99,0,1,0.0;
2 100,0 0,1 0,0.0;2 100,0 0,0 1,0.0;
100 101,0 0,1 0,0.0;100 101,0 0,0 1,0.0;
101,0,1,0.0;
76 102,0 0,1 0,0.0;76 102,0 0,0 1,0.0;
102,0,1,0.0;
80 103,0 0,1 0,0.0;80 103,0 0,0 1,0.0;
103 104,0 0,0 1,0.0;103 104,0 0,1 0,0.0;
104,0,1,0.0;
105 106,0 0,1 0,0.0;105 106,0 0,0 1,0.0;
105 107,0 0,1 0,0.0;105 107,0 0,0 1,0.0;
107,0,1,0.0;
17 108,0 0,1 0,0.0;17 108,0 0,0 1,0.0;
108 109,0 0,1 0,0.0;108 109,0 0,0 1,0.0;
109,0,1,0.0;
21 110,0 0,1 0,0.0;21 110,0 0,0 1,0.0;
110 111,0 0,1 0,0.0;110 111,0 0,0 1,0.0;
112 113,0 0,1 0,0.0;112 113,0 0,0 1,0.0;
112 114,0 0,1 0,0.0;112 114,0 0,0 1,0.0;
114,0,1,0.0;
91 115,0 0,0 1,0.0;91 115,0 0,1 0,0.0;
115 116,0 0,1 0,0.0;115 116,0 0,0 1,0.0;
116,0,1,0.0;
117 118,0 0,1 0,0.0;117 118,0 0,0 1,0.0;
83 117,0 0,1 0,0.0;83 117,0 0,0 1,0.0;
15 119,0 0,0 1,0.0;15 119,0 0,1 0,0.0;
86 119,0 0,1 0,0.0;86 119,0 0,0 1,0.0;
87 120,0 0,0 1,0.0;87 120,0 0,1 0,0.0;
120 121,0 0,1 0,0.0;120 121,0 0,0 1,0.0;
121,0,1,0.0;
46 122,0 0,0 1,0.0;46 122,0 0,1 0,0.0;
72 123 124,0 1 2,1 1 1,1.0308142664201978;72 123 124,0 0 1,1 0 1,1.0070148726484494;72 123 124,0 0 1,0 1 1,1.011839661889583;72 123 124,0 1 0,1 1 0,1.0152831119693668;72 123 124,0 1 0,0 1 1,1.0175970361769044;72 123 124,0 1 1,1 1 0,1.0125309586992108;72 123 124,0 1 1,1 0 1,1.0084518642446332;72 123 124,0 0 0,1 0 0,1.0060771533768043;72 123 124,0 0 0,0 1 0,1.010764879812895;72 123 124,0 0 0,0 0 1,1.0072104601610212;
123 125,0 0,1 0,0.0;123 125,0 0,0 1,0.0;
125 126,0 0,1 0,0.0;125 126,0 0,0 1,0.0;
126 127 128,0 1 2,1 1 1,1.0356673139779198;126 127 128,0 0 1,1 0 1,1.0071028110101452;126 127 128,0 0 1,0 1 1,1.016699238487572;126 127 128,0 1 0,0 1 1,1.0198387648301273;126 127 128,0 1 0,1 1 0,1.0174112922482144;126 127 128,0 1 1,1 0 1,1.0100968681691118;126 127 128,0 1 1,1 1 0,1.0186034157398194;126 127 128,0 0 0,0 0 1,1.0068264775993334;126 127 128,0 0 0,1 0 0,1.005842266548404;126 127 128,0 0 0,0 1 0,1.0142787032442881;
127 129,0 0,0 1,0.0;127 129,0 0,1 0,0.0;
70 130,0 0,0 1,0.0;70 130,0 0,1 0,0.0;
131 132,0 0,1 0,0.0;131 132,0 0,0 1,0.0;
133 134,0 0,1 0,0.0;133 134,0 0,0 1,0.0;
133 135,0 0,1 0,0.0;133 135,0 0,0 1,0.0;
135 136 137 138,0 1 2 3,1 1 1 1,1.267856280157828;135 136 137 138,0 0 1 2,0 1 1 1,1.2678354619811634;135 136 137 138,0 0 1 2,1 0 1 1,1.267186636521199;135 136 137 138,0 1 0 2,0 1 1 1,1.2678354619811634;135 136 137 138,0 1 0 2,1 1 0 1,1.0144690834179613;135 136 137 138,0 1 1 2,1 1 0 1,1.0144101174492781;135 136 137 138,0 1 1 2,1 0 1 1,1.267186636521199;135 136 137 138,0 0 0 1,0 1 0 1,1.0119948642599028;135 136 137 138,0 0 0 1,0 0 1 1,1.2671658183445345;135 136 137 138,0 0 0 1,1 0 0 1,1.0103802077118555;135 136 137 138,0 1 2 0,0 1 1 1,1.2678354619811634;135 136 137 138,0 1 2 0,1 1 1 0,1.2678067048195474;135 136 137 138,0 1 2 1,1 1 1 0,1.2678067048195474;135 136 137 138,0 1 2 1,1 0 1 1,1.267186636521199;135 136 137 138,0 1 2 2,1 1 1 0,1.2678067048195474;135 136 137 138,0 1 2 2,1 1 0 1,1.0117035178839893;135 136 137 138,0 0 1 0,0 1 1 0,1.2677858866428828;135 136 137 138,0 0 1 0,0 0 1 1,1.2671658183445345;135 136 137 138,0 0 1 0,1 0 1 0,1.2671370611829187;135 136 137 138,0 0 1 1,0 1 1 0,1.2677858866428828;135 136 137 138,0 0 1 1,0 1 0 1,1.0043697017184579;135 136 137 138,0 0 1 1,1 0 1 0,1.2671370611829187;135 136 137 138,0 0 1 1,1 0 0 1,1.0024591816325685;135 136 137 138,0 1 0 0,0 1 1 0,1.2677858866428828;135 136 137 138,0 1 0 0,0 1 0 1,1.0124846072790097;135 136 137 138,0 1 0 0,1 1 0 0,1.009970990393819;135 136 137 138,0 1 0 1,0 1 1 0,1.2677858866428828;135 136 137 138,0 1 0 1,0 0 1 1,1.2671658183445345;135 136 137 138,0 1 0 1,1 1 0 0,1.007137060011308;135 136 137 138,0 1 0 1,1 0 0 1,1.0055703615452334;135 136 137 138,0 1 1 0,0 1 0 1,1.0071525094379348;135 136 137 138,0 1 1 0,0 0 1 1,1.2671658183445345;135 136 137 138,0 1 1 0,1 1 0 0,1.0062199808644203;135 136 137 138,0 1 1 0,1 0 1 0,1.2671370611829187;135 136 137 138,0 1 1 1,1 1 0 0,1.0141162102975327;135 136 137 138,0 1 1 1,1 0 1 0,1.2671370611829187;135 136 137 138,0 1 1 1,1 0 0 1,1.0099008486388614;135 136 137 138,0 0 0 0,0 1 0 0,1.008420811368127;135 136 137 138,0 0 0 0,0 0 1 0,1.267116243006254;135 136 137 138,0 0 0 0,0 0 0 1,1.005123513598792;135 136 137 138,0 0 0 0,1 0 0 0,1.0038771175144277;
136 139,0 0,1 0,0.0;136 139,0 0,0 1,0.0;
139 140,0 0,1 0,0.0;139 140,0 0,0 1,0.0;
140 141 142,0 1 2,1 1 1,1.2682759838398174;140 141 142,0 0 1,1 0 1,1.2671260492369476;140 141 142,0 0 1,0 1 1,1.268266177609124;140 141 142,0 1 0,1 1 0,1.0106649240259864;140 141 142,0 1 0,0 1 1,1.268266177609124;140 141 142,0 1 1,1 1 0,1.012665213578937;140 141 142,0 1 1,1 0 1,1.2671260492369476;140 141 142,0 0 0,1 0 0,1.0052964882052278;140 141 142,0 0 0,0 1 0,1.0087007430186135;140 141 142,0 0 0,0 0 1,1.267116243006254;
33 143,0 0,1 0,0.0;33 143,0 0,0 1,0.0;
143 144 145,0 1 2,1 1 1,1.2673612855146354;143 144 145,0 0 1,0 1 1,1.2673022951218207;143 144 145,0 0 1,1 0 1,1.0071254224164146;143 144 145,0 1 0,0 1 1,1.2673022951218207;143 144 145,0 1 0,1 1 0,1.2671752333990687;143 144 145,0 1 1,1 1 0,1.2671752333990687;143 144 145,0 1 1,1 0 1,1.008193291109022;143 144 145,0 0 0,0 1 0,1.267116243006254;143 144 145,0 0 0,0 0 1,1.006906647576702;143 144 145,0 0 0,1 0 0,1.0067763452266085;
144 146,0 0,1 0,0.0;144 146,0 0,0 1,0.0;
23 147,0 0,0 1,0.0;23 147,0 0,1 0,0.0;
147 148 149 150,0 1 2 3,1 1 1 1,1.268517432672428;147 148 149 150,0 0 1 2,1 0 1 1,1.2674954126278226;147 148 149 150,0 0 1 2,0 1 1 1,1.2684800913878236;147 148 149 150,0 1 0 2,1 1 0 1,1.0142594009283625;147 148 149 150,0 1 0 2,0 1 1 1,1.2684800913878236;147 148 149 150,0 1 1 2,1 1 0 1,1.0161725152922207;147 148 149 150,0 1 1 2,1 0 1 1,1.2674954126278226;147 148 149 150,0 0 0 1,1 0 0 1,1.0110481468964607;147 148 149 150,0 0 0 1,0 1 0 1,1.0143831134586543;147 148 149 150,0 0 0 1,0 0 1 1,1.2674580713432182;147 148 149 150,0 1 2 0,1 1 1 0,1.2681756043354637;147 148 149 150,0 1 2 0,0 1 1 1,1.2684800913878236;147 148 149 150,0 1 2 1,1 1 1 0,1.2681756043354637;147 148 149 150,0 1 2 1,1 0 1 1,1.2674954126278226;147 148 149 150,0 1 2 2,1 1 1 0,1.2681756043354637;147 148 149 150,0 1 2 2,1 1 0 1,1.0125824023210055;147 148 149 150,0 0 1 0,1 0 1 0,1.2671535842908583;147 148 149 150,0 0 1 0,0 1 1 0,1.2681382630508593;147 148 149 150,0 0 1 0,0 0 1 1,1.2674580713432182;147 148 149 150,0 0 1 1,1 0 1 0,1.2671535842908583;147 148 149 150,0 0 1 1,1 0 0 1,1.0028519496207329;147 148 149 150,0 0 1 1,0 1 1 0,1.2681382630508593;147 148 149 150,0 0 1 1,0 1 0 1,1.005247313099217;147 148 149 150,0 1 0 0,1 1 0 0,1.009966278400677;147 148 149 150,0 1 0 0,0 1 1 0,1.2681382630508593;147 148 149 150,0 1 0 0,0 1 0 1,1.0133081364813252;147 148 149 150,0 1 0 1,1 1 0 0,1.0064548779474805;147 148 149 150,0 1 0 1,1 0 0 1,1.0050436589462644;147 148 149 150,0 1 0 1,0 1 1 0,1.2681382630508593;147 148 149 150,0 1 0 1,0 0 1 1,1.2674580713432182;147 148 149 150,0 1 1 0,1 1 0 0,1.007436003498918;147 148 149 150,0 1 1 0,1 0 1 0,1.2671535842908583;147 148 149 150,0 1 1 0,0 1 0 1,1.0091228313616927;147 148 149 150,0 1 1 0,0 0 1 1,1.2674580713432182;147 148 149 150,0 1 1 1,1 1 0 0,1.0156877602259122;147 148 149 150,0 1 1 1,1 0 1 0,1.2671535842908583;147 148 149 150,0 1 1 1,1 0 0 1,1.010998842935723;147 148 149 150,0 0 0 0,1 0 0 0,1.003881985932843;147 148 149 150,0 0 0 0,0 1 0 0,1.0092719214311527;147 148 149 150,0 0 0 0,0 0 1 0,1.267116243006254;147 148 149 150,0 0 0 0,0 0 0 1,1.0061582012540293;
148 151,0 0,1 0,0.0;148 151,0 0,0 1,0.0;
151 152,0 0,0 1,0.0;151 152,0 0,1 0,0.0;
152 153 154,0 1 2,1 1 1,1.267259798570956;152 153 154,0 0 1,1 0 1,1.2671424148531782;152 153 154,0 0 1,0 1 1,1.2672336267240316;152 153 154,0 1 0,1 1 0,1.012058902933951;152 153 154,0 1 0,0 1 1,1.2672336267240316;152 153 154,0 1 1,1 1 0,1.0109069022888593;152 153 154,0 1 1,1 0 1,1.2671424148531782;152 153 154,0 0 0,1 0 0,1.0049628061839615;152 153 154,0 0 0,0 1 0,1.0081464717180633;152 153 154,0 0 0,0 0 1,1.267116243006254;
153 155,0 0,1 0,0.0;153 155,0 0,0 1,0.0;
155 156 157,0 1 2,1 1 1,1.2678024877417118;155 156 157,0 0 1,1 0 1,1.2671185264006553;155 156 157,0 0 1,0 1 1,1.2678002043473104;155 156 157,0 1 0,1 1 0,1.0116185755501694;155 156 157,0 1 0,0 1 1,1.2678002043473104;155 156 157,0 1 1,1 1 0,1.0117987209080541;155 156 157,0 1 1,1 0 1,1.2671185264006553;155 156 157,0 0 0,1 0 0,1.0043896290909473;155 156 157,0 0 0,0 1 0,1.0086728837913819;155 156 157,0 0 0,0 0 1,1.267116243006254;
156 158,0 0,1 0,0.0;156 158,0 0,0 1,0.0;
159 160 161,0 1 2,1 1 1,1.0335677528513103;159 160 161,0 0 1,0 1 1,1.0096710121295736;159 160 161,0 0 1,1 0 1,1.016058005290473;159 160 161,0 1 0,0 1 1,1.007225885687368;159 160 161,0 1 0,1 1 0,1.0144996405073434;159 160 161,0 1 1,1 1 0,1.018126887257892;159 160 161,0 1 1,1 0 1,1.0159616380774017;159 160 161,0 0 0,0 1 0,1.0067455146586262;159 160 161,0 0 0,0 0 1,1.005878325308955;159 160 161,0 0 0,1 0 0,1.0115760398899782;
159 162,0 0,0 1,0.0;159 162,0 0,1 0,0.0;
50 163,0 0,1 0,0.0;50 163,0 0,0 1,0.0;
163 164,0 0,1 0,0.0;163 164,0 0,0 1,0.0;
164,0,1,0.0;
53 165,0 0,1 0,0.0;53 165,0 0,0 1,0.0;
31 165,0 0,0 1,0.0;31 165,0 0,1 0,0.0;
58 166,0 0,1 0,0.0;58 166,0 0,0 1,0.0;
166 167,0 0,1 0,0.0;166 167,0 0,0 1,0.0;
167,0,1,0.0;
168 169,0 0,1 0,0.0;168 169,0 0,0 1,0.0;
145 168,0 0,0 1,0.0;145 168,0 0,1 0,0.0;
32 170,0 0,1 0,0.0;32 170,0 0,0 1,0.0;
170 171,0 0,1 0,0.0;170 171,0 0,0 1,0.0;
171,0,1,0.0;
69 172,0 0,0 1,0.0;69 172,0 0,1 0,0.0;
172 173,0 0,1 0,0.0;172 173,0 0,0 1,0.0;
61 174,0 0,1 0,0.0;61 174,0 0,0 1,0.0;
174 175,0 0,1 0,0.0;174 175,0 0,0 1,0.0;
175,0,1,0.0;
62 134 169 173,0 1 2 3,1 1 1 1,1.0312161845793086;62 134 169 173,0 0 1 2,0 1 1 1,1.0153286159336579;62 134 169 173,0 0 1 2,1 0 1 1,1.0108151726632693;62 134 169 173,0 1 0 2,0 1 1 1,1.0165140086092062;62 134 169 173,0 1 0 2,1 1 0 1,1.0129870004261294;62 134 169 173,0 1 1 2,1 0 1 1,1.0142272534134686;62 134 169 173,0 1 1 2,1 1 0 1,1.0158777808263746;62 134 169 173,0 0 0 1,0 0 1 1,1.0124952697482013;62 134 169 173,0 0 0 1,0 1 0 1,1.0146314283421327;62 134 169 173,0 0 0 1,1 0 0 1,1.0104854791291333;62 134 169 173,0 1 2 0,0 1 1 1,1.0221229409994264;62 134 169 173,0 1 2 0,1 1 1 0,1.0209254139684902;62 134 169 173,0 1 2 1,1 0 1 1,1.011236333797661;62 134 169 173,0 1 2 1,1 1 1 0,1.0153628192566644;62 134 169 173,0 1 2 2,1 1 1 0,1.01500445602031;62 134 169 173,0 1 2 2,1 1 0 1,1.0123058837698833;62 134 169 173,0 0 1 0,0 1 1 0,1.0206537069355905;62 134 169 173,0 0 1 0,0 0 1 1,1.0122689230261661;62 134 169 173,0 0 1 0,1 0 1 0,1.015002916286418;62 134 169 173,0 0 1 1,0 1 1 0,1.0072187906985433;62 134 169 173,0 0 1 1,0 1 0 1,1.0053219580611241;62 134 169 173,0 0 1 1,1 0 1 0,1.0039446798698628;62 134 169 173,0 0 1 1,1 0 0 1,1.0022509523936671;62 134 169 173,0 1 0 0,0 1 1 0,1.0206537069355905;62 134 169 173,0 1 0 0,0 1 0 1,1.0131010174334771;62 134 169 173,0 1 0 0,1 1 0 0,1.0147597688508083;62 134 169 173,0 1 0 1,0 0 1 1,1.0048860519755218;62 134 169 173,0 1 0 1,0 1 1 0,1.0080340303755604;62 134 169 173,0 1 0 1,1 0 0 1,1.0028261454682224;62 134 169 173,0 1 0 1,1 1 0 0,1.0057192466340794;62 134 169 173,0 1 1 0,0 0 1 1,1.0091413105438518;62 134 169 173,0 1 1 0,0 1 0 1,1.0105809007749615;62 134 169 173,0 1 1 0,1 0 1 0,1.0086764203723915;62 134 169 173,0 1 1 0,1 1 0 0,1.010078212298393;62 134 169 173,0 1 1 1,1 0 1 0,1.0115076193415424;62 134 169 173,0 1 1 1,1 0 0 1,1.0104854791291333;62 134 169 173,0 1 1 1,1 1 0 0,1.0149836982114682;62 134 169 173,0 0 0 0,0 0 1 0,1.009679369138693;62 134 169 173,0 0 0 0,0 1 0 0,1.0116318567622342;62 134 169 173,0 0 0 0,0 0 0 1,1.0068365853856678;62 134 169 173,0 0 0 0,1 0 0 0,1.0064258824910333;
137 176,0 0,0 1,0.0;137 176,0 0,1 0,0.0;
176 177,0 0,1 0,0.0;176 177,0 0,0 1,0.0;
177,0,1,0.0;
178 179,0 0,1 0,0.0;178 179,0 0,0 1,0.0;
128 178,0 0,1 0,0.0;128 178,0 0,0 1,0.0;
66 180,0 0,1 0,0.0;66 180,0 0,0 1,0.0;
124 180,0 0,0 1,0.0;124 180,0 0,1 0,0.0;
93 95 111 113,0 1 2 3,1 1 1 1,1.2674079267755374;93 95 111 113,0 0 1 2,1 0 1 1,1.2672866905042486;93 95 111 113,0 0 1 2,0 1 1 1,1.2673846996892784;93 95 111 113,0 1 0 2,1 1 0 1,1.267260706363802;93 95 111 113,0 1 0 2,0 1 1 1,1.2673846996892784;93 95 111 113,0 1 1 2,1 0 1 1,1.2672866905042486;93 95 111 113,0 1 1 2,1 1 0 1,1.267260706363802;93 95 111 113,0 0 0 1,0 0 1 1,1.2672634634179896;93 95 111 113,0 0 0 1,1 0 0 1,1.267139470092513;93 95 111 113,0 0 0 1,0 1 0 1,1.2672374792775427;93 95 111 113,0 1 2 0,0 1 1 1,1.2673846996892784;93 95 111 113,0 1 2 0,1 1 1 0,1.0119436828645985;93 95 111 113,0 1 2 1,1 0 1 1,1.2672866905042486;93 95 111 113,0 1 2 1,1 1 1 0,1.014166176811475;93 95 111 113,0 1 2 2,1 1 0 1,1.267260706363802;93 95 111 113,0 1 2 2,1 1 1 0,1.0105686219546872;93 95 111 113,0 0 1 0,0 0 1 1,1.2672634634179896;93 95 111 113,0 0 1 0,1 0 1 0,1.0102218245169439;93 95 111 113,0 0 1 0,0 1 1 0,1.0122484019618319;93 95 111 113,0 0 1 1,1 0 0 1,1.267139470092513;93 95 111 113,0 0 1 1,1 0 1 0,1.0022642339814067;93 95 111 113,0 0 1 1,0 1 0 1,1.2672374792775427;93 95 111 113,0 0 1 1,0 1 1 0,1.0034512447395612;93 95 111 113,0 1 0 0,0 1 0 1,1.2672374792775427;93 95 111 113,0 1 0 0,1 1 0 0,1.0109089788676648;93 95 111 113,0 1 0 0,0 1 1 0,1.0129095124781085;93 95 111 113,0 1 0 1,1 0 0 1,1.267139470092513;93 95 111 113,0 1 0 1,1 1 0 0,1.0080220442615793;93 95 111 113,0 1 0 1,0 0 1 1,1.2672634634179896;93 95 111 113,0 1 0 1,0 1 1 0,1.0081441234007205;93 95 111 113,0 1 1 0,0 0 1 1,1.2672634634179896;93 95 111 113,0 1 1 0,0 1 0 1,1.2672374792775427;93 95 111 113,0 1 1 0,1 0 1 0,1.0034840419735656;93 95 111 113,0 1 1 0,1 1 0 0,1.0047507290590758;93 95 111 113,0 1 1 1,1 0 0 1,1.267139470092513;93 95 111 113,0 1 1 1,1 0 1 0,1.0102218245169439;93 95 111 113,0 1 1 1,1 1 0 0,1.0125375999392985;93 95 111 113,0 0 0 0,0 0 0 1,1.267116243006254;93 95 111 113,0 0 0 0,0 0 1 0,1.0054953899337755;93 95 111 113,0 0 0 0,1 0 0 0,1.005322543229014;93 95 111 113,0 0 0 0,0 1 0 0,1.0077224173228694;
12 14 106 118,0 1 2 3,1 1 1 1,1.2678037598244496;12 14 106 118,0 0 1 2,1 0 1 1,1.2675489267607611;12 14 106 118,0 0 1 2,0 1 1 1,1.267783502404811;12 14 106 118,0 1 0 2,0 1 1 1,1.267783502404811;12 14 106 118,0 1 0 2,1 1 0 1,1.0169487880269588;12 14 106 118,0 1 1 2,1 0 1 1,1.2675489267607611;12 14 106 118,0 1 1 2,1 1 0 1,1.0139889561983984;12 14 106 118,0 0 0 1,0 0 1 1,1.2675286693411225;12 14 106 118,0 0 0 1,1 0 0 1,1.0115740529470105;12 14 106 118,0 0 0 1,0 1 0 1,1.0147778171148731;12 14 106 118,0 1 2 0,1 1 1 0,1.267391333489581;12 14 106 118,0 1 2 0,0 1 1 1,1.267783502404811;12 14 106 118,0 1 2 1,1 0 1 1,1.2675489267607611;12 14 106 118,0 1 2 1,1 1 1 0,1.267391333489581;12 14 106 118,0 1 2 2,1 1 1 0,1.267391333489581;12 14 106 118,0 1 2 2,1 1 0 1,1.0129564051509448;12 14 106 118,0 0 1 0,0 0 1 1,1.2675286693411225;12 14 106 118,0 0 1 0,1 0 1 0,1.2671365004258925;12 14 106 118,0 0 1 0,0 1 1 0,1.2673710760699426;12 14 106 118,0 0 1 1,1 0 1 0,1.2671365004258925;12 14 106 118,0 0 1 1,1 0 0 1,1.0033017503004193;12 14 106 118,0 0 1 1,0 1 1 0,1.2673710760699426;12 14 106 118,0 0 1 1,0 1 0 1,1.0052458809489775;12 14 106 118,0 1 0 0,0 1 1 0,1.2673710760699426;12 14 106 118,0 1 0 0,1 1 0 0,1.00931852705098;12 14 106 118,0 1 0 0,0 1 0 1,1.0147778171148731;12 14 106 118,0 1 0 1,0 0 1 1,1.2675286693411225;12 14 106 118,0 1 0 1,0 1 1 0,1.2673710760699426;12 14 106 118,0 1 0 1,1 0 0 1,1.0063930320626135;12 14 106 118,0 1 0 1,1 1 0 0,1.0075528952661492;12 14 106 118,0 1 1 0,1 0 1 0,1.2671365004258925;12 14 106 118,0 1 1 0,1 1 0 0,1.006255409007625;12 14 106 118,0 1 1 0,0 0 1 1,1.2675286693411225;12 14 106 118,0 1 1 0,0 1 0 1,1.0078096006789994;12 14 106 118,0 1 1 1,1 0 1 0,1.2671365004258925;12 14 106 118,0 1 1 1,1 0 0 1,1.0101503348655325;12 14 106 118,0 1 1 1,1 1 0 0,1.0126259133523232;12 14 106 118,0 0 0 0,0 0 1 0,1.267116243006254;12 14 106 118,0 0 0 0,0 0 0 1,1.0066699537876158;12 14 106 118,0 0 0 0,1 0 0 0,1.004087620338235;12 14 106 118,0 0 0 0,0 1 0 0,1.0087203618940346;
149 181,0 0,1 0,0.0;149 181,0 0,0 1,0.0;
181 182,0 0,1 0,0.0;181 182,0 0,0 1,0.0;
182,0,1,0.0;
160 183,0 0,1 0,0.0;160 183,0 0,0 1,0.0;
150 183,0 0,1 0,0.0;150 183,0 0,0 1,0.0;
96 184,0 0,1 0,0.0;96 184,0 0,0 1,0.0;
184 185,0 0,1 0,0.0;184 185,0 0,0 1,0.0;
185,0,1,0.0;
146 186,0 0,0 1,0.0;146 186,0 0,1 0,0.0;
186,0,1,0.0;
141 187,0 0,0 1,0.0;141 187,0 0,1 0,0.0;
187 188,0 0,1 0,0.0;187 188,0 0,0 1,0.0;
189 190,0 0,1 0,0.0;189 190,0 0,0 1,0.0;
189 191,0 0,1 0,0.0;189 191,0 0,0 1,0.0;
191 192 193,0 1 2,1 1 1,1.2671552316260466;191 192 193,0 0 1,0 1 1,1.2671318264404474;191 192 193,0 0 1,1 0 1,1.0128200038954245;191 192 193,0 1 0,0 1 1,1.2671318264404474;191 192 193,0 1 0,1 1 0,1.267139648191853;191 192 193,0 1 1,1 1 0,1.267139648191853;191 192 193,0 1 1,1 0 1,1.011514292358399;191 192 193,0 0 0,0 1 0,1.267116243006254;191 192 193,0 0 0,0 0 1,1.0096004885637935;191 192 193,0 0 0,1 0 0,1.0056110019462745;
194 195 196,0 1 2,1 1 1,1.268402570969932;194 195 196,0 0 1,1 0 1,1.0132225201194032;194 195 196,0 0 1,0 1 1,1.267117119008896;194 195 196,0 1 0,1 1 0,1.2684016949672903;194 195 196,0 1 0,0 1 1,1.267117119008896;194 195 196,0 1 1,1 1 0,1.2684016949672903;194 195 196,0 1 1,1 0 1,1.011014223066865;194 195 196,0 0 0,1 0 0,1.0094617396123804;194 195 196,0 0 0,0 1 0,1.267116243006254;194 195 196,0 0 0,0 0 1,1.0053792588690311;
194 197,0 0,1 0,0.0;194 197,0 0,0 1,0.0;
197 198,0 0,1 0,0.0;197 198,0 0,0 1,0.0;
198 199 200,0 1 2,1 1 1,1.2677172825190002;198 199 200,0 0 1,1 0 1,1.2671502782036321;198 199 200,0 0 1,0 1 1,1.267683247321622;198 199 200,0 1 0,0 1 1,1.267683247321622;198 199 200,0 1 0,1 1 0,1.0122769706612973;198 199 200,0 1 1,1 0 1,1.2671502782036321;198 199 200,0 1 1,1 1 0,1.0123978027384462;198 199 200,0 0 0,0 0 1,1.267116243006254;198 199 200,0 0 0,1 0 0,1.0050021491388728;198 199 200,0 0 0,0 1 0,1.0090129162042143;
199 201,0 0,0 1,0.0;199 201,0 0,1 0,0.0;
201 202,0 0,1 0,0.0;201 202,0 0,0 1,0.0;
202 203 204,0 1 2,1 1 1,1.029119708975619;202 203 204,0 0 1,1 0 1,1.0117710151532258;202 203 204,0 0 1,0 1 1,1.0144954450166699;202 203 204,0 1 0,1 1 0,1.0071984454288252;202 203 204,0 1 0,0 1 1,1.0102600549767047;202 203 204,0 1 1,1 1 0,1.0092006100023792;202 203 204,0 1 1,1 0 1,1.0109802570574173;202 203 204,0 0 0,1 0 0,1.0047281225022393;202 203 204,0 0 0,0 1 0,1.0069565127732818;202 203 204,0 0 0,0 0 1,1.008326735784577;
205 206 207,0 1 2,1 1 1,1.267894719209052;205 206 207,0 0 1,1 0 1,1.0121295412644253;205 206 207,0 0 1,0 1 1,1.2671163824202702;205 206 207,0 1 0,1 1 0,1.2678945797950356;205 206 207,0 1 0,0 1 1,1.2671163824202702;205 206 207,0 1 1,1 1 0,1.2678945797950356;205 206 207,0 1 1,1 0 1,1.0101305832775909;205 206 207,0 0 0,1 0 0,1.0083010294841996;205 206 207,0 0 0,0 1 0,1.267116243006254;205 206 207,0 0 0,0 0 1,1.004865325381288;
205 208,0 0,0 1,0.0;205 208,0 0,1 0,0.0;
208 209,0 0,1 0,0.0;208 209,0 0,0 1,0.0;
209 210 211,0 1 2,1 1 1,1.2671513392294462;209 210 211,0 0 1,1 0 1,1.0126361267352848;209 210 211,0 0 1,0 1 1,1.2671414968349315;209 210 211,0 1 0,1 1 0,1.2671260854007689;209 210 211,0 1 0,0 1 1,1.2671414968349315;209 210 211,0 1 1,1 1 0,1.2671260854007689;209 210 211,0 1 1,1 0 1,1.010808397705322;209 210 211,0 0 0,1 0 0,1.0055301346886196;209 210 211,0 0 0,0 1 0,1.267116243006254;209 210 211,0 0 0,0 0 1,1.008269540735731;
212 213 214,0 1 2,1 1 1,1.0294896930377873;212 213 214,0 0 1,1 0 1,1.0118726477113007;212 213 214,0 0 1,0 1 1,1.0084437030434383;212 213 214,0 1 0,1 1 0,1.0112100293802497;212 213 214,0 1 0,0 1 1,1.011665829451576;212 213 214,0 1 1,1 1 0,1.0075708641795078;212 213 214,0 1 1,1 0 1,1.0106709794651507;212 213 214,0 0 0,1 0 0,1.0075044330953753;212 213 214,0 0 0,0 1 0,1.0058189031367968;212 213 214,0 0 0,0 0 1,1.0086416453367224;
215 216 217,0 1 2,1 1 1,1.2674536161181122;215 216 217,0 0 1,0 1 1,1.267116363613233;215 216 217,0 0 1,1 0 1,1.0105088482310103;215 216 217,0 1 0,0 1 1,1.267116363613233;215 216 217,0 1 0,1 1 0,1.2674534955111332;215 216 217,0 1 1,1 1 0,1.2674534955111332;215 216 217,0 1 1,1 0 1,1.0132682266070236;215 216 217,0 0 0,0 1 0,1.267116243006254;215 216 217,0 0 0,0 0 1,1.0055811302034063;215 216 217,0 0 0,1 0 0,1.0087068023262833;
218 219 220,0 1 2,1 1 1,1.2672479417724063;218 219 220,0 0 1,1 0 1,1.0113520916943086;218 219 220,0 0 1,0 1 1,1.267116243006254;218 219 220,0 1 0,1 1 0,1.2672479417724063;218 219 220,0 1 0,0 1 1,1.267116243006254;218 219 220,0 1 1,1 1 0,1.2672479417724063;218 219 220,0 1 1,1 0 1,1.0084925383970333;218 219 220,0 0 0,1 0 0,1.0076254782573029;218 219 220,0 0 0,0 1 0,1.267116243006254;218 219 220,0 0 0,0 0 1,1.004550692588413;
218 221,0 0,1 0,0.0;218 221,0 0,0 1,0.0;
221 222 223,0 1 2,1 1 1,1.2685357739787144;221 222 223,0 0 1,1 0 1,1.2671174058326007;221 222 223,0 0 1,0 1 1,1.2685346111523677;221 222 223,0 1 0,1 1 0,1.0141349808386364;221 222 223,0 1 0,0 1 1,1.2685346111523677;221 222 223,0 1 1,1 1 0,1.0120395369120387;221 222 223,0 1 1,1 0 1,1.2671174058326007;221 222 223,0 0 0,1 0 0,1.0060197633440957;221 222 223,0 0 0,0 1 0,1.0095429158432883;221 222 223,0 0 0,0 0 1,1.267116243006254;
222 224,0 0,0 1,0.0;222 224,0 0,1 0,0.0;
224 225,0 0,1 0,0.0;224 225,0 0,0 1,0.0;
225 226 227,0 1 2,1 1 1,1.2698460475436266;225 226 227,0 0 1,1 0 1,1.2671168743165553;225 226 227,0 0 1,0 1 1,1.2698454162333253;225 226 227,0 1 0,1 1 0,1.01330871033256;225 226 227,0 1 0,0 1 1,1.2698454162333253;225 226 227,0 1 1,1 1 0,1.0141042407883403;225 226 227,0 1 1,1 0 1,1.2671168743165553;225 226 227,0 0 0,1 0 0,1.0055586559278806;225 226 227,0 0 0,0 1 0,1.0096692015307525;225 226 227,0 0 0,0 0 1,1.267116243006254;
226 228,0 0,1 0,0.0;226 228,0 0,0 1,0.0;
228 229,0 0,1 0,0.0;228 229,0 0,0 1,0.0;
229 230 231,0 1 2,1 1 1,1.2728461845238073;229 230 231,0 0 1,1 0 1,1.2671421911568135;229 230 231,0 0 1,0 1 1,1.272820236373248;229 230 231,0 1 0,1 1 0,1.017526655559849;229 230 231,0 1 0,0 1 1,1.272820236373248;229 230 231,0 1 1,1 1 0,1.0169173884569307;229 230 231,0 1 1,1 0 1,1.2671421911568135;229 230 231,0 0 0,1 0 0,1.0058958674173901;229 230 231,0 0 0,0 1 0,1.0129057616530712;229 230 231,0 0 0,0 0 1,1.267116243006254;
230 232,0 0,0 1,0.0;230 232,0 0,1 0,0.0;
232 233,0 0,1 0,0.0;232 233,0 0,0 1,0.0;
131 234,0 0,0 1,0.0;131 234,0 0,1 0,0.0;
129 235,0 0,1 0,0.0;129 235,0 0,0 1,0.0;
235 236 237 238,0 1 2 3,1 1 1 1,1.272398824801803;235 236 237 238,0 0 1 2,1 0 1 1,1.2673312265735102;235 236 237 238,0 0 1 2,0 1 1 1,1.2723885513541768;235 236 237 238,0 1 0 2,1 1 0 1,1.272194114682173;235 236 237 238,0 1 0 2,0 1 1 1,1.2723885513541768;235 236 237 238,0 1 1 2,1 1 0 1,1.272194114682173;235 236 237 238,0 1 1 2,1 0 1 1,1.2673312265735102;235 236 237 238,0 0 0 1,1 0 0 1,1.26712651645388;235 236 237 238,0 0 0 1,0 1 0 1,1.2721838412345468;235 236 237 238,0 0 0 1,0 0 1 1,1.267320953125884;235 236 237 238,0 1 2 0,1 1 1 0,1.019612408111415;235 236 237 238,0 1 2 0,0 1 1 1,1.2723885513541768;235 236 237 238,0 1 2 1,1 1 1 0,1.0191845303066573;235 236 237 238,0 1 2 1,1 0 1 1,1.2673312265735102;235 236 237 238,0 1 2 2,1 1 1 0,1.0171477339278285;235 236 237 238,0 1 2 2,1 1 0 1,1.272194114682173;235 236 237 238,0 0 1 0,1 0 1 0,1.0099369296682863;235 236 237 238,0 0 1 0,0 1 1 0,1.0186519472177242;235 236 237 238,0 0 1 0,0 0 1 1,1.267320953125884;235 236 237 238,0 0 1 1,1 0 1 0,1.0028993905468153;235 236 237 238,0 0 1 1,1 0 0 1,1.26712651645388;235 236 237 238,0 0 1 1,0 1 1 0,1.0096191131391183;235 236 237 238,0 0 1 1,0 1 0 1,1.2721838412345468;235 236 237 238,0 1 0 0,1 1 0 0,1.014128660957512;235 236 237 238,0 1 0 0,0 1 1 0,1.0191909095425058;235 236 237 238,0 1 0 0,0 1 0 1,1.2721838412345468;235 236 237 238,0 1 0 1,1 1 0 0,1.0124400384956675;235 236 237 238,0 1 0 1,1 0 0 1,1.26712651645388;235 236 237 238,0 1 0 1,0 1 1 0,1.013539077802164;235 236 237 238,0 1 0 1,0 0 1 1,1.267320953125884;235 236 237 238,0 1 1 0,1 1 0 0,1.0110098016440716;235 236 237 238,0 1 1 0,1 0 1 0,1.0047200970698182;235 236 237 238,0 1 1 0,0 1 0 1,1.2721838412345468;235 236 237 238,0 1 1 0,0 0 1 1,1.267320953125884;235 236 237 238,0 1 1 1,1 1 0 0,1.0173165054870767;235 236 237 238,0 1 1 1,1 0 1 0,1.0096605268622718;235 236 237 238,0 1 1 1,1 0 0 1,1.26712651645388;235 236 237 238,0 0 0 0,1 0 0 0,1.0041673951331804;235 236 237 238,0 0 0 0,0 1 0 0,1.013674446498652;235 236 237 238,0 0 0 0,0 0 1 0,1.0063696477731745;235 236 237 238,0 0 0 0,0 0 0 1,1.267116243006254;
236 239,0 0,1 0,0.0;236 239,0 0,0 1,0.0;
203 240,0 0,0 1,0.0;203 240,0 0,1 0,0.0;
237 240,0 0,0 1,0.0;237 240,0 0,1 0,0.0;
238 241,0 0,0 1,0.0;238 241,0 0,1 0,0.0;
241 242,0 0,1 0,0.0;241 242,0 0,0 1,0.0;
242,0,1,0.0;
47 243,0 0,0 1,0.0;47 243,0 0,1 0,0.0;
243,0,1,0.0;
227 244,0 0,1 0,0.0;227 244,0 0,0 1,0.0;
244 245,0 0,1 0,0.0;244 245,0 0,0 1,0.0;
245,0,1,0.0;
223 246,0 0,0 1,0.0;223 246,0 0,1 0,0.0;
246 247,0 0,1 0,0.0;246 247,0 0,0 1,0.0;
247,0,1,0.0;
219 248,0 0,0 1,0.0;219 248,0 0,1 0,0.0;
248 249,0 0,1 0,0.0;248 249,0 0,0 1,0.0;
249,0,1,0.0;
142 250,0 0,0 1,0.0;142 250,0 0,1 0,0.0;
250 251,0 0,1 0,0.0;250 251,0 0,0 1,0.0;
251,0,1,0.0;
192 252,0 0,1 0,0.0;192 252,0 0,0 1,0.0;
252 253,0 0,1 0,0.0;252 253,0 0,0 1,0.0;
253,0,1,0.0;
195 254,0 0,1 0,0.0;195 254,0 0,0 1,0.0;
254 255,0 0,1 0,0.0;254 255,0 0,0 1,0.0;
255,0,1,0.0;
200 256,0 0,1 0,0.0;200 256,0 0,0 1,0.0;
256 257,0 0,1 0,0.0;256 257,0 0,0 1,0.0;
257,0,1,0.0;
231 258,0 0,0 1,0.0;231 258,0 0,1 0,0.0;
258 259,0 0,1 0,0.0;258 259,0 0,0 1,0.0;
259,0,1,0.0;
122 260,0 0,1 0,0.0;122 260,0 0,0 1,0.0;
260 261 262,0 1 2,1 1 1,1.267116243006254;260 261 262,0 0 1,1 0 1,1.267116243006254;260 261 262,0 0 1,0 1 1,1.267116243006254;260 261 262,0 1 0,1 1 0,1.267116243006254;260 261 262,0 1 0,0 1 1,1.267116243006254;260 261 262,0 1 1,1 1 0,1.267116243006254;260 261 262,0 1 1,1 0 1,1.267116243006254;260 261 262,0 0 0,1 0 0,1.267116243006254;260 261 262,0 0 0,0 1 0,1.267116243006254;260 261 262,0 0 0,0 0 1,1.267116243006254;
261 263,0 0,1 0,0.0;261 263,0 0,0 1,0.0;
263 264 265,0 1 2,1 1 1,1.267116243006254;263 264 265,0 0 1,0 1 1,1.267116243006254;263 264 265,0 0 1,1 0 1,1.267116243006254;263 264 265,0 1 0,0 1 1,1.267116243006254;263 264 265,0 1 0,1 1 0,1.267116243006254;263 264 265,0 1 1,1 1 0,1.267116243006254;263 264 265,0 1 1,1 0 1,1.267116243006254;263 264 265,0 0 0,0 1 0,1.267116243006254;263 264 265,0 0 0,0 0 1,1.267116243006254;263 264 265,0 0 0,1 0 0,1.267116243006254;
266 267 268,0 1 2,1 1 1,1.267116243006254;266 267 268,0 0 1,1 0 1,1.267116243006254;266 267 268,0 0 1,0 1 1,1.267116243006254;266 267 268,0 1 0,1 1 0,1.267116243006254;266 267 268,0 1 0,0 1 1,1.267116243006254;266 267 268,0 1 1,1 1 0,1.267116243006254;266 267 268,0 1 1,1 0 1,1.267116243006254;266 267 268,0 0 0,1 0 0,1.267116243006254;266 267 268,0 0 0,0 1 0,1.267116243006254;266 267 268,0 0 0,0 0 1,1.267116243006254;
269 270 271,0 1 2,1 1 1,1.267116243006254;269 270 271,0 0 1,1 0 1,1.267116243006254;269 270 271,0 0 1,0 1 1,1.267116243006254;269 270 271,0 1 0,1 1 0,1.267116243006254;269 270 271,0 1 0,0 1 1,1.267116243006254;269 270 271,0 1 1,1 1 0,1.267116243006254;269 270 271,0 1 1,1 0 1,1.267116243006254;269 270 271,0 0 0,1 0 0,1.267116243006254;269 270 271,0 0 0,0 1 0,1.267116243006254;269 270 271,0 0 0,0 0 1,1.267116243006254;
269 272,0 0,0 1,0.0;269 272,0 0,1 0,0.0;
272 273 274,0 1 2,1 1 1,1.267116243006254;272 273 274,0 0 1,1 0 1,1.267116243006254;272 273 274,0 0 1,0 1 1,1.267116243006254;272 273 274,0 1 0,1 1 0,1.267116243006254;272 273 274,0 1 0,0 1 1,1.267116243006254;272 273 274,0 1 1,1 1 0,1.267116243006254;272 273 274,0 1 1,1 0 1,1.267116243006254;272 273 274,0 0 0,1 0 0,1.267116243006254;272 273 274,0 0 0,0 1 0,1.267116243006254;272 273 274,0 0 0,0 0 1,1.267116243006254;
275 276 277,0 1 2,1 1 1,1.267116243006254;275 276 277,0 0 1,1 0 1,1.267116243006254;275 276 277,0 0 1,0 1 1,1.267116243006254;275 276 277,0 1 0,1 1 0,1.267116243006254;275 276 277,0 1 0,0 1 1,1.267116243006254;275 276 277,0 1 1,1 1 0,1.267116243006254;275 276 277,0 1 1,1 0 1,1.267116243006254;275 276 277,0 0 0,1 0 0,1.267116243006254;275 276 277,0 0 0,0 1 0,1.267116243006254;275 276 277,0 0 0,0 0 1,1.267116243006254;
275 278,0 0,1 0,0.0;275 278,0 0,0 1,0.0;
158 279,0 0,1 0,0.0;158 279,0 0,0 1,0.0;
279 280 281,0 1 2,1 1 1,1.267248551739706;279 280 281,0 0 1,0 1 1,1.2671993718284194;279 280 281,0 0 1,1 0 1,1.2671654229175409;279 280 281,0 1 0,0 1 1,1.2671993718284194;279 280 281,0 1 0,1 1 0,1.0111194377615844;279 280 281,0 1 1,1 1 0,1.0109706842116064;279 280 281,0 1 1,1 0 1,1.2671654229175409;279 280 281,0 0 0,0 1 0,1.0077704971712802;279 280 281,0 0 0,0 0 1,1.267116243006254;279 280 281,0 0 0,1 0 0,1.0042982600448314;
280 282,0 0,1 0,0.0;280 282,0 0,0 1,0.0;
282 283 284,0 1 2,1 1 1,1.2673172308494463;282 283 284,0 0 1,1 0 1,1.267120545457761;282 283 284,0 0 1,0 1 1,1.2673129283979394;282 283 284,0 1 0,1 1 0,1.0134032194655913;282 283 284,0 1 0,0 1 1,1.2673129283979394;282 283 284,0 1 1,1 1 0,1.0114901628381205;282 283 284,0 1 1,1 0 1,1.267120545457761;282 283 284,0 0 0,1 0 0,1.0065753390047056;282 283 284,0 0 0,0 1 0,1.0088413969692944;282 283 284,0 0 0,0 0 1,1.267116243006254;
283 285,0 0,1 0,0.0;283 285,0 0,0 1,0.0;
285 286 287,0 1 2,1 1 1,1.2673209245082209;285 286 287,0 0 1,1 0 1,1.2671254247023276;285 286 287,0 0 1,0 1 1,1.2673117428121472;285 286 287,0 1 0,1 1 0,1.010437718763017;285 286 287,0 1 0,0 1 1,1.2673117428121472;285 286 287,0 1 1,1 1 0,1.0122526824187243;285 286 287,0 1 1,1 0 1,1.2671254247023276;285 286 287,0 0 0,1 0 0,1.0060381307092683;285 286 287,0 0 0,0 1 0,1.008203556318056;285 286 287,0 0 0,0 0 1,1.267116243006254;
286 288,0 0,0 1,0.0;286 288,0 0,1 0,0.0;
288 289 290,0 1 2,1 1 1,1.2673124441000703;288 289 290,0 0 1,1 0 1,1.267123250538581;288 289 290,0 0 1,0 1 1,1.2673054365677432;288 289 290,0 1 0,1 1 0,1.0135850732037033;288 289 290,0 1 0,0 1 1,1.2673054365677432;288 289 290,0 1 1,1 1 0,1.0111965098863172;288 289 290,0 1 1,1 0 1,1.267123250538581;288 289 290,0 0 0,1 0 0,1.0065286651425138;288 289 290,0 0 0,0 1 0,1.0090769609105892;288 289 290,0 0 0,0 0 1,1.267116243006254;
289 291,0 0,1 0,0.0;289 291,0 0,0 1,0.0;
291 292 293 294,0 1 2 3,1 1 1 1,1.2671579548404135;291 292 293 294,0 0 1 2,1 0 1 1,1.2671579548404135;291 292 293 294,0 0 1 2,0 1 1 1,1.2671521805830892;291 292 293 294,0 1 0 2,1 1 0 1,1.2671579548404135;291 292 293 294,0 1 0 2,0 1 1 1,1.2671521805830892;291 292 293 294,0 1 1 2,1 1 0 1,1.2671579548404135;291 292 293 294,0 1 1 2,1 0 1 1,1.2671579548404135;291 292 293 294,0 0 0 1,1 0 0 1,1.0092150324571068;291 292 293 294,0 0 0 1,0 1 0 1,1.2671521805830892;291 292 293 294,0 0 0 1,0 0 1 1,1.2671521805830892;291 292 293 294,0 1 2 0,1 1 1 0,1.2671220172635782;291 292 293 294,0 1 2 0,0 1 1 1,1.2671521805830892;291 292 293 294,0 1 2 1,1 1 1 0,1.2671220172635782;291 292 293 294,0 1 2 1,1 0 1 1,1.2671579548404135;291 292 293 294,0 1 2 2,1 1 1 0,1.2671220172635782;291 292 293 294,0 1 2 2,1 1 0 1,1.2671579548404135;291 292 293 294,0 0 1 0,1 0 1 0,1.2671220172635782;291 292 293 294,0 0 1 0,0 1 1 0,1.267116243006254;291 292 293 294,0 0 1 0,0 0 1 1,1.2671521805830892;291 292 293 294,0 0 1 1,1 0 1 0,1.2671220172635782;291 292 293 294,0 0 1 1,1 0 0 1,1.006132925098969;291 292 293 294,0 0 1 1,0 1 1 0,1.267116243006254;291 292 293 294,0 0 1 1,0 1 0 1,1.2671521805830892;291 292 293 294,0 1 0 0,1 1 0 0,1.2671220172635782;291 292 293 294,0 1 0 0,0 1 1 0,1.267116243006254;291 292 293 294,0 1 0 0,0 1 0 1,1.2671521805830892;291 292 293 294,0 1 0 1,1 1 0 0,1.2671220172635782;291 292 293 294,0 1 0 1,1 0 0 1,1.0056983187155168;291 292 293 294,0 1 0 1,0 1 1 0,1.267116243006254;291 292 293 294,0 1 0 1,0 0 1 1,1.2671521805830892;291 292 293 294,0 1 1 0,1 1 0 0,1.2671220172635782;291 292 293 294,0 1 1 0,1 0 1 0,1.2671220172635782;291 292 293 294,0 1 1 0,0 1 0 1,1.2671521805830892;291 292 293 294,0 1 1 0,0 0 1 1,1.2671521805830892;291 292 293 294,0 1 1 1,1 1 0 0,1.2671220172635782;291 292 293 294,0 1 1 1,1 0 1 0,1.2671220172635782;291 292 293 294,0 1 1 1,1 0 0 1,1.012838550588083;291 292 293 294,0 0 0 0,1 0 0 0,1.003912044671085;291 292 293 294,0 0 0 0,0 1 0 0,1.267116243006254;291 292 293 294,0 0 0 0,0 0 1 0,1.267116243006254;291 292 293 294,0 0 0 0,0 0 0 1,1.0075645889277947;
295 296 297,0 1 2,1 1 1,1.2673954439997182;295 296 297,0 0 1,0 1 1,1.2671170924993644;295 296 297,0 0 1,1 0 1,1.0120935449394932;295 296 297,0 1 0,0 1 1,1.2671170924993644;295 296 297,0 1 0,1 1 0,1.2673945945066076;295 296 297,0 1 1,1 1 0,1.2673945945066076;295 296 297,0 1 1,1 0 1,1.0093754509122632;295 296 297,0 0 0,0 1 0,1.267116243006254;295 296 297,0 0 0,0 0 1,1.0055703787181702;295 296 297,0 0 0,1 0 0,1.0085401295801968;
295 298,0 0,0 1,0.0;295 298,0 0,1 0,0.0;
298 299 300,0 1 2,1 1 1,1.267894227577849;298 299 300,0 0 1,1 0 1,1.267117824171676;298 299 300,0 0 1,0 1 1,1.2678926464124272;298 299 300,0 1 0,1 1 0,1.0101551371585817;298 299 300,0 1 0,0 1 1,1.2678926464124272;298 299 300,0 1 1,1 1 0,1.012192665279843;298 299 300,0 1 1,1 0 1,1.267117824171676;298 299 300,0 0 0,1 0 0,1.0049647171876541;298 299 300,0 0 0,0 1 0,1.0084391721020811;298 299 300,0 0 0,0 0 1,1.267116243006254;
299 301,0 0,1 0,0.0;299 301,0 0,0 1,0.0;
301 302,0 0,1 0,0.0;301 302,0 0,0 1,0.0;
302 303 304,0 1 2,1 1 1,1.2671513709325384;302 303 304,0 0 1,1 0 1,1.0125634930787724;302 303 304,0 0 1,0 1 1,1.2671504591364289;302 303 304,0 1 0,0 1 1,1.2671504591364289;302 303 304,0 1 0,1 1 0,1.2671171548023636;302 303 304,0 1 1,1 0 1,1.0108772384274174;302 303 304,0 1 1,1 1 0,1.2671171548023636;302 303 304,0 0 0,0 0 1,1.0079473151910416;302 303 304,0 0 0,1 0 0,1.005686790696282;302 303 304,0 0 0,0 1 0,1.267116243006254;
305 306 307,0 1 2,1 1 1,1.2671196756447798;305 306 307,0 0 1,1 0 1,1.267119612262451;305 306 307,0 0 1,0 1 1,1.0092388890690742;305 306 307,0 1 0,1 1 0,1.2671163063885826;305 306 307,0 1 0,0 1 1,1.0117111924835753;305 306 307,0 1 1,1 1 0,1.2671163063885826;305 306 307,0 1 1,1 0 1,1.267119612262451;305 306 307,0 0 0,1 0 0,1.267116243006254;305 306 307,0 0 0,0 1 0,1.00549172195112;305 306 307,0 0 0,0 0 1,1.0080882750216482;
308 309 310,0 1 2,1 1 1,1.2674843914733709;308 309 310,0 0 1,1 0 1,1.0117132988507633;308 309 310,0 0 1,0 1 1,1.2671162487284688;308 309 310,0 1 0,1 1 0,1.267484385751156;308 309 310,0 1 0,0 1 1,1.2671162487284688;308 309 310,0 1 1,1 1 0,1.267484385751156;308 309 310,0 1 1,1 0 1,1.0112450619610316;308 309 310,0 0 0,1 0 0,1.0071949880709976;308 309 310,0 0 0,0 1 0,1.267116243006254;308 309 310,0 0 0,0 0 1,1.0057230831780948;
308 311,0 0,1 0,0.0;308 311,0 0,0 1,0.0;
311 312,0 0,0 1,0.0;311 312,0 0,1 0,0.0;
312 313 314,0 1 2,1 1 1,1.2684244922846108;312 313 314,0 0 1,1 0 1,1.2671176164197862;312 313 314,0 0 1,0 1 1,1.2684231188710786;312 313 314,0 1 0,1 1 0,1.01307918165434;312 313 314,0 1 0,0 1 1,1.2684231188710786;312 313 314,0 1 1,1 1 0,1.011749786463651;312 313 314,0 1 1,1 0 1,1.2671176164197862;312 313 314,0 0 0,1 0 0,1.005413767768528;312 313 314,0 0 0,0 1 0,1.008387869940262;312 313 314,0 0 0,0 0 1,1.267116243006254;
313 315,0 0,1 0,0.0;313 315,0 0,0 1,0.0;
264 316,0 0,1 0,0.0;264 316,0 0,0 1,0.0;
316 317,0 0,1 0,0.0;316 317,0 0,0 1,0.0;
317,0,1,0.0;
262 318,0 0,0 1,0.0;262 318,0 0,1 0,0.0;
318 319,0 0,1 0,0.0;318 319,0 0,0 1,0.0;
319,0,1,0.0;
270 320,0 0,0 1,0.0;270 320,0 0,1 0,0.0;
320 321,0 0,1 0,0.0;320 321,0 0,0 1,0.0;
321,0,1,0.0;
273 322,0 0,1 0,0.0;273 322,0 0,0 1,0.0;
322 323,0 0,1 0,0.0;322 323,0 0,0 1,0.0;
323,0,1,0.0;
276 324,0 0,1 0,0.0;276 324,0 0,0 1,0.0;
324 325,0 0,1 0,0.0;324 325,0 0,0 1,0.0;
325,0,1,0.0;
266 326,0 0,1 0,0.0;266 326,0 0,0 1,0.0;
326 327,0 0,1 0,0.0;326 327,0 0,0 1,0.0;
327,0,1,0.0;
154 328,0 0,0 1,0.0;154 328,0 0,1 0,0.0;
328 329,0 0,1 0,0.0;328 329,0 0,0 1,0.0;
329,0,1,0.0;
157 330,0 0,0 1,0.0;157 330,0 0,1 0,0.0;
330 331,0 0,1 0,0.0;330 331,0 0,0 1,0.0;
331,0,1,0.0;
284 332,0 0,1 0,0.0;284 332,0 0,0 1,0.0;
332 333,0 0,1 0,0.0;332 333,0 0,0 1,0.0;
333,0,1,0.0;
281 334,0 0,1 0,0.0;281 334,0 0,0 1,0.0;
334 335,0 0,1 0,0.0;334 335,0 0,0 1,0.0;
335,0,1,0.0;
287 336,0 0,0 1,0.0;287 336,0 0,1 0,0.0;
336 337,0 0,1 0,0.0;336 337,0 0,0 1,0.0;
337,0,1,0.0;
290 338,0 0,1 0,0.0;290 338,0 0,0 1,0.0;
338 339,0 0,1 0,0.0;338 339,0 0,0 1,0.0;
339,0,1,0.0;
292 340,0 0,1 0,0.0;292 340,0 0,0 1,0.0;
340 341,0 0,1 0,0.0;340 341,0 0,0 1,0.0;
341,0,1,0.0;
293 342,0 0,1 0,0.0;293 342,0 0,0 1,0.0;
342 343,0 0,1 0,0.0;342 343,0 0,0 1,0.0;
343,0,1,0.0;
296 344,0 0,1 0,0.0;296 344,0 0,0 1,0.0;
344 345,0 0,1 0,0.0;344 345,0 0,0 1,0.0;
345,0,1,0.0;
300 346,0 0,0 1,0.0;300 346,0 0,1 0,0.0;
346 347,0 0,1 0,0.0;346 347,0 0,0 1,0.0;
347,0,1,0.0;
303 348,0 0,0 1,0.0;303 348,0 0,1 0,0.0;
348 349,0 0,1 0,0.0;348 349,0 0,0 1,0.0;
349,0,1,0.0;
305 350,0 0,1 0,0.0;305 350,0 0,0 1,0.0;
350 351,0 0,1 0,0.0;350 351,0 0,0 1,0.0;
351,0,1,0.0;
309 352,0 0,0 1,0.0;309 352,0 0,1 0,0.0;
352 353,0 0,1 0,0.0;352 353,0 0,0 1,0.0;
353,0,1,0.0;
314 354,0 0,1 0,0.0;314 354,0 0,0 1,0.0;
354 355,0 0,1 0,0.0;354 355,0 0,0 1,0.0;
355,0,1,0.0;
188 190 234 356,0 1 2 3,1 1 1 1,1.0292844497290983;188 190 234 356,0 0 1 2,1 0 1 1,1.0100112330008744;188 190 234 356,0 0 1 2,0 1 1 1,1.0130264555274031;188 190 234 356,0 1 0 2,0 1 1 1,1.019607446774354;188 190 234 356,0 1 0 2,1 1 0 1,1.0202449103581241;188 190 234 356,0 1 1 2,1 0 1 1,1.0101252707469999;188 190 234 356,0 1 1 2,1 1 0 1,1.0134426876046485;188 190 234 356,0 0 0 1,0 0 1 1,1.0116529713465392;188 190 234 356,0 0 0 1,1 0 0 1,1.0152528265327005;188 190 234 356,0 0 0 1,0 1 0 1,1.0199962763294854;188 190 234 356,0 1 2 0,0 1 1 1,1.0146361693651431;188 190 234 356,0 1 2 0,1 1 1 0,1.0120799865018346;188 190 234 356,0 1 2 1,1 0 1 1,1.0135506627715791;188 190 234 356,0 1 2 1,1 1 1 0,1.0146550906359244;188 190 234 356,0 1 2 2,1 1 1 0,1.0114941903323085;188 190 234 356,0 1 2 2,1 1 0 1,1.0141134971897878;188 190 234 356,0 0 1 0,0 0 1 1,1.0125092241748095;188 190 234 356,0 0 1 0,1 0 1 0,1.0104219681427116;188 190 234 356,0 0 1 0,0 1 1 0,1.013288064796602;188 190 234 356,0 0 1 1,1 0 1 0,1.0024121049078336;188 190 234 356,0 0 1 1,1 0 0 1,1.0035749665005325;188 190 234 356,0 0 1 1,0 1 1 0,1.0042200915241402;188 190 234 356,0 0 1 1,0 1 0 1,1.0056278915285495;188 190 234 356,0 1 0 0,0 1 0 1,1.0199962763294854;188 190 234 356,0 1 0 0,0 1 1 0,1.0111249359161931;188 190 234 356,0 1 0 0,1 1 0 0,1.0146711191866715;188 190 234 356,0 1 0 1,0 0 1 1,1.0082073474501132;188 190 234 356,0 1 0 1,0 1 1 0,1.0091615975621628;188 190 234 356,0 1 0 1,1 0 0 1,1.0084200872535911;188 190 234 356,0 1 0 1,1 1 0 0,1.009388430395156;188 190 234 356,0 1 1 0,0 0 1 1,1.0038758340048304;188 190 234 356,0 1 1 0,0 1 0 1,1.006134334100052;188 190 234 356,0 1 1 0,1 0 1 0,1.0027629303144503;188 190 234 356,0 1 1 0,1 1 0 0,1.0047527030413201;188 190 234 356,0 1 1 1,1 0 1 0,1.0104219681427116;188 190 234 356,0 1 1 1,1 0 0 1,1.011295475313774;188 190 234 356,0 1 1 1,1 1 0 0,1.0135333794732893;188 190 234 356,0 0 0 0,0 0 0 1,1.0101360021809496;188 190 234 356,0 0 0 0,0 0 1 0,1.0076952399708052;188 190 234 356,0 0 0 0,1 0 0 0,1.0072909570059614;188 190 234 356,0 0 0 0,0 1 0 0,1.0105864040043013;
138 357,0 0,1 0,0.0;138 357,0 0,0 1,0.0;
130 132 179 357,0 1 2 3,1 1 1 1,1.0321868669037446;130 132 179 357,0 0 1 2,1 0 1 1,1.0100891494341178;130 132 179 357,0 0 1 2,0 1 1 1,1.0161863079069746;130 132 179 357,0 1 0 2,1 1 0 1,1.0192868398291393;130 132 179 357,0 1 0 2,0 1 1 1,1.0212919125291624;130 132 179 357,0 1 1 2,1 0 1 1,1.0111733579319484;130 132 179 357,0 1 1 2,1 1 0 1,1.0164439702660168;130 132 179 357,0 0 0 1,1 0 0 1,1.0110006850491797;130 132 179 357,0 0 0 1,0 0 1 1,1.011678334677486;130 132 179 357,0 0 0 1,0 1 0 1,1.0169523160944491;130 132 179 357,0 1 2 0,1 1 1 0,1.0146161294738387;130 132 179 357,0 1 2 0,0 1 1 1,1.017397247613546;130 132 179 357,0 1 2 1,1 1 1 0,1.0178415108569858;130 132 179 357,0 1 2 1,1 0 1 1,1.0138246541476452;130 132 179 357,0 1 2 2,1 1 1 0,1.0138334342995217;130 132 179 357,0 1 2 2,1 1 0 1,1.0151522553951986;130 132 179 357,0 0 1 0,1 0 1 0,1.0116379238938016;130 132 179 357,0 0 1 0,0 1 1 0,1.0175006571840428;130 132 179 357,0 0 1 0,0 0 1 1,1.0117310195965992;130 132 179 357,0 0 1 1,1 0 1 0,1.0021946443094594;130 132 179 357,0 0 1 1,1 0 0 1,1.002840492582744;130 132 179 357,0 0 1 1,0 1 1 0,1.0068599146721287;130 132 179 357,0 0 1 1,0 1 0 1,1.0076426761342419;130 132 179 357,0 1 0 0,1 1 0 0,1.0136441982124016;130 132 179 357,0 1 0 0,0 1 1 0,1.0148464435705427;130 132 179 357,0 1 0 0,0 1 0 1,1.0169523160944491;130 132 179 357,0 1 0 1,1 1 0 0,1.0107217419702872;130 132 179 357,0 1 0 1,1 0 0 1,1.0070560823990449;130 132 179 357,0 1 0 1,0 1 1 0,1.0117284445159294;130 132 179 357,0 1 0 1,0 0 1 1,1.0079949618942643;130 132 179 357,0 1 1 0,1 0 1 0,1.0031878227965176;130 132 179 357,0 1 1 0,1 1 0 0,1.0073939696313052;130 132 179 357,0 1 1 0,0 0 1 1,1.004576956934988;130 132 179 357,0 1 1 0,0 1 0 1,1.008996257508174;130 132 179 357,0 1 1 1,1 0 1 0,1.0116379238938016;130 132 179 357,0 1 1 1,1 1 0 0,1.0187286316183115;130 132 179 357,0 1 1 1,1 0 0 1,1.0104278850220447;130 132 179 357,0 0 0 0,1 0 0 0,1.0053274213843635;130 132 179 357,0 0 0 0,0 0 1 0,1.006686275945081;130 132 179 357,0 0 0 0,0 1 0 0,1.0123676281547165;130 132 179 357,0 0 0 0,0 0 0 1,1.0068928817802707;
315 358,0 0,1 0,0.0;315 358,0 0,0 1,0.0;
358 359 360,0 1 2,1 1 1,1.268111722446674;358 359 360,0 0 1,1 0 1,1.2671259496185623;358 359 360,0 0 1,0 1 1,1.2681020158343657;358 359 360,0 1 0,0 1 1,1.2681020158343657;358 359 360,0 1 0,1 1 0,1.0121524147853689;358 359 360,0 1 1,1 0 1,1.2671259496185623;358 359 360,0 1 1,1 1 0,1.0113586389212792;358 359 360,0 0 0,0 0 1,1.267116243006254;358 359 360,0 0 0,1 0 0,1.0051093444330155;358 359 360,0 0 0,0 1 0,1.007453063788403;
359 361,0 0,0 1,0.0;359 361,0 0,1 0,0.0;
361 362,0 0,1 0,0.0;361 362,0 0,0 1,0.0;
362 363 364,0 1 2,1 1 1,1.2678236000010372;362 363 364,0 0 1,1 0 1,1.2671736062594514;362 363 364,0 0 1,0 1 1,1.2677662367478397;362 363 364,0 1 0,1 1 0,1.0110770829349518;362 363 364,0 1 0,0 1 1,1.2677662367478397;362 363 364,0 1 1,1 1 0,1.0113665550837347;362 363 364,0 1 1,1 0 1,1.2671736062594514;362 363 364,0 0 0,1 0 0,1.00516974629056;362 363 364,0 0 0,0 1 0,1.0066986584685256;362 363 364,0 0 0,0 0 1,1.267116243006254;
363 365,0 0,1 0,0.0;363 365,0 0,0 1,0.0;
278 366,0 0,0 1,0.0;278 366,0 0,1 0,0.0;
366 367 368,0 1 2,1 1 1,1.267116243006254;366 367 368,0 0 1,1 0 1,1.267116243006254;366 367 368,0 0 1,0 1 1,1.267116243006254;366 367 368,0 1 0,0 1 1,1.267116243006254;366 367 368,0 1 0,1 1 0,1.267116243006254;366 367 368,0 1 1,1 0 1,1.267116243006254;366 367 368,0 1 1,1 1 0,1.267116243006254;366 367 368,0 0 0,0 0 1,1.267116243006254;366 367 368,0 0 0,1 0 0,1.267116243006254;366 367 368,0 0 0,0 1 0,1.267116243006254;
367 369,0 0,0 1,0.0;367 369,0 0,1 0,0.0;
369 370,0 0,1 0,0.0;369 370,0 0,0 1,0.0;
370 371 372,0 1 2,1 1 1,1.267116243006254;370 371 372,0 0 1,1 0 1,1.267116243006254;370 371 372,0 0 1,0 1 1,1.267116243006254;370 371 372,0 1 0,1 1 0,1.267116243006254;370 371 372,0 1 0,0 1 1,1.267116243006254;370 371 372,0 1 1,1 1 0,1.267116243006254;370 371 372,0 1 1,1 0 1,1.267116243006254;370 371 372,0 0 0,1 0 0,1.267116243006254;370 371 372,0 0 0,0 1 0,1.267116243006254;370 371 372,0 0 0,0 0 1,1.267116243006254;
371 373,0 0,1 0,0.0;371 373,0 0,0 1,0.0;
373 374,0 0,1 0,0.0;373 374,0 0,0 1,0.0;
374 375 376,0 1 2,1 1 1,1.267116243006254;374 375 376,0 0 1,1 0 1,1.267116243006254;374 375 376,0 0 1,0 1 1,1.267116243006254;374 375 376,0 1 0,0 1 1,1.267116243006254;374 375 376,0 1 0,1 1 0,1.267116243006254;374 375 376,0 1 1,1 0 1,1.267116243006254;374 375 376,0 1 1,1 1 0,1.267116243006254;374 375 376,0 0 0,0 0 1,1.267116243006254;374 375 376,0 0 0,1 0 0,1.267116243006254;374 375 376,0 0 0,0 1 0,1.267116243006254;
375 377,0 0,0 1,0.0;375 377,0 0,1 0,0.0;
377 378,0 0,1 0,0.0;377 378,0 0,0 1,0.0;
378 379 380,0 1 2,1 1 1,1.267116243006254;378 379 380,0 0 1,1 0 1,1.267116243006254;378 379 380,0 0 1,0 1 1,1.267116243006254;378 379 380,0 1 0,1 1 0,1.267116243006254;378 379 380,0 1 0,0 1 1,1.267116243006254;378 379 380,0 1 1,1 1 0,1.267116243006254;378 379 380,0 1 1,1 0 1,1.267116243006254;378 379 380,0 0 0,1 0 0,1.267116243006254;378 379 380,0 0 0,0 1 0,1.267116243006254;378 379 380,0 0 0,0 0 1,1.267116243006254;
379 381,0 0,1 0,0.0;379 381,0 0,0 1,0.0;
365 382,0 0,1 0,0.0;365 382,0 0,0 1,0.0;
382 383 384,0 1 2,1 1 1,1.2692227955662334;382 383 384,0 0 1,1 0 1,1.267132870826712;382 383 384,0 0 1,0 1 1,1.269206167745775;382 383 384,0 1 0,0 1 1,1.269206167745775;382 383 384,0 1 0,1 1 0,1.0128525751395663;382 383 384,0 1 1,1 0 1,1.267132870826712;382 383 384,0 1 1,1 1 0,1.0134672409479113;382 383 384,0 0 0,0 0 1,1.267116243006254;382 383 384,0 0 0,1 0 0,1.0052821655551105;382 383 384,0 0 0,0 1 0,1.0089295097821263;
383 385,0 0,0 1,0.0;383 385,0 0,1 0,0.0;
385 386,0 0,1 0,0.0;385 386,0 0,0 1,0.0;
386 387 388,0 1 2,1 1 1,1.267132104139872;386 387 388,0 0 1,1 0 1,1.0126533137363307;386 387 388,0 0 1,0 1 1,1.2671303819527608;386 387 388,0 1 0,1 1 0,1.267117965193365;386 387 388,0 1 0,0 1 1,1.2671303819527608;386 387 388,0 1 1,1 1 0,1.267117965193365;386 387 388,0 1 1,1 0 1,1.0111885129179485;386 387 388,0 0 0,1 0 0,1.0062125047235773;386 387 388,0 0 0,0 1 0,1.267116243006254;386 387 388,0 0 0,0 0 1,1.0080339036436292;
389 390 391,0 1 2,1 1 1,1.2674086861961615;389 390 391,0 0 1,1 0 1,1.0113728255471495;389 390 391,0 0 1,0 1 1,1.267116540864416;389 390 391,0 1 0,1 1 0,1.2674083883379996;389 390 391,0 1 0,0 1 1,1.267116540864416;389 390 391,0 1 1,1 1 0,1.2674083883379996;389 390 391,0 1 1,1 0 1,1.010575978315221;389 390 391,0 0 0,1 0 0,1.0081309739111075;389 390 391,0 0 0,0 1 0,1.267116243006254;389 390 391,0 0 0,0 0 1,1.004403436109432;
389 392,0 0,0 1,0.0;389 392,0 0,1 0,0.0;
392 393,0 0,1 0,0.0;392 393,0 0,0 1,0.0;
393 394 395,0 1 2,1 1 1,1.267869110791166;393 394 395,0 0 1,1 0 1,1.2671208167206056;393 394 395,0 0 1,0 1 1,1.267864537076814;393 394 395,0 1 0,1 1 0,1.0124456586255082;393 394 395,0 1 0,0 1 1,1.267864537076814;393 394 395,0 1 1,1 1 0,1.0120111531105536;393 394 395,0 1 1,1 0 1,1.2671208167206056;393 394 395,0 0 0,1 0 0,1.0059534343240104;393 394 395,0 0 0,0 1 0,1.007848128081078;393 394 395,0 0 0,0 0 1,1.267116243006254;
394 396,0 0,1 0,0.0;394 396,0 0,0 1,0.0;
396 397,0 0,1 0,0.0;396 397,0 0,0 1,0.0;
397 398 399,0 1 2,1 1 1,1.2672198244230692;397 398 399,0 0 1,1 0 1,1.2671164339722816;397 398 399,0 0 1,0 1 1,1.2672196334570418;397 398 399,0 1 0,1 1 0,1.011211814337074;397 398 399,0 1 0,0 1 1,1.2672196334570418;397 398 399,0 1 1,1 1 0,1.0105398171667526;397 398 399,0 1 1,1 0 1,1.2671164339722816;397 398 399,0 0 0,1 0 0,1.004834833633127;397 398 399,0 0 0,0 1 0,1.0066370601539336;397 398 399,0 0 0,0 0 1,1.267116243006254;
398 400,0 0,0 1,0.0;398 400,0 0,1 0,0.0;
400 401 402,0 1 2,1 1 1,1.2672048557903368;400 401 402,0 0 1,1 0 1,1.012018054377937;400 401 402,0 0 1,0 1 1,1.267194490665982;400 401 402,0 1 0,1 1 0,1.2671266081306087;400 401 402,0 1 0,0 1 1,1.267194490665982;400 401 402,0 1 1,1 1 0,1.2671266081306087;400 401 402,0 1 1,1 0 1,1.0104512508035899;400 401 402,0 0 0,1 0 0,1.0046949641731997;400 401 402,0 0 0,0 1 0,1.267116243006254;400 401 402,0 0 0,0 0 1,1.0073779164762713;
403 404 405,0 1 2,1 1 1,1.2677715636607991;403 404 405,0 0 1,1 0 1,1.011593629755934;403 404 405,0 0 1,0 1 1,1.2671222838019716;403 404 405,0 1 0,1 1 0,1.2677655228650815;403 404 405,0 1 0,0 1 1,1.2671222838019716;403 404 405,0 1 1,1 1 0,1.2677655228650815;403 404 405,0 1 1,1 0 1,1.010448896916417;403 404 405,0 0 0,1 0 0,1.0071855969692494;403 404 405,0 0 0,0 1 0,1.267116243006254;403 404 405,0 0 0,0 0 1,1.0050117474458027;
403 406,0 0,1 0,0.0;403 406,0 0,0 1,0.0;
406 407,0 0,1 0,0.0;406 407,0 0,0 1,0.0;
407 408 409,0 1 2,1 1 1,1.0293690812546759;407 408 409,0 0 1,0 1 1,1.0101623905970658;407 408 409,0 0 1,1 0 1,1.0071450134929958;407 408 409,0 1 0,0 1 1,1.0125729656577334;407 408 409,0 1 0,1 1 0,1.0106803881293758;407 408 409,0 1 1,1 1 0,1.0125781765928874;407 408 409,0 1 1,1 0 1,1.0103435388377575;407 408 409,0 0 0,0 1 0,1.0091034343697574;407 408 409,0 0 0,0 0 1,1.0065088311701125;407 408 409,0 0 0,1 0 0,1.0054578497691553;
408 410,0 0,1 0,0.0;408 410,0 0,0 1,0.0;
410 411,0 0,1 0,0.0;410 411,0 0,0 1,0.0;
411 412 413,0 1 2,1 1 1,1.2671501139881245;411 412 413,0 0 1,1 0 1,1.0073190097260465;411 412 413,0 0 1,0 1 1,1.2671442041156074;411 412 413,0 1 0,1 1 0,1.267122152878771;411 412 413,0 1 0,0 1 1,1.2671442041156074;411 412 413,0 1 1,1 1 0,1.267122152878771;411 412 413,0 1 1,1 0 1,1.008926103430944;411 412 413,0 0 0,1 0 0,1.0042236410088337;411 412 413,0 0 0,0 1 0,1.267116243006254;411 412 413,0 0 0,0 0 1,1.0062818112451073;
412 414,0 0,1 0,0.0;412 414,0 0,0 1,0.0;
414 415,0 0,1 0,0.0;414 415,0 0,0 1,0.0;
162 416,0 0,0 1,0.0;162 416,0 0,1 0,0.0;
417 418,0 0,1 0,0.0;417 418,0 0,0 1,0.0;
417 419 420 421,0 1 2 3,1 1 1 1,1.2671510884567057;417 419 420 421,0 0 1 2,1 0 1 1,1.2671510884567057;417 419 420 421,0 0 1 2,0 1 1 1,1.2671416565502194;417 419 420 421,0 1 0 2,1 1 0 1,1.2671510884567057;417 419 420 421,0 1 0 2,0 1 1 1,1.2671416565502194;417 419 420 421,0 1 1 2,1 1 0 1,1.2671510884567057;417 419 420 421,0 1 1 2,1 0 1 1,1.2671510884567057;417 419 420 421,0 0 0 1,1 0 0 1,1.0103744311092875;417 419 420 421,0 0 0 1,0 1 0 1,1.2671416565502194;417 419 420 421,0 0 0 1,0 0 1 1,1.2671416565502194;417 419 420 421,0 1 2 0,1 1 1 0,1.2671256749127402;417 419 420 421,0 1 2 0,0 1 1 1,1.2671416565502194;417 419 420 421,0 1 2 1,1 1 1 0,1.2671256749127402;417 419 420 421,0 1 2 1,1 0 1 1,1.2671510884567057;417 419 420 421,0 1 2 2,1 1 1 0,1.2671256749127402;417 419 420 421,0 1 2 2,1 1 0 1,1.2671510884567057;417 419 420 421,0 0 1 0,1 0 1 0,1.2671256749127402;417 419 420 421,0 0 1 0,0 1 1 0,1.267116243006254;417 419 420 421,0 0 1 0,0 0 1 1,1.2671416565502194;417 419 420 421,0 0 1 1,1 0 1 0,1.2671256749127402;417 419 420 421,0 0 1 1,1 0 0 1,1.0026142723381601;417 419 420 421,0 0 1 1,0 1 1 0,1.267116243006254;417 419 420 421,0 0 1 1,0 1 0 1,1.2671416565502194;417 419 420 421,0 1 0 0,1 1 0 0,1.2671256749127402;417 419 420 421,0 1 0 0,0 1 1 0,1.267116243006254;417 419 420 421,0 1 0 0,0 1 0 1,1.2671416565502194;417 419 420 421,0 1 0 1,1 1 0 0,1.2671256749127402;417 419 420 421,0 1 0 1,1 0 0 1,1.0061464021400237;417 419 420 421,0 1 0 1,0 1 1 0,1.267116243006254;417 419 420 421,0 1 0 1,0 0 1 1,1.2671416565502194;417 419 420 421,0 1 1 0,1 1 0 0,1.2671256749127402;417 419 420 421,0 1 1 0,1 0 1 0,1.2671256749127402;417 419 420 421,0 1 1 0,0 1 0 1,1.2671416565502194;417 419 420 421,0 1 1 0,0 0 1 1,1.2671416565502194;417 419 420 421,0 1 1 1,1 1 0 0,1.2671256749127402;417 419 420 421,0 1 1 1,1 0 1 0,1.2671256749127402;417 419 420 421,0 1 1 1,1 0 0 1,1.0101767341935801;417 419 420 421,0 0 0 0,1 0 0 0,1.0038295051788326;417 419 420 421,0 0 0 0,0 1 0 0,1.267116243006254;417 419 420 421,0 0 0 0,0 0 1 0,1.267116243006254;417 419 420 421,0 0 0 0,0 0 0 1,1.005638641188093;
419 422,0 0,1 0,0.0;419 422,0 0,0 1,0.0;
360 423,0 0,1 0,0.0;360 423,0 0,0 1,0.0;
423 424,0 0,0 1,0.0;423 424,0 0,1 0,0.0;
424,0,1,0.0;
368 425,0 0,1 0,0.0;368 425,0 0,0 1,0.0;
425 426,0 0,1 0,0.0;425 426,0 0,0 1,0.0;
426,0,1,0.0;
364 427,0 0,0 1,0.0;364 427,0 0,1 0,0.0;
427 428,0 0,1 0,0.0;427 428,0 0,0 1,0.0;
428,0,1,0.0;
384 429,0 0,1 0,0.0;384 429,0 0,0 1,0.0;
429 430,0 0,1 0,0.0;429 430,0 0,0 1,0.0;
430,0,1,0.0;
395 431,0 0,1 0,0.0;395 431,0 0,0 1,0.0;
431 432,0 0,0 1,0.0;431 432,0 0,1 0,0.0;
432,0,1,0.0;
390 433,0 0,0 1,0.0;390 433,0 0,1 0,0.0;
433 434,0 0,1 0,0.0;433 434,0 0,0 1,0.0;
434,0,1,0.0;
399 435,0 0,0 1,0.0;399 435,0 0,1 0,0.0;
435 436,0 0,1 0,0.0;435 436,0 0,0 1,0.0;
436,0,1,0.0;
401 437,0 0,1 0,0.0;401 437,0 0,0 1,0.0;
437 438,0 0,1 0,0.0;437 438,0 0,0 1,0.0;
438,0,1,0.0;
404 439,0 0,1 0,0.0;404 439,0 0,0 1,0.0;
439 440,0 0,0 1,0.0;439 440,0 0,1 0,0.0;
440,0,1,0.0;
376 441,0 0,1 0,0.0;376 441,0 0,0 1,0.0;
441 442,0 0,1 0,0.0;441 442,0 0,0 1,0.0;
442,0,1,0.0;
372 443,0 0,0 1,0.0;372 443,0 0,1 0,0.0;
443 444,0 0,1 0,0.0;443 444,0 0,0 1,0.0;
444,0,1,0.0;
380 445,0 0,1 0,0.0;380 445,0 0,0 1,0.0;
445 446,0 0,1 0,0.0;445 446,0 0,0 1,0.0;
446,0,1,0.0;
387 447,0 0,1 0,0.0;387 447,0 0,0 1,0.0;
447 448,0 0,0 1,0.0;447 448,0 0,1 0,0.0;
448,0,1,0.0;
422 449,0 0,0 1,0.0;422 449,0 0,1 0,0.0;
449,0,1,0.0;
450 451,0 0,1 0,0.0;450 451,0 0,0 1,0.0;
450 452,0 0,1 0,0.0;450 452,0 0,0 1,0.0;
452,0,1,0.0;
415 453 454,0 1 2,1 1 1,1.267116243006254;415 453 454,0 0 1,0 1 1,1.267116243006254;415 453 454,0 0 1,1 0 1,1.267116243006254;415 453 454,0 1 0,0 1 1,1.267116243006254;415 453 454,0 1 0,1 1 0,1.267116243006254;415 453 454,0 1 1,1 1 0,1.267116243006254;415 453 454,0 1 1,1 0 1,1.267116243006254;415 453 454,0 0 0,0 1 0,1.267116243006254;415 453 454,0 0 0,0 0 1,1.267116243006254;415 453 454,0 0 0,1 0 0,1.267116243006254;
453 455,0 0,1 0,0.0;453 455,0 0,0 1,0.0;
455 456,0 0,0 1,0.0;455 456,0 0,1 0,0.0;
451 456 457,0 1 2,1 1 1,1.267116243006254;451 456 457,0 0 1,0 1 1,1.267116243006254;451 456 457,0 0 1,1 0 1,1.267116243006254;451 456 457,0 1 0,0 1 1,1.267116243006254;451 456 457,0 1 0,1 1 0,1.267116243006254;451 456 457,0 1 1,1 1 0,1.267116243006254;451 456 457,0 1 1,1 0 1,1.267116243006254;451 456 457,0 0 0,0 1 0,1.267116243006254;451 456 457,0 0 0,0 0 1,1.267116243006254;451 456 457,0 0 0,1 0 0,1.267116243006254;
457 458,0 0,1 0,0.0;457 458,0 0,0 1,0.0;
458 459,0 0,1 0,0.0;458 459,0 0,0 1,0.0;
459 460 461,0 1 2,1 1 1,1.267116243006254;459 460 461,0 0 1,1 0 1,1.267116243006254;459 460 461,0 0 1,0 1 1,1.267116243006254;459 460 461,0 1 0,1 1 0,1.267116243006254;459 460 461,0 1 0,0 1 1,1.267116243006254;459 460 461,0 1 1,1 1 0,1.267116243006254;459 460 461,0 1 1,1 0 1,1.267116243006254;459 460 461,0 0 0,1 0 0,1.267116243006254;459 460 461,0 0 0,0 1 0,1.267116243006254;459 460 461,0 0 0,0 0 1,1.267116243006254;
460 462,0 0,1 0,0.0;460 462,0 0,0 1,0.0;
462 463 464,0 1 2,1 1 1,1.267116243006254;462 463 464,0 0 1,1 0 1,1.267116243006254;462 463 464,0 0 1,0 1 1,1.267116243006254;462 463 464,0 1 0,0 1 1,1.267116243006254;462 463 464,0 1 0,1 1 0,1.267116243006254;462 463 464,0 1 1,1 0 1,1.267116243006254;462 463 464,0 1 1,1 1 0,1.267116243006254;462 463 464,0 0 0,0 0 1,1.267116243006254;462 463 464,0 0 0,1 0 0,1.267116243006254;462 463 464,0 0 0,0 1 0,1.267116243006254;
463 465,0 0,0 1,0.0;463 465,0 0,1 0,0.0;
461 466,0 0,0 1,0.0;461 466,0 0,1 0,0.0;
466 467,0 0,1 0,0.0;466 467,0 0,0 1,0.0;
467,0,1,0.0;
464 468,0 0,1 0,0.0;464 468,0 0,0 1,0.0;
468 469,0 0,1 0,0.0;468 469,0 0,0 1,0.0;
469,0,1,0.0;
454 470,0 0,0 1,0.0;454 470,0 0,1 0,0.0;
470 471,0 0,1 0,0.0;470 471,0 0,0 1,0.0;
471,0,1,0.0;
420 472,0 0,0 1,0.0;420 472,0 0,1 0,0.0;
472,0,1,0.0;
473 474,0 0,1 0,0.0;473 474,0 0,0 1,0.0;
473,0,1,0.0;
409 475,0 0,1 0,0.0;409 475,0 0,0 1,0.0;
416 418 474 475,0 1 2 3,1 1 1 1,1.267764088596325;416 418 474 475,0 0 1 2,1 0 1 1,1.2672379252559867;416 418 474 475,0 0 1 2,0 1 1 1,1.267712157807026;416 418 474 475,0 1 0 2,1 1 0 1,1.015220611091811;416 418 474 475,0 1 0 2,0 1 1 1,1.267712157807026;416 418 474 475,0 1 1 2,1 0 1 1,1.2672379252559867;416 418 474 475,0 1 1 2,1 1 0 1,1.0143316940558946;416 418 474 475,0 0 0 1,1 0 0 1,1.0100464307545665;416 418 474 475,0 0 0 1,0 0 1 1,1.2671859944666877;416 418 474 475,0 0 0 1,0 1 0 1,1.0134331257120386;416 418 474 475,0 1 2 0,1 1 1 0,1.2676943371358915;416 418 474 475,0 1 2 0,0 1 1 1,1.267712157807026;416 418 474 475,0 1 2 1,1 1 1 0,1.2676943371358915;416 418 474 475,0 1 2 1,1 0 1 1,1.2672379252559867;416 418 474 475,0 1 2 2,1 1 1 0,1.2676943371358915;416 418 474 475,0 1 2 2,1 1 0 1,1.0117830910984391;416 418 474 475,0 0 1 0,1 0 1 0,1.267168173795553;416 418 474 475,0 0 1 0,0 1 1 0,1.2676424063465923;416 418 474 475,0 0 1 0,0 0 1 1,1.2671859944666877;416 418 474 475,0 0 1 1,1 0 1 0,1.267168173795553;416 418 474 475,0 0 1 1,1 0 0 1,1.0025304934399406;416 418 474 475,0 0 1 1,0 1 1 0,1.2676424063465923;416 418 474 475,0 0 1 1,0 1 0 1,1.0044124435123942;416 418 474 475,0 1 0 0,1 1 0 0,1.010095633520416;416 418 474 475,0 1 0 0,0 1 1 0,1.2676424063465923;416 418 474 475,0 1 0 0,0 1 0 1,1.0126715504656505;416 418 474 475,0 1 0 1,1 1 0 0,1.0073840323966605;416 418 474 475,0 1 0 1,1 0 0 1,1.0059358217642649;416 418 474 475,0 1 0 1,0 1 1 0,1.2676424063465923;416 418 474 475,0 1 0 1,0 0 1 1,1.2671859944666877;416 418 474 475,0 1 1 0,1 0 1 0,1.267168173795553;416 418 474 475,0 1 1 0,1 1 0 0,1.0059691298608833;416 418 474 475,0 1 1 0,0 0 1 1,1.2671859944666877;416 418 474 475,0 1 1 0,0 1 0 1,1.0070708009902745;416 418 474 475,0 1 1 1,1 0 1 0,1.267168173795553;416 418 474 475,0 1 1 1,1 1 0 0,1.014799919460192;416 418 474 475,0 1 1 1,1 0 0 1,1.0104295655207691;416 418 474 475,0 0 0 0,1 0 0 0,1.003631607919563;416 418 474 475,0 0 0 0,0 0 1 0,1.267116243006254;416 418 474 475,0 0 0 0,0 1 0 0,1.0086887933700384;416 418 474 475,0 0 0 0,0 0 0 1,1.005509173343168;
381 476,0 0,0 1,0.0;381 476,0 0,1 0,0.0;
476,0,1,0.0;
465 477,0 0,1 0,0.0;465 477,0 0,0 1,0.0;
477,0,1,0.0;
233 478 479 480,0 1 2 3,1 1 1 1,1.2673214695288122;233 478 479 480,0 0 1 2,1 0 1 1,1.2673214695288122;233 478 479 480,0 0 1 2,0 1 1 1,1.2673196546421441;233 478 479 480,0 1 0 2,1 1 0 1,1.267118057892922;233 478 479 480,0 1 0 2,0 1 1 1,1.2673196546421441;233 478 479 480,0 1 1 2,1 1 0 1,1.267118057892922;233 478 479 480,0 1 1 2,1 0 1 1,1.2673214695288122;233 478 479 480,0 0 0 1,1 0 0 1,1.267118057892922;233 478 479 480,0 0 0 1,0 1 0 1,1.267116243006254;233 478 479 480,0 0 0 1,0 0 1 1,1.2673196546421441;233 478 479 480,0 1 2 0,0 1 1 1,1.2673196546421441;233 478 479 480,0 1 2 0,1 1 1 0,1.2673214695288122;233 478 479 480,0 1 2 1,1 0 1 1,1.2673214695288122;233 478 479 480,0 1 2 1,1 1 1 0,1.2673214695288122;233 478 479 480,0 1 2 2,1 1 0 1,1.267118057892922;233 478 479 480,0 1 2 2,1 1 1 0,1.2673214695288122;233 478 479 480,0 0 1 0,0 0 1 1,1.2673196546421441;233 478 479 480,0 0 1 0,1 0 1 0,1.0106364615535945;233 478 479 480,0 0 1 0,0 1 1 0,1.2673196546421441;233 478 479 480,0 0 1 1,1 0 0 1,1.267118057892922;233 478 479 480,0 0 1 1,1 0 1 0,1.0024132282170837;233 478 479 480,0 0 1 1,0 1 0 1,1.267116243006254;233 478 479 480,0 0 1 1,0 1 1 0,1.2673196546421441;233 478 479 480,0 1 0 0,0 1 0 1,1.267116243006254;233 478 479 480,0 1 0 0,1 1 0 0,1.267118057892922;233 478 479 480,0 1 0 0,0 1 1 0,1.2673196546421441;233 478 479 480,0 1 0 1,1 0 0 1,1.267118057892922;233 478 479 480,0 1 0 1,1 1 0 0,1.267118057892922;233 478 479 480,0 1 0 1,0 0 1 1,1.2673196546421441;233 478 479 480,0 1 0 1,0 1 1 0,1.2673196546421441;233 478 479 480,0 1 1 0,0 1 0 1,1.267116243006254;233 478 479 480,0 1 1 0,0 0 1 1,1.2673196546421441;233 478 479 480,0 1 1 0,1 1 0 0,1.267118057892922;233 478 479 480,0 1 1 0,1 0 1 0,1.0038615927311854;233 478 479 480,0 1 1 1,1 0 0 1,1.267118057892922;233 478 479 480,0 1 1 1,1 1 0 0,1.267118057892922;233 478 479 480,0 1 1 1,1 0 1 0,1.010258074404479;233 478 479 480,0 0 0 0,0 0 0 1,1.267116243006254;233 478 479 480,0 0 0 0,1 0 0 0,1.0046410368018168;233 478 479 480,0 0 0 0,0 1 0 0,1.267116243006254;233 478 479 480,0 0 0 0,0 0 1 0,1.0060479843994736;
478 481,0 0,0 1,0.0;478 481,0 0,1 0,0.0;
215 482,0 0,0 1,0.0;215 482,0 0,1 0,0.0;
482 483,0 0,1 0,0.0;482 483,0 0,0 1,0.0;
483 484 485,0 1 2,1 1 1,1.2672494884947993;483 484 485,0 0 1,1 0 1,1.2671195602251084;483 484 485,0 0 1,0 1 1,1.2672461712759449;483 484 485,0 1 0,1 1 0,1.0111364876017392;483 484 485,0 1 0,0 1 1,1.2672461712759449;483 484 485,0 1 1,1 1 0,1.0109946048226612;483 484 485,0 1 1,1 0 1,1.2671195602251084;483 484 485,0 0 0,1 0 0,1.004249571539923;483 484 485,0 0 0,0 1 0,1.0079779937810645;483 484 485,0 0 0,0 0 1,1.267116243006254;
484 486,0 0,1 0,0.0;484 486,0 0,0 1,0.0;
486 487 488,0 1 2,1 1 1,1.2672655791439453;486 487 488,0 0 1,1 0 1,1.2671176291019879;486 487 488,0 0 1,0 1 1,1.2672641930482111;486 487 488,0 1 0,0 1 1,1.2672641930482111;486 487 488,0 1 0,1 1 0,1.0124087461522817;486 487 488,0 1 1,1 0 1,1.2671176291019879;486 487 488,0 1 1,1 1 0,1.0114151458380276;486 487 488,0 0 0,0 0 1,1.267116243006254;486 487 488,0 0 0,1 0 0,1.0058627431377243;486 487 488,0 0 0,0 1 0,1.0077602610146232;
487 489,0 0,0 1,0.0;487 489,0 0,1 0,0.0;
489 490 491,0 1 2,1 1 1,1.2677986956281326;489 490 491,0 0 1,1 0 1,1.0075202928656757;489 490 491,0 0 1,0 1 1,1.2677976926064622;489 490 491,0 1 0,1 1 0,1.267117246027924;489 490 491,0 1 0,0 1 1,1.2677976926064622;489 490 491,0 1 1,1 1 0,1.267117246027924;489 490 491,0 1 1,1 0 1,1.0103111807009142;489 490 491,0 0 0,1 0 0,1.0046621303655536;489 490 491,0 0 0,0 1 0,1.267116243006254;489 490 491,0 0 0,0 0 1,1.0078161741618827;
490 492,0 0,1 0,0.0;490 492,0 0,0 1,0.0;
492 493 494,0 1 2,1 1 1,1.267116243006254;492 493 494,0 0 1,1 0 1,1.267116243006254;492 493 494,0 0 1,0 1 1,1.267116243006254;492 493 494,0 1 0,1 1 0,1.267116243006254;492 493 494,0 1 0,0 1 1,1.267116243006254;492 493 494,0 1 1,1 1 0,1.267116243006254;492 493 494,0 1 1,1 0 1,1.267116243006254;492 493 494,0 0 0,1 0 0,1.267116243006254;492 493 494,0 0 0,0 1 0,1.267116243006254;492 493 494,0 0 0,0 0 1,1.267116243006254;
493 495,0 0,1 0,0.0;493 495,0 0,0 1,0.0;
495 496 497,0 1 2,1 1 1,1.267116243006254;495 496 497,0 0 1,0 1 1,1.267116243006254;495 496 497,0 0 1,1 0 1,1.267116243006254;495 496 497,0 1 0,0 1 1,1.267116243006254;495 496 497,0 1 0,1 1 0,1.267116243006254;495 496 497,0 1 1,1 1 0,1.267116243006254;495 496 497,0 1 1,1 0 1,1.267116243006254;495 496 497,0 0 0,0 1 0,1.267116243006254;495 496 497,0 0 0,0 0 1,1.267116243006254;495 496 497,0 0 0,1 0 0,1.267116243006254;
496 498,0 0,1 0,0.0;496 498,0 0,0 1,0.0;
498 499,0 0,1 0,0.0;498 499,0 0,0 1,0.0;
499 500 501,0 1 2,1 1 1,1.267116243006254;499 500 501,0 0 1,1 0 1,1.267116243006254;499 500 501,0 0 1,0 1 1,1.267116243006254;499 500 501,0 1 0,1 1 0,1.267116243006254;499 500 501,0 1 0,0 1 1,1.267116243006254;499 500 501,0 1 1,1 1 0,1.267116243006254;499 500 501,0 1 1,1 0 1,1.267116243006254;499 500 501,0 0 0,1 0 0,1.267116243006254;499 500 501,0 0 0,0 1 0,1.267116243006254;499 500 501,0 0 0,0 0 1,1.267116243006254;
500 502,0 0,1 0,0.0;500 502,0 0,0 1,0.0;
502 503,0 0,1 0,0.0;502 503,0 0,0 1,0.0;
503 504 505,0 1 2,1 1 1,1.267116243006254;503 504 505,0 0 1,0 1 1,1.267116243006254;503 504 505,0 0 1,1 0 1,1.267116243006254;503 504 505,0 1 0,0 1 1,1.267116243006254;503 504 505,0 1 0,1 1 0,1.267116243006254;503 504 505,0 1 1,1 1 0,1.267116243006254;503 504 505,0 1 1,1 0 1,1.267116243006254;503 504 505,0 0 0,0 1 0,1.267116243006254;503 504 505,0 0 0,0 0 1,1.267116243006254;503 504 505,0 0 0,1 0 0,1.267116243006254;
504 506,0 0,1 0,0.0;504 506,0 0,0 1,0.0;
506 507,0 0,1 0,0.0;506 507,0 0,0 1,0.0;
507 508 509,0 1 2,1 1 1,1.267116243006254;507 508 509,0 0 1,1 0 1,1.267116243006254;507 508 509,0 0 1,0 1 1,1.267116243006254;507 508 509,0 1 0,1 1 0,1.267116243006254;507 508 509,0 1 0,0 1 1,1.267116243006254;507 508 509,0 1 1,1 1 0,1.267116243006254;507 508 509,0 1 1,1 0 1,1.267116243006254;507 508 509,0 0 0,1 0 0,1.267116243006254;507 508 509,0 0 0,0 1 0,1.267116243006254;507 508 509,0 0 0,0 0 1,1.267116243006254;
510 511 512,0 1 2,1 1 1,1.267116243006254;510 511 512,0 0 1,1 0 1,1.267116243006254;510 511 512,0 0 1,0 1 1,1.267116243006254;510 511 512,0 1 0,0 1 1,1.267116243006254;510 511 512,0 1 0,1 1 0,1.267116243006254;510 511 512,0 1 1,1 0 1,1.267116243006254;510 511 512,0 1 1,1 1 0,1.267116243006254;510 511 512,0 0 0,0 0 1,1.267116243006254;510 511 512,0 0 0,1 0 0,1.267116243006254;510 511 512,0 0 0,0 1 0,1.267116243006254;
510 513,0 0,0 1,0.0;510 513,0 0,1 0,0.0;
239 514,0 0,0 1,0.0;239 514,0 0,1 0,0.0;
514 515 516,0 1 2,1 1 1,1.2675903143173344;514 515 516,0 0 1,1 0 1,1.0073791042597535;514 515 516,0 0 1,0 1 1,1.267569449333692;514 515 516,0 1 0,1 1 0,1.2671371079898963;514 515 516,0 1 0,0 1 1,1.267569449333692;514 515 516,0 1 1,1 1 0,1.2671371079898963;514 515 516,0 1 1,1 0 1,1.0086933663453217;514 515 516,0 0 0,1 0 0,1.0056121182539839;514 515 516,0 0 0,0 1 0,1.267116243006254;514 515 516,0 0 0,0 0 1,1.0069946666525895;
515 517,0 0,1 0,0.0;515 517,0 0,0 1,0.0;
491 518,0 0,1 0,0.0;491 518,0 0,0 1,0.0;
516 518,0 0,1 0,0.0;516 518,0 0,0 1,0.0;
485 519,0 0,1 0,0.0;485 519,0 0,0 1,0.0;
519 520,0 0,0 1,0.0;519 520,0 0,1 0,0.0;
520,0,1,0.0;
216 521,0 0,1 0,0.0;216 521,0 0,0 1,0.0;
521 522,0 0,1 0,0.0;521 522,0 0,0 1,0.0;
522,0,1,0.0;
494 523,0 0,0 1,0.0;494 523,0 0,1 0,0.0;
523 524,0 0,1 0,0.0;523 524,0 0,0 1,0.0;
524,0,1,0.0;
497 525,0 0,1 0,0.0;497 525,0 0,0 1,0.0;
525 526,0 0,1 0,0.0;525 526,0 0,0 1,0.0;
526,0,1,0.0;
501 527,0 0,1 0,0.0;501 527,0 0,0 1,0.0;
527 528,0 0,0 1,0.0;527 528,0 0,1 0,0.0;
528,0,1,0.0;
210 529,0 0,0 1,0.0;210 529,0 0,1 0,0.0;
529 530,0 0,1 0,0.0;529 530,0 0,0 1,0.0;
530,0,1,0.0;
206 531,0 0,0 1,0.0;206 531,0 0,1 0,0.0;
531 532,0 0,1 0,0.0;531 532,0 0,0 1,0.0;
532,0,1,0.0;
488 533,0 0,1 0,0.0;488 533,0 0,0 1,0.0;
533 534,0 0,1 0,0.0;533 534,0 0,0 1,0.0;
534,0,1,0.0;
513 535 536,0 1 2,1 1 1,1.267116243006254;513 535 536,0 0 1,1 0 1,1.267116243006254;513 535 536,0 0 1,0 1 1,1.267116243006254;513 535 536,0 1 0,0 1 1,1.267116243006254;513 535 536,0 1 0,1 1 0,1.267116243006254;513 535 536,0 1 1,1 0 1,1.267116243006254;513 535 536,0 1 1,1 1 0,1.267116243006254;513 535 536,0 0 0,0 0 1,1.267116243006254;513 535 536,0 0 0,1 0 0,1.267116243006254;513 535 536,0 0 0,0 1 0,1.267116243006254;
535 537,0 0,0 1,0.0;535 537,0 0,1 0,0.0;
537 538,0 0,1 0,0.0;537 538,0 0,0 1,0.0;
538 539 540,0 1 2,1 1 1,1.267116243006254;538 539 540,0 0 1,1 0 1,1.267116243006254;538 539 540,0 0 1,0 1 1,1.267116243006254;538 539 540,0 1 0,1 1 0,1.267116243006254;538 539 540,0 1 0,0 1 1,1.267116243006254;538 539 540,0 1 1,1 1 0,1.267116243006254;538 539 540,0 1 1,1 0 1,1.267116243006254;538 539 540,0 0 0,1 0 0,1.267116243006254;538 539 540,0 0 0,0 1 0,1.267116243006254;538 539 540,0 0 0,0 0 1,1.267116243006254;
541 542 543,0 1 2,1 1 1,1.267116243006254;541 542 543,0 0 1,1 0 1,1.267116243006254;541 542 543,0 0 1,0 1 1,1.267116243006254;541 542 543,0 1 0,1 1 0,1.267116243006254;541 542 543,0 1 0,0 1 1,1.267116243006254;541 542 543,0 1 1,1 1 0,1.267116243006254;541 542 543,0 1 1,1 0 1,1.267116243006254;541 542 543,0 0 0,1 0 0,1.267116243006254;541 542 543,0 0 0,0 1 0,1.267116243006254;541 542 543,0 0 0,0 0 1,1.267116243006254;
541 544,0 0,0 1,0.0;541 544,0 0,1 0,0.0;
544 545,0 0,1 0,0.0;544 545,0 0,0 1,0.0;
545 546 547,0 1 2,1 1 1,1.267116243006254;545 546 547,0 0 1,1 0 1,1.267116243006254;545 546 547,0 0 1,0 1 1,1.267116243006254;545 546 547,0 1 0,1 1 0,1.267116243006254;545 546 547,0 1 0,0 1 1,1.267116243006254;545 546 547,0 1 1,1 1 0,1.267116243006254;545 546 547,0 1 1,1 0 1,1.267116243006254;545 546 547,0 0 0,1 0 0,1.267116243006254;545 546 547,0 0 0,0 1 0,1.267116243006254;545 546 547,0 0 0,0 0 1,1.267116243006254;
546 548,0 0,1 0,0.0;546 548,0 0,0 1,0.0;
548 549,0 0,1 0,0.0;548 549,0 0,0 1,0.0;
549 550 551,0 1 2,1 1 1,1.267116243006254;549 550 551,0 0 1,1 0 1,1.267116243006254;549 550 551,0 0 1,0 1 1,1.267116243006254;549 550 551,0 1 0,1 1 0,1.267116243006254;549 550 551,0 1 0,0 1 1,1.267116243006254;549 550 551,0 1 1,1 1 0,1.267116243006254;549 550 551,0 1 1,1 0 1,1.267116243006254;549 550 551,0 0 0,1 0 0,1.267116243006254;549 550 551,0 0 0,0 1 0,1.267116243006254;549 550 551,0 0 0,0 0 1,1.267116243006254;
550 552,0 0,0 1,0.0;550 552,0 0,1 0,0.0;
552 553,0 0,1 0,0.0;552 553,0 0,0 1,0.0;
553 554 555,0 1 2,1 1 1,1.267116243006254;553 554 555,0 0 1,1 0 1,1.267116243006254;553 554 555,0 0 1,0 1 1,1.267116243006254;553 554 555,0 1 0,1 1 0,1.267116243006254;553 554 555,0 1 0,0 1 1,1.267116243006254;553 554 555,0 1 1,1 1 0,1.267116243006254;553 554 555,0 1 1,1 0 1,1.267116243006254;553 554 555,0 0 0,1 0 0,1.267116243006254;553 554 555,0 0 0,0 1 0,1.267116243006254;553 554 555,0 0 0,0 0 1,1.267116243006254;
554 556,0 0,1 0,0.0;554 556,0 0,0 1,0.0;
556 557 558,0 1 2,1 1 1,1.267116243006254;556 557 558,0 0 1,1 0 1,1.267116243006254;556 557 558,0 0 1,0 1 1,1.267116243006254;556 557 558,0 1 0,1 1 0,1.267116243006254;556 557 558,0 1 0,0 1 1,1.267116243006254;556 557 558,0 1 1,1 1 0,1.267116243006254;556 557 558,0 1 1,1 0 1,1.267116243006254;556 557 558,0 0 0,1 0 0,1.267116243006254;556 557 558,0 0 0,0 1 0,1.267116243006254;556 557 558,0 0 0,0 0 1,1.267116243006254;
508 559,0 0,1 0,0.0;508 559,0 0,0 1,0.0;
559 560,0 0,0 1,0.0;559 560,0 0,1 0,0.0;
560,0,1,0.0;
505 561,0 0,1 0,0.0;505 561,0 0,0 1,0.0;
561 562,0 0,1 0,0.0;561 562,0 0,0 1,0.0;
562,0,1,0.0;
511 563,0 0,0 1,0.0;511 563,0 0,1 0,0.0;
563 564,0 0,1 0,0.0;563 564,0 0,0 1,0.0;
564,0,1,0.0;
536 565,0 0,1 0,0.0;536 565,0 0,0 1,0.0;
565 566,0 0,1 0,0.0;565 566,0 0,0 1,0.0;
566,0,1,0.0;
539 567,0 0,1 0,0.0;539 567,0 0,0 1,0.0;
567 568,0 0,0 1,0.0;567 568,0 0,1 0,0.0;
568,0,1,0.0;
542 569,0 0,0 1,0.0;542 569,0 0,1 0,0.0;
569 570,0 0,1 0,0.0;569 570,0 0,0 1,0.0;
570,0,1,0.0;
547 571,0 0,0 1,0.0;547 571,0 0,1 0,0.0;
571 572,0 0,1 0,0.0;571 572,0 0,0 1,0.0;
572,0,1,0.0;
551 573,0 0,0 1,0.0;551 573,0 0,1 0,0.0;
573 574,0 0,1 0,0.0;573 574,0 0,0 1,0.0;
574,0,1,0.0;
555 575,0 0,1 0,0.0;555 575,0 0,0 1,0.0;
575 576,0 0,0 1,0.0;575 576,0 0,1 0,0.0;
576,0,1,0.0;
517 577,0 0,0 1,0.0;517 577,0 0,1 0,0.0;
577,0,1,0.0;
557 578,0 0,0 1,0.0;557 578,0 0,1 0,0.0;
578 579 580,0 1 2,1 1 1,1.267116243006254;578 579 580,0 0 1,1 0 1,1.267116243006254;578 579 580,0 0 1,0 1 1,1.267116243006254;578 579 580,0 1 0,1 1 0,1.267116243006254;578 579 580,0 1 0,0 1 1,1.267116243006254;578 579 580,0 1 1,1 1 0,1.267116243006254;578 579 580,0 1 1,1 0 1,1.267116243006254;578 579 580,0 0 0,1 0 0,1.267116243006254;578 579 580,0 0 0,0 1 0,1.267116243006254;578 579 580,0 0 0,0 0 1,1.267116243006254;
579 581,0 0,1 0,0.0;579 581,0 0,0 1,0.0;
581 582 583,0 1 2,1 1 1,1.267116243006254;581 582 583,0 0 1,1 0 1,1.267116243006254;581 582 583,0 0 1,0 1 1,1.267116243006254;581 582 583,0 1 0,1 1 0,1.267116243006254;581 582 583,0 1 0,0 1 1,1.267116243006254;581 582 583,0 1 1,1 1 0,1.267116243006254;581 582 583,0 1 1,1 0 1,1.267116243006254;581 582 583,0 0 0,1 0 0,1.267116243006254;581 582 583,0 0 0,0 1 0,1.267116243006254;581 582 583,0 0 0,0 0 1,1.267116243006254;
582 584,0 0,0 1,0.0;582 584,0 0,1 0,0.0;
584 585 586,0 1 2,1 1 1,1.267116243006254;584 585 586,0 0 1,1 0 1,1.267116243006254;584 585 586,0 0 1,0 1 1,1.267116243006254;584 585 586,0 1 0,1 1 0,1.267116243006254;584 585 586,0 1 0,0 1 1,1.267116243006254;584 585 586,0 1 1,1 1 0,1.267116243006254;584 585 586,0 1 1,1 0 1,1.267116243006254;584 585 586,0 0 0,1 0 0,1.267116243006254;584 585 586,0 0 0,0 1 0,1.267116243006254;584 585 586,0 0 0,0 0 1,1.267116243006254;
585 587,0 0,1 0,0.0;585 587,0 0,0 1,0.0;
587 588,0 0,1 0,0.0;587 588,0 0,0 1,0.0;
588 589 590,0 1 2,1 1 1,1.267116243006254;588 589 590,0 0 1,1 0 1,1.267116243006254;588 589 590,0 0 1,0 1 1,1.267116243006254;588 589 590,0 1 0,1 1 0,1.267116243006254;588 589 590,0 1 0,0 1 1,1.267116243006254;588 589 590,0 1 1,1 1 0,1.267116243006254;588 589 590,0 1 1,1 0 1,1.267116243006254;588 589 590,0 0 0,1 0 0,1.267116243006254;588 589 590,0 0 0,0 1 0,1.267116243006254;588 589 590,0 0 0,0 0 1,1.267116243006254;
589 591,0 0,1 0,0.0;589 591,0 0,0 1,0.0;
591 592,0 0,0 1,0.0;591 592,0 0,1 0,0.0;
592 593 594,0 1 2,1 1 1,1.267116243006254;592 593 594,0 0 1,1 0 1,1.267116243006254;592 593 594,0 0 1,0 1 1,1.267116243006254;592 593 594,0 1 0,1 1 0,1.267116243006254;592 593 594,0 1 0,0 1 1,1.267116243006254;592 593 594,0 1 1,1 1 0,1.267116243006254;592 593 594,0 1 1,1 0 1,1.267116243006254;592 593 594,0 0 0,1 0 0,1.267116243006254;592 593 594,0 0 0,0 1 0,1.267116243006254;592 593 594,0 0 0,0 0 1,1.267116243006254;
593 595,0 0,1 0,0.0;593 595,0 0,0 1,0.0;
595 596,0 0,1 0,0.0;595 596,0 0,0 1,0.0;
596 597 598,0 1 2,1 1 1,1.267116243006254;596 597 598,0 0 1,1 0 1,1.267116243006254;596 597 598,0 0 1,0 1 1,1.267116243006254;596 597 598,0 1 0,1 1 0,1.267116243006254;596 597 598,0 1 0,0 1 1,1.267116243006254;596 597 598,0 1 1,1 1 0,1.267116243006254;596 597 598,0 1 1,1 0 1,1.267116243006254;596 597 598,0 0 0,1 0 0,1.267116243006254;596 597 598,0 0 0,0 1 0,1.267116243006254;596 597 598,0 0 0,0 0 1,1.267116243006254;
597 599,0 0,1 0,0.0;597 599,0 0,0 1,0.0;
580 600,0 0,0 1,0.0;580 600,0 0,1 0,0.0;
600 601,0 0,1 0,0.0;600 601,0 0,0 1,0.0;
601,0,1,0.0;
558 602,0 0,0 1,0.0;558 602,0 0,1 0,0.0;
602 603,0 0,1 0,0.0;602 603,0 0,0 1,0.0;
603,0,1,0.0;
583 604,0 0,0 1,0.0;583 604,0 0,1 0,0.0;
604 605,0 0,1 0,0.0;604 605,0 0,0 1,0.0;
605,0,1,0.0;
586 606,0 0,1 0,0.0;586 606,0 0,0 1,0.0;
606 607 608,0 1 2,1 1 1,1.267116243006254;606 607 608,0 0 1,1 0 1,1.267116243006254;606 607 608,0 0 1,0 1 1,1.267116243006254;606 607 608,0 1 0,0 1 1,1.267116243006254;606 607 608,0 1 0,1 1 0,1.267116243006254;606 607 608,0 1 1,1 0 1,1.267116243006254;606 607 608,0 1 1,1 1 0,1.267116243006254;606 607 608,0 0 0,0 0 1,1.267116243006254;606 607 608,0 0 0,1 0 0,1.267116243006254;606 607 608,0 0 0,0 1 0,1.267116243006254;
607 609,0 0,0 1,0.0;607 609,0 0,1 0,0.0;
609 610,0 0,1 0,0.0;609 610,0 0,0 1,0.0;
610,0,1,0.0;
608 611,0 0,1 0,0.0;608 611,0 0,0 1,0.0;
611 612,0 0,1 0,0.0;611 612,0 0,0 1,0.0;
612,0,1,0.0;
590 613,0 0,0 1,0.0;590 613,0 0,1 0,0.0;
613 614,0 0,1 0,0.0;613 614,0 0,0 1,0.0;
614,0,1,0.0;
594 615,0 0,1 0,0.0;594 615,0 0,0 1,0.0;
615 616,0 0,0 1,0.0;615 616,0 0,1 0,0.0;
616,0,1,0.0;
598 617,0 0,0 1,0.0;598 617,0 0,1 0,0.0;
617 618,0 0,1 0,0.0;617 618,0 0,0 1,0.0;
618,0,1,0.0;
481 619,0 0,1 0,0.0;481 619,0 0,0 1,0.0;
619,0,1,0.0;
599 620,0 0,0 1,0.0;599 620,0 0,1 0,0.0;
620,0,1,0.0;
212 621,0 0,1 0,0.0;212 621,0 0,0 1,0.0;
479 621,0 0,0 1,0.0;479 621,0 0,1 0,0.0;
480 622,0 0,1 0,0.0;480 622,0 0,0 1,0.0;
622 623,0 0,1 0,0.0;622 623,0 0,0 1,0.0;
623,0,1,0.0;
3 6,0 0,1 0,0.0;3 6,0 0,0 1,0.0;
16 18,0 0,1 0,0.0;16 18,0 0,0 1,0.0;
19 22,0 0,1 0,0.0;19 22,0 0,0 1,0.0;
51 54,0 0,1 0,0.0;51 54,0 0,0 1,0.0;
84 88,0 0,0 1,0.0;84 88,0 0,1 0,0.0;
97 161,0 0,1 0,0.0;97 161,0 0,0 1,0.0;
193 196,0 0,1 0,0.0;193 196,0 0,0 1,0.0;
204 207,0 0,1 0,0.0;204 207,0 0,0 1,0.0;
211 213,0 0,1 0,0.0;211 213,0 0,0 1,0.0;
214 217,0 0,0 1,0.0;214 217,0 0,1 0,0.0;
220 356,0 0,0 1,0.0;220 356,0 0,1 0,0.0;
265 267,0 0,1 0,0.0;265 267,0 0,0 1,0.0;
268 271,0 0,1 0,0.0;268 271,0 0,0 1,0.0;
274 277,0 0,1 0,0.0;274 277,0 0,0 1,0.0;
294 297,0 0,0 1,0.0;294 297,0 0,1 0,0.0;
304 306,0 0,1 0,0.0;304 306,0 0,0 1,0.0;
307 310,0 0,1 0,0.0;307 310,0 0,0 1,0.0;
388 391,0 0,1 0,0.0;388 391,0 0,0 1,0.0;
402 405,0 0,1 0,0.0;402 405,0 0,0 1,0.0;
413 421,0 0,1 0,0.0;413 421,0 0,0 1,0.0;
509 512,0 0,0 1,0.0;509 512,0 0,1 0,0.0;
540 543,0 0,1 0,0.0;540 543,0 0,0 1,0.0;
