1 2,0 0,1 0,0.0;1 2,0 0,0 1,0.0;
3 4,0 0,1 0,0.0;3 4,0 0,0 1,0.0;
3 5,0 0,1 0,0.0;3 5,0 0,0 1,0.0;
5,0,1,0.0;
1 6,0 0,1 0,0.0;1 6,0 0,0 1,0.0;
6,0,1,0.0;
7 8,0 0,0 1,0.0;7 8,0 0,1 0,0.0;
7 9,0 0,0 1,0.0;7 9,0 0,1 0,0.0;
9 10 11,0 1 2,1 1 1,1.0604484224549906;9 10 11,0 0 1,1 0 1,1.0128444574506539;9 10 11,0 0 1,0 1 1,1.0279925862974117;9 10 11,0 1 0,1 1 0,1.0319461484730497;9 10 11,0 1 0,0 1 1,1.0370636523534482;9 10 11,0 1 1,1 1 0,1.028176375190145;9 10 11,0 1 1,1 0 1,1.0155774736491578;9 10 11,0 0 0,1 0 0,1.0093966177640974;9 10 11,0 0 0,0 1 0,1.0250269629362936;9 10 11,0 0 0,0 0 1,1.0134851503908984;
10 12,0 0,1 0,0.0;10 12,0 0,0 1,0.0;
12 13,0 0,1 0,0.0;12 13,0 0,0 1,0.0;
13 14 15,0 1 2,1 1 1,1.4576436995265492;13 14 15,0 0 1,1 0 1,1.0120604281773637;13 14 15,0 0 1,0 1 1,1.4576307605503773;13 14 15,0 1 0,1 1 0,1.4573483247293035;13 14 15,0 1 0,0 1 1,1.4576307605503773;13 14 15,0 1 1,1 1 0,1.4573483247293035;13 14 15,0 1 1,1 0 1,1.0126606097757302;13 14 15,0 0 0,1 0 0,1.0152957877931592;13 14 15,0 0 0,0 1 0,1.4573353857531317;13 14 15,0 0 0,0 0 1,1.0121305350085457;
14 16,0 0,0 1,0.0;14 16,0 0,1 0,0.0;
16 17,0 0,1 0,0.0;16 17,0 0,0 1,0.0;
17,0,1,0.0;
18 19,0 0,1 0,0.0;18 19,0 0,0 1,0.0;
18 20,0 0,1 0,0.0;18 20,0 0,0 1,0.0;
20 21 22,0 1 2,1 1 1,1.0583324183748335;20 21 22,0 0 1,1 0 1,1.01319754459948;20 21 22,0 0 1,0 1 1,1.0252730087344053;20 21 22,0 1 0,1 1 0,1.0276900926903407;20 21 22,0 1 0,0 1 1,1.0326907134100927;20 21 22,0 1 1,1 1 0,1.0260192541509805;20 21 22,0 1 1,1 0 1,1.016881311138288;20 21 22,0 0 0,1 0 0,1.0091561098790705;20 21 22,0 0 0,0 1 0,1.0196077824291758;20 21 22,0 0 0,0 0 1,1.0143937906716691;
21 23,0 0,1 0,0.0;21 23,0 0,0 1,0.0;
23 24,0 0,0 1,0.0;23 24,0 0,1 0,0.0;
25 26,0 0,1 0,0.0;25 26,0 0,0 1,0.0;
27 28,0 0,1 0,0.0;27 28,0 0,0 1,0.0;
27 29,0 0,1 0,0.0;27 29,0 0,0 1,0.0;
29 30 31,0 1 2,1 1 1,1.0610698058340569;29 30 31,0 0 1,1 0 1,1.017307773534324;29 30 31,0 0 1,0 1 1,1.0286954932184929;29 30 31,0 1 0,1 1 0,1.02022841820154;29 30 31,0 1 0,0 1 1,1.0304857280996305;29 30 31,0 1 1,1 1 0,1.0260503778452073;29 30 31,0 1 1,1 0 1,1.0238839023142199;29 30 31,0 0 0,1 0 0,1.010348763115563;29 30 31,0 0 0,0 1 0,1.0192784826335999;29 30 31,0 0 0,0 0 1,1.020075048598663;
30 32,0 0,0 1,0.0;30 32,0 0,1 0,0.0;
32 33,0 0,1 0,0.0;32 33,0 0,0 1,0.0;
33 34 35 36,0 1 2 3,1 1 1 1,1.0524898800661313;33 34 35 36,0 0 1 2,1 0 1 1,1.0219360071823569;33 34 35 36,0 0 1 2,0 1 1 1,1.028452006064609;33 34 35 36,0 1 0 2,1 1 0 1,1.0267872648624046;33 34 35 36,0 1 0 2,0 1 1 1,1.0320420725505315;33 34 35 36,0 1 1 2,1 1 0 1,1.02185430998393;33 34 35 36,0 1 1 2,1 0 1 1,1.0199034052376224;33 34 35 36,0 0 0 1,1 0 0 1,1.0158438727460273;33 34 35 36,0 0 0 1,0 1 0 1,1.0225423044155004;33 34 35 36,0 0 0 1,0 0 1 1,1.0207830928935047;33 34 35 36,0 1 2 0,1 1 1 0,1.0201724744588496;33 34 35 36,0 1 2 0,0 1 1 1,1.0250707523695552;33 34 35 36,0 1 2 1,1 1 1 0,1.0256473127177959;33 34 35 36,0 1 2 1,1 0 1 1,1.025665464721199;33 34 35 36,0 1 2 2,1 1 1 0,1.0243124832743593;33 34 35 36,0 1 2 2,1 1 0 1,1.026496312024615;33 34 35 36,0 0 1 0,1 0 1 0,1.0187276924124469;33 34 35 36,0 0 1 0,0 1 1 0,1.0235830588627024;33 34 35 36,0 0 1 0,0 0 1 1,1.022624516006965;33 34 35 36,0 0 1 1,1 0 1 0,1.0084734195993668;33 34 35 36,0 0 1 1,1 0 0 1,1.0089688079055288;33 34 35 36,0 0 1 1,0 1 1 0,1.0127106950201956;33 34 35 36,0 0 1 1,0 1 0 1,1.0135450201977743;33 34 35 36,0 1 0 0,1 1 0 0,1.0189841566219093;33 34 35 36,0 1 0 0,0 1 1 0,1.0231770144777144;33 34 35 36,0 1 0 0,0 1 0 1,1.024717470395637;33 34 35 36,0 1 0 1,1 1 0 0,1.012162645881268;33 34 35 36,0 1 0 1,1 0 0 1,1.0112976326151963;33 34 35 36,0 1 0 1,0 1 1 0,1.0151587027896438;33 34 35 36,0 1 0 1,0 0 1 1,1.0144873763098745;33 34 35 36,0 1 1 0,1 1 0 0,1.0065523135034786;33 34 35 36,0 1 1 0,1 0 1 0,1.0051594412201388;33 34 35 36,0 1 1 0,0 1 0 1,1.0091545164969997;33 34 35 36,0 1 1 0,0 0 1 1,1.0076471335328911;33 34 35 36,0 1 1 1,1 1 0 0,1.0190404249429679;33 34 35 36,0 1 1 1,1 0 1 0,1.0186533104753204;33 34 35 36,0 1 1 1,1 0 0 1,1.0239545767660199;33 34 35 36,0 0 0 0,1 0 0 0,1.0069958544645585;33 34 35 36,0 0 0 0,0 1 0 0,1.0123327378663947;33 34 35 36,0 0 0 0,0 0 1 0,1.0106757800898243;33 34 35 36,0 0 0 0,0 0 0 1,1.0139283447919245;
37 38 39,0 1 2,1 1 1,1.0609971811220837;37 38 39,0 0 1,1 0 1,1.0272234111806466;37 38 39,0 0 1,0 1 1,1.0223700235890472;37 38 39,0 1 0,1 1 0,1.0286466744352758;37 38 39,0 1 0,0 1 1,1.016028090336942;37 38 39,0 1 1,1 1 0,1.0306665230452217;37 38 39,0 1 1,1 0 1,1.021871026681219;37 38 39,0 0 0,1 0 0,1.0218327686934177;37 38 39,0 0 0,0 1 0,1.0160281998448106;37 38 39,0 0 0,0 0 1,1.0094901925798268;
37 40,0 0,0 1,0.0;37 40,0 0,1 0,0.0;
31 41,0 0,0 1,0.0;31 41,0 0,1 0,0.0;
41 42,0 0,1 0,0.0;41 42,0 0,0 1,0.0;
42 43 44,0 1 2,1 1 1,1.0535220615394076;42 43 44,0 0 1,1 0 1,1.0129803325678366;42 43 44,0 0 1,0 1 1,1.0209531533537761;42 43 44,0 1 0,1 1 0,1.0200696338053263;42 43 44,0 1 0,0 1 1,1.0253505001821088;42 43 44,0 1 1,1 1 0,1.0226027976316932;42 43 44,0 1 1,1 0 1,1.0181347652896333;42 43 44,0 0 0,1 0 0,1.0086776028895248;42 43 44,0 0 0,0 1 0,1.015128186269499;42 43 44,0 0 0,0 0 1,1.0128148988614873;
43 45,0 0,1 0,0.0;43 45,0 0,0 1,0.0;
46 47,0 0,1 0,0.0;46 47,0 0,0 1,0.0;
46 48,0 0,0 1,0.0;46 48,0 0,1 0,0.0;
48 49 50,0 1 2,1 1 1,1.061725176390652;48 49 50,0 0 1,1 0 1,1.0168218957142119;48 49 50,0 0 1,0 1 1,1.0289189202885913;48 49 50,0 1 0,1 1 0,1.022635189978996;48 49 50,0 1 0,0 1 1,1.0319848846024118;48 49 50,0 1 1,1 1 0,1.0271397843067271;48 49 50,0 1 1,1 0 1,1.0231478084651957;48 49 50,0 0 0,1 0 0,1.009386638772148;48 49 50,0 0 0,0 1 0,1.019690714322438;48 49 50,0 0 0,0 0 1,1.0187767888447952;
49 51,0 0,1 0,0.0;49 51,0 0,0 1,0.0;
51 52,0 0,1 0,0.0;51 52,0 0,0 1,0.0;
52 53 54,0 1 2,1 1 1,1.0721741598433174;52 53 54,0 0 1,1 0 1,1.0139876364059992;52 53 54,0 0 1,0 1 1,1.0399322740613564;52 53 54,0 1 0,1 1 0,1.0404505614259112;52 53 54,0 1 0,0 1 1,1.0471469184404978;52 53 54,0 1 1,1 1 0,1.039563542501818;52 53 54,0 1 1,1 0 1,1.0177216794035586;52 53 54,0 0 0,1 0 0,1.007826704786444;52 53 54,0 0 0,0 1 0,1.0348781956190916;52 53 54,0 0 0,0 0 1,1.013976903847852;
53 55,0 0,1 0,0.0;53 55,0 0,0 1,0.0;
55 56,0 0,0 1,0.0;55 56,0 0,1 0,0.0;
50 57,0 0,0 1,0.0;50 57,0 0,1 0,0.0;
57 58,0 0,1 0,0.0;57 58,0 0,0 1,0.0;
58 59 60 61,0 1 2 3,1 1 1 1,1.464840683803784;58 59 60 61,0 0 1 2,1 0 1 1,1.4584073434657738;58 59 60 61,0 0 1 2,0 1 1 1,1.4646421993236927;58 59 60 61,0 1 0 2,1 1 0 1,1.4639672105712331;58 59 60 61,0 1 0 2,0 1 1 1,1.4646421993236927;58 59 60 61,0 1 1 2,1 1 0 1,1.4639672105712331;58 59 60 61,0 1 1 2,1 0 1 1,1.4584073434657738;58 59 60 61,0 0 0 1,1 0 0 1,1.457533870233223;58 59 60 61,0 0 0 1,0 1 0 1,1.4637687260911418;58 59 60 61,0 0 0 1,0 0 1 1,1.4582088589856825;58 59 60 61,0 1 2 0,1 1 1 0,1.029473775968942;58 59 60 61,0 1 2 0,0 1 1 1,1.4646421993236927;58 59 60 61,0 1 2 1,1 1 1 0,1.0327090744751;58 59 60 61,0 1 2 1,1 0 1 1,1.4584073434657738;58 59 60 61,0 1 2 2,1 1 1 0,1.0263619917898401;58 59 60 61,0 1 2 2,1 1 0 1,1.4639672105712331;58 59 60 61,0 0 1 0,1 0 1 0,1.0189175049865817;58 59 60 61,0 0 1 0,0 1 1 0,1.0301772452891134;58 59 60 61,0 0 1 0,0 0 1 1,1.4582088589856825;58 59 60 61,0 0 1 1,1 0 1 0,1.0051612292222014;58 59 60 61,0 0 1 1,1 0 0 1,1.457533870233223;58 59 60 61,0 0 1 1,0 1 1 0,1.0136557880144865;58 59 60 61,0 0 1 1,0 1 0 1,1.4637687260911418;58 59 60 61,0 1 0 0,1 1 0 0,1.0236867510319023;58 59 60 61,0 1 0 0,0 1 1 0,1.0298348914534925;58 59 60 61,0 1 0 0,0 1 0 1,1.4637687260911418;58 59 60 61,0 1 0 1,1 1 0 0,1.0190621127198178;58 59 60 61,0 1 0 1,1 0 0 1,1.457533870233223;58 59 60 61,0 1 0 1,0 1 1 0,1.0215910675357023;58 59 60 61,0 1 0 1,0 0 1 1,1.4582088589856825;58 59 60 61,0 1 1 0,1 1 0 0,1.01544216548202;58 59 60 61,0 1 1 0,1 0 1 0,1.0083262651439233;58 59 60 61,0 1 1 0,0 1 0 1,1.4637687260911418;58 59 60 61,0 1 1 0,0 0 1 1,1.4582088589856825;58 59 60 61,0 1 1 1,1 1 0 0,1.032011239977292;58 59 60 61,0 1 1 1,1 0 1 0,1.0197878574172003;58 59 60 61,0 1 1 1,1 0 0 1,1.457533870233223;58 59 60 61,0 0 0 0,1 0 0 0,1.0065589732045581;58 59 60 61,0 0 0 0,0 1 0 0,1.020605911256758;58 59 60 61,0 0 0 0,0 0 1 0,1.010959478041413;58 59 60 61,0 0 0 0,0 0 0 1,1.4573353857531317;
59 62,0 0,1 0,0.0;59 62,0 0,0 1,0.0;
62 63,0 0,1 0,0.0;62 63,0 0,0 1,0.0;
54 64,0 0,0 1,0.0;54 64,0 0,1 0,0.0;
60 64,0 0,0 1,0.0;60 64,0 0,1 0,0.0;
61 65,0 0,0 1,0.0;61 65,0 0,1 0,0.0;
65 66,0 0,1 0,0.0;65 66,0 0,0 1,0.0;
66,0,1,0.0;
22 67,0 0,0 1,0.0;22 67,0 0,1 0,0.0;
67 68 69 70,0 1 2 3,1 1 1 1,1.4631562690915363;67 68 69 70,0 0 1 2,1 0 1 1,1.4590861149853545;67 68 69 70,0 0 1 2,0 1 1 1,1.462883330739739;67 68 69 70,0 1 0 2,1 1 0 1,1.4616784782111107;67 68 69 70,0 1 0 2,0 1 1 1,1.462883330739739;67 68 69 70,0 1 1 2,1 1 0 1,1.4616784782111107;67 68 69 70,0 1 1 2,1 0 1 1,1.4590861149853545;67 68 69 70,0 0 0 1,1 0 0 1,1.457608324104929;67 68 69 70,0 0 0 1,0 1 0 1,1.4614055398593135;67 68 69 70,0 0 0 1,0 0 1 1,1.4588131766335573;67 68 69 70,0 1 2 0,1 1 1 0,1.0297199561670185;67 68 69 70,0 1 2 0,0 1 1 1,1.462883330739739;67 68 69 70,0 1 2 1,1 1 1 0,1.027403900130598;67 68 69 70,0 1 2 1,1 0 1 1,1.4590861149853545;67 68 69 70,0 1 2 2,1 1 1 0,1.0245895044111977;67 68 69 70,0 1 2 2,1 1 0 1,1.4616784782111107;67 68 69 70,0 0 1 0,1 0 1 0,1.0176205092332762;67 68 69 70,0 0 1 0,0 1 1 0,1.025956179300872;67 68 69 70,0 0 1 0,0 0 1 1,1.4588131766335573;67 68 69 70,0 0 1 1,1 0 1 0,1.0062501679733964;67 68 69 70,0 0 1 1,1 0 0 1,1.457608324104929;67 68 69 70,0 0 1 1,0 1 1 0,1.011632300876844;67 68 69 70,0 0 1 1,0 1 0 1,1.4614055398593135;67 68 69 70,0 1 0 0,1 1 0 0,1.0201807037690664;67 68 69 70,0 1 0 0,0 1 1 0,1.025100008171007;67 68 69 70,0 1 0 0,0 1 0 1,1.4614055398593135;67 68 69 70,0 1 0 1,1 1 0 0,1.0123169067986513;67 68 69 70,0 1 0 1,1 0 0 1,1.457608324104929;67 68 69 70,0 1 0 1,0 1 1 0,1.014621719939495;67 68 69 70,0 1 0 1,0 0 1 1,1.4588131766335573;67 68 69 70,0 1 1 0,1 1 0 0,1.0163699887273543;67 68 69 70,0 1 1 0,1 0 1 0,1.0126253954769737;67 68 69 70,0 1 1 0,0 1 0 1,1.4614055398593135;67 68 69 70,0 1 1 0,0 0 1 1,1.4588131766335573;67 68 69 70,0 1 1 1,1 1 0 0,1.0314434354952633;67 68 69 70,0 1 1 1,1 0 1 0,1.0174895625381801;67 68 69 70,0 1 1 1,1 0 0 1,1.457608324104929;67 68 69 70,0 0 0 0,1 0 0 0,1.0085071232644132;67 68 69 70,0 0 0 0,0 1 0 0,1.0190697150721282;67 68 69 70,0 0 0 0,0 0 1 0,1.010375625437209;67 68 69 70,0 0 0 0,0 0 0 1,1.4573353857531317;
68 71,0 0,1 0,0.0;68 71,0 0,0 1,0.0;
15 71,0 0,0 1,0.0;15 71,0 0,1 0,0.0;
11 72,0 0,0 1,0.0;11 72,0 0,1 0,0.0;
69 72,0 0,0 1,0.0;69 72,0 0,1 0,0.0;
73,0,1,0.0;
25 74,0 0,1 0,0.0;25 74,0 0,0 1,0.0;
75 76,0 0,1 0,0.0;75 76,0 0,0 1,0.0;
40 77,0 0,1 0,0.0;40 77,0 0,0 1,0.0;
77 78 79,0 1 2,1 1 1,1.4642105718888625;77 78 79,0 0 1,1 0 1,1.4573807550846034;77 78 79,0 0 1,0 1 1,1.4641652025573908;77 78 79,0 1 0,1 1 0,1.0226128851557792;77 78 79,0 1 0,0 1 1,1.4641652025573908;77 78 79,0 1 1,1 1 0,1.0268735876723978;77 78 79,0 1 1,1 0 1,1.4573807550846034;77 78 79,0 0 0,1 0 0,1.0094267232744343;77 78 79,0 0 0,0 1 0,1.0205849844723136;77 78 79,0 0 0,0 0 1,1.4573353857531317;
78 80,0 0,0 1,0.0;78 80,0 0,1 0,0.0;
80 81,0 0,1 0,0.0;80 81,0 0,0 1,0.0;
81 82 83 84,0 1 2 3,1 1 1 1,1.4584155507580623;81 82 83 84,0 0 1 2,1 0 1 1,1.4584155507580623;81 82 83 84,0 0 1 2,0 1 1 1,1.4583440925800417;81 82 83 84,0 1 0 2,1 1 0 1,1.4574068439311523;81 82 83 84,0 1 0 2,0 1 1 1,1.4583440925800417;81 82 83 84,0 1 1 2,1 1 0 1,1.4574068439311523;81 82 83 84,0 1 1 2,1 0 1 1,1.4584155507580623;81 82 83 84,0 0 0 1,1 0 0 1,1.4574068439311523;81 82 83 84,0 0 0 1,0 1 0 1,1.4573353857531317;81 82 83 84,0 0 0 1,0 0 1 1,1.4583440925800417;81 82 83 84,0 1 2 0,1 1 1 0,1.4584155507580623;81 82 83 84,0 1 2 0,0 1 1 1,1.4583440925800417;81 82 83 84,0 1 2 1,1 1 1 0,1.4584155507580623;81 82 83 84,0 1 2 1,1 0 1 1,1.4584155507580623;81 82 83 84,0 1 2 2,1 1 1 0,1.4584155507580623;81 82 83 84,0 1 2 2,1 1 0 1,1.4574068439311523;81 82 83 84,0 0 1 0,1 0 1 0,1.0181649854451855;81 82 83 84,0 0 1 0,0 1 1 0,1.4583440925800417;81 82 83 84,0 0 1 0,0 0 1 1,1.4583440925800417;81 82 83 84,0 0 1 1,1 0 1 0,1.0053727706626672;81 82 83 84,0 0 1 1,1 0 0 1,1.4574068439311523;81 82 83 84,0 0 1 1,0 1 1 0,1.4583440925800417;81 82 83 84,0 0 1 1,0 1 0 1,1.4573353857531317;81 82 83 84,0 1 0 0,1 1 0 0,1.4574068439311523;81 82 83 84,0 1 0 0,0 1 1 0,1.4583440925800417;81 82 83 84,0 1 0 0,0 1 0 1,1.4573353857531317;81 82 83 84,0 1 0 1,1 1 0 0,1.4574068439311523;81 82 83 84,0 1 0 1,1 0 0 1,1.4574068439311523;81 82 83 84,0 1 0 1,0 1 1 0,1.4583440925800417;81 82 83 84,0 1 0 1,0 0 1 1,1.4583440925800417;81 82 83 84,0 1 1 0,1 1 0 0,1.4574068439311523;81 82 83 84,0 1 1 0,1 0 1 0,1.009871698492698;81 82 83 84,0 1 1 0,0 1 0 1,1.4573353857531317;81 82 83 84,0 1 1 0,0 0 1 1,1.4583440925800417;81 82 83 84,0 1 1 1,1 1 0 0,1.4574068439311523;81 82 83 84,0 1 1 1,1 0 1 0,1.018440701100908;81 82 83 84,0 1 1 1,1 0 0 1,1.4574068439311523;81 82 83 84,0 0 0 0,1 0 0 0,1.0068499086090588;81 82 83 84,0 0 0 0,0 1 0 0,1.4573353857531317;81 82 83 84,0 0 0 0,0 0 1 0,1.0101415895147916;81 82 83 84,0 0 0 0,0 0 0 1,1.4573353857531317;
82 85,0 0,1 0,0.0;82 85,0 0,0 1,0.0;
79 86,0 0,0 1,0.0;79 86,0 0,1 0,0.0;
38 87,0 0,1 0,0.0;38 87,0 0,0 1,0.0;
87 88,0 0,0 1,0.0;87 88,0 0,1 0,0.0;
89 90,0 0,1 0,0.0;89 90,0 0,0 1,0.0;
34 91,0 0,1 0,0.0;34 91,0 0,0 1,0.0;
91 92,0 0,1 0,0.0;91 92,0 0,0 1,0.0;
93 94,0 0,1 0,0.0;93 94,0 0,0 1,0.0;
93 95,0 0,1 0,0.0;93 95,0 0,0 1,0.0;
95,0,1,0.0;
96 97,0 0,1 0,0.0;96 97,0 0,0 1,0.0;
96 98,0 0,1 0,0.0;96 98,0 0,0 1,0.0;
98 99 100 101,0 1 2 3,1 1 1 1,1.0570482156358108;98 99 100 101,0 0 1 2,1 0 1 1,1.0199880996839208;98 99 100 101,0 0 1 2,0 1 1 1,1.028872584436626;98 99 100 101,0 1 0 2,1 1 0 1,1.0287543890425321;98 99 100 101,0 1 0 2,0 1 1 1,1.032413764541337;98 99 100 101,0 1 1 2,1 1 0 1,1.0328399818580756;98 99 100 101,0 1 1 2,1 0 1 1,1.025995993557429;98 99 100 101,0 0 0 1,1 0 0 1,1.0207225599399194;98 99 100 101,0 0 0 1,0 1 0 1,1.0296993020974852;98 99 100 101,0 0 0 1,0 0 1 1,1.0219628299295669;98 99 100 101,0 1 2 0,1 1 1 0,1.0310404793468628;98 99 100 101,0 1 2 0,0 1 1 1,1.0362264221650677;98 99 100 101,0 1 2 1,1 1 1 0,1.0286963268925107;98 99 100 101,0 1 2 1,1 0 1 1,1.0230836000574568;98 99 100 101,0 1 2 2,1 1 1 0,1.02530452528403;98 99 100 101,0 1 2 2,1 1 0 1,1.0259179006437178;98 99 100 101,0 0 1 0,1 0 1 0,1.0186533413139827;98 99 100 101,0 0 1 0,0 1 1 0,1.0265878023780497;98 99 100 101,0 0 1 0,0 0 1 1,1.023849536030283;98 99 100 101,0 0 1 1,1 0 1 0,1.0054712194460689;98 99 100 101,0 0 1 1,1 0 0 1,1.0059883343402607;98 99 100 101,0 0 1 1,0 1 1 0,1.012558080391859;98 99 100 101,0 0 1 1,0 1 0 1,1.013090571361057;98 99 100 101,0 1 0 0,1 1 0 0,1.0214412808979274;98 99 100 101,0 1 0 0,0 1 1 0,1.0270382918259626;98 99 100 101,0 1 0 0,0 1 0 1,1.0282928665223348;98 99 100 101,0 1 0 1,1 1 0 0,1.0139521204727913;98 99 100 101,0 1 0 1,1 0 0 1,1.009157975658517;98 99 100 101,0 1 0 1,0 1 1 0,1.016286602764782;98 99 100 101,0 1 0 1,0 0 1 1,1.011382150100203;98 99 100 101,0 1 1 0,1 1 0 0,1.0174426185915584;98 99 100 101,0 1 1 0,1 0 1 0,1.0117859295843337;98 99 100 101,0 1 1 0,0 1 0 1,1.0208652076895615;98 99 100 101,0 1 1 0,0 0 1 1,1.014975107812306;98 99 100 101,0 1 1 1,1 1 0 0,1.0293157041870422;98 99 100 101,0 1 1 1,1 0 1 0,1.0190430040918947;98 99 100 101,0 1 1 1,1 0 0 1,1.0207225599399194;98 99 100 101,0 0 0 0,1 0 0 0,1.0072002583697364;98 99 100 101,0 0 0 0,0 1 0 0,1.0190634957567715;98 99 100 101,0 0 0 0,0 0 1 0,1.010317096448435;98 99 100 101,0 0 0 0,0 0 0 1,1.0122789616987562;
99 102,0 0,1 0,0.0;99 102,0 0,0 1,0.0;
44 103,0 0,1 0,0.0;44 103,0 0,0 1,0.0;
103 104 105,0 1 2,1 1 1,1.458676446966797;103 104 105,0 0 1,0 1 1,1.458456966258633;103 104 105,0 0 1,1 0 1,1.014175050140746;103 104 105,0 1 0,0 1 1,1.458456966258633;103 104 105,0 1 0,1 1 0,1.4575548664612956;103 104 105,0 1 1,1 1 0,1.4575548664612956;103 104 105,0 1 1,1 0 1,1.0208162720379497;103 104 105,0 0 0,0 1 0,1.4573353857531317;103 104 105,0 0 0,0 0 1,1.0109348838805032;103 104 105,0 0 0,1 0 0,1.0118384997836085;
104 106,0 0,1 0,0.0;104 106,0 0,0 1,0.0;
106 107,0 0,1 0,0.0;106 107,0 0,0 1,0.0;
107,0,1,0.0;
108 109,0 0,1 0,0.0;108 109,0 0,0 1,0.0;
108 110,0 0,1 0,0.0;108 110,0 0,0 1,0.0;
110 111 112,0 1 2,1 1 1,1.0535181425113522;110 111 112,0 0 1,1 0 1,1.0143725698069523;110 111 112,0 0 1,0 1 1,1.0198448135464298;110 111 112,0 1 0,0 1 1,1.0232902350932522;110 111 112,0 1 0,1 1 0,1.0208381803929807;110 111 112,0 1 1,1 0 1,1.0187698439008912;110 111 112,0 1 1,1 1 0,1.0232099379372217;110 111 112,0 0 0,0 0 1,1.010502012095114;110 111 112,0 0 0,1 0 0,1.0091013160259252;110 111 112,0 0 0,0 1 0,1.0163434549838484;
111 113,0 0,0 1,0.0;111 113,0 0,1 0,0.0;
113 114 115,0 1 2,1 1 1,1.0540124147316614;113 114 115,0 0 1,1 0 1,1.013197333349754;113 114 115,0 0 1,0 1 1,1.022241816410526;113 114 115,0 1 0,1 1 0,1.0234533232388001;113 114 115,0 1 0,0 1 1,1.028062222529656;113 114 115,0 1 1,1 1 0,1.0217703743907471;113 114 115,0 1 1,1 0 1,1.0155616773665797;113 114 115,0 0 0,1 0 0,1.0072988299906995;113 114 115,0 0 0,0 1 0,1.0162648739916873;113 114 115,0 0 0,0 0 1,1.0106159619898833;
114 116,0 0,1 0,0.0;114 116,0 0,0 1,0.0;
116 117,0 0,1 0,0.0;116 117,0 0,0 1,0.0;
117 118 119 120,0 1 2 3,1 1 1 1,1.0562282774620966;117 118 119 120,0 0 1 2,1 0 1 1,1.020389429521115;117 118 119 120,0 0 1 2,0 1 1 1,1.02829447777656;117 118 119 120,0 1 0 2,1 1 0 1,1.0238834693383716;117 118 119 120,0 1 0 2,0 1 1 1,1.0309063560911385;117 118 119 120,0 1 1 2,1 1 0 1,1.0284412417366704;117 118 119 120,0 1 1 2,1 0 1 1,1.0264814042733053;117 118 119 120,0 0 0 1,1 0 0 1,1.0184314751540975;117 118 119 120,0 0 0 1,0 1 0 1,1.0253517911013335;117 118 119 120,0 0 0 1,0 0 1 1,1.025209867309667;117 118 119 120,0 1 2 0,0 1 1 1,1.0389283732993568;117 118 119 120,0 1 2 0,1 1 1 0,1.0380912826856281;117 118 119 120,0 1 2 1,1 0 1 1,1.0212611840183927;117 118 119 120,0 1 2 1,1 1 1 0,1.028972179148643;117 118 119 120,0 1 2 2,1 1 0 1,1.022201122232829;117 118 119 120,0 1 2 2,1 1 1 0,1.0280774264797485;117 118 119 120,0 0 1 0,0 0 1 1,1.025805004516931;117 118 119 120,0 0 1 0,1 0 1 0,1.0233377533935537;117 118 119 120,0 0 1 0,0 1 1 0,1.0364267814965586;117 118 119 120,0 0 1 1,1 0 0 1,1.0042233635774205;117 118 119 120,0 0 1 1,1 0 1 0,1.0082392493532792;117 118 119 120,0 0 1 1,0 1 0 1,1.0099572577103726;117 118 119 120,0 0 1 1,0 1 1 0,1.0143045272896478;117 118 119 120,0 1 0 0,0 1 0 1,1.0283603059246862;117 118 119 120,0 1 0 0,1 1 0 0,1.021534694415083;117 118 119 120,0 1 0 0,0 1 1 0,1.0364267814965584;117 118 119 120,0 1 0 1,1 0 0 1,1.0055536556563034;117 118 119 120,0 1 0 1,1 1 0 0,1.0111389879027741;117 118 119 120,0 1 0 1,0 0 1 1,1.010161962473271;117 118 119 120,0 1 0 1,0 1 1 0,1.0161721875225813;117 118 119 120,0 1 1 0,0 1 0 1,1.0186601756942828;117 118 119 120,0 1 1 0,0 0 1 1,1.0169726412096578;117 118 119 120,0 1 1 0,1 1 0 0,1.0181607390992815;117 118 119 120,0 1 1 0,1 0 1 0,1.0164857275223185;117 118 119 120,0 1 1 1,1 0 0 1,1.0184314751540975;117 118 119 120,0 1 1 1,1 1 0 0,1.0241494686519077;117 118 119 120,0 1 1 1,1 0 1 0,1.0240154484472754;117 118 119 120,0 0 0 0,0 0 0 1,1.0114717749479136;117 118 119 120,0 0 0 0,1 0 0 0,1.0102839107131498;117 118 119 120,0 0 0 0,0 1 0 0,1.0186327768720416;117 118 119 120,0 0 0 0,0 0 1 0,1.0168716858480946;
118 121,0 0,0 1,0.0;118 121,0 0,1 0,0.0;
121 122 123,0 1 2,1 1 1,1.458258501264421;121 122 123,0 0 1,1 0 1,1.0154872777108201;121 122 123,0 0 1,0 1 1,1.4581753495816014;121 122 123,0 1 0,1 1 0,1.457418537435951;121 122 123,0 1 0,0 1 1,1.4581753495816014;121 122 123,0 1 1,1 1 0,1.457418537435951;121 122 123,0 1 1,1 0 1,1.0206024988877618;121 122 123,0 0 0,1 0 0,1.0098843978023995;121 122 123,0 0 0,0 1 0,1.4573353857531317;121 122 123,0 0 0,0 0 1,1.01370947185616;
124 125 126,0 1 2,1 1 1,1.0559913215129675;124 125 126,0 0 1,1 0 1,1.0231995497010655;124 125 126,0 0 1,0 1 1,1.0155982749427328;124 125 126,0 1 0,1 1 0,1.0235903935473547;124 125 126,0 1 0,0 1 1,1.0133811199977054;124 125 126,0 1 1,1 1 0,1.0331237225160832;124 125 126,0 1 1,1 0 1,1.028222919399717;124 125 126,0 0 0,1 0 0,1.020611473733107;124 125 126,0 0 0,0 1 0,1.0131452075967002;124 125 126,0 0 0,0 0 1,1.010500102532796;
124 127,0 0,1 0,0.0;124 127,0 0,0 1,0.0;
127 128 129 130,0 1 2 3,1 1 1 1,1.4603852827961354;127 128 129 130,0 0 1 2,0 1 1 1,1.4603451134711731;127 128 129 130,0 0 1 2,1 0 1 1,1.0198464296711085;127 128 129 130,0 1 0 2,0 1 1 1,1.4603451134711731;127 128 129 130,0 1 0 2,1 1 0 1,1.4594304268586136;127 128 129 130,0 1 1 2,1 1 0 1,1.4594304268586136;127 128 129 130,0 1 1 2,1 0 1 1,1.0221718808270024;127 128 129 130,0 0 0 1,0 1 0 1,1.459390257533651;127 128 129 130,0 0 0 1,0 0 1 1,1.0223164212410267;127 128 129 130,0 0 0 1,1 0 0 1,1.0201350132068758;127 128 129 130,0 1 2 0,0 1 1 1,1.4603451134711731;127 128 129 130,0 1 2 0,1 1 1 0,1.458330411015616;127 128 129 130,0 1 2 1,1 1 1 0,1.458330411015616;127 128 129 130,0 1 2 1,1 0 1 1,1.0241610375831396;127 128 129 130,0 1 2 2,1 1 1 0,1.458330411015616;127 128 129 130,0 1 2 2,1 1 0 1,1.4594304268586136;127 128 129 130,0 0 1 0,0 1 1 0,1.4582902416906536;127 128 129 130,0 0 1 0,0 0 1 1,1.022951672502754;127 128 129 130,0 0 1 0,1 0 1 0,1.0185621796472246;127 128 129 130,0 0 1 1,0 1 1 0,1.4582902416906536;127 128 129 130,0 0 1 1,0 1 0 1,1.459390257533651;127 128 129 130,0 0 1 1,1 0 1 0,1.0051258227609505;127 128 129 130,0 0 1 1,1 0 0 1,1.0067272866670378;127 128 129 130,0 1 0 0,0 1 1 0,1.4582902416906536;127 128 129 130,0 1 0 0,0 1 0 1,1.459390257533651;127 128 129 130,0 1 0 0,1 1 0 0,1.457375555078094;127 128 129 130,0 1 0 1,0 1 1 0,1.4582902416906536;127 128 129 130,0 1 0 1,0 0 1 1,1.0143318650522704;127 128 129 130,0 1 0 1,1 1 0 0,1.457375555078094;127 128 129 130,0 1 0 1,1 0 0 1,1.012280156378596;127 128 129 130,0 1 1 0,0 1 0 1,1.459390257533651;127 128 129 130,0 1 1 0,0 0 1 1,1.0124903761856805;127 128 129 130,0 1 1 0,1 1 0 0,1.457375555078094;127 128 129 130,0 1 1 0,1 0 1 0,1.0088142376270868;127 128 129 130,0 1 1 1,1 1 0 0,1.457375555078094;127 128 129 130,0 1 1 1,1 0 1 0,1.0174936914683481;127 128 129 130,0 1 1 1,1 0 0 1,1.0195598555745886;127 128 129 130,0 0 0 0,0 1 0 0,1.4573353857531317;127 128 129 130,0 0 0 0,0 0 1 0,1.0105451321874253;127 128 129 130,0 0 0 0,0 0 0 1,1.012569127788348;127 128 129 130,0 0 0 0,1 0 0 0,1.0069553929217498;
128 131,0 0,1 0,0.0;128 131,0 0,0 1,0.0;
131 132 133,0 1 2,1 1 1,1.4573353857531317;131 132 133,0 0 1,1 0 1,1.4573353857531317;131 132 133,0 0 1,0 1 1,1.4573353857531317;131 132 133,0 1 0,1 1 0,1.4573353857531317;131 132 133,0 1 0,0 1 1,1.4573353857531317;131 132 133,0 1 1,1 1 0,1.4573353857531317;131 132 133,0 1 1,1 0 1,1.4573353857531317;131 132 133,0 0 0,1 0 0,1.4573353857531317;131 132 133,0 0 0,0 1 0,1.4573353857531317;131 132 133,0 0 0,0 0 1,1.4573353857531317;
134 135,0 0,1 0,0.0;134 135,0 0,0 1,0.0;
134 136,0 0,0 1,0.0;134 136,0 0,1 0,0.0;
136 137 138,0 1 2,1 1 1,1.0589551103154773;136 137 138,0 0 1,1 0 1,1.015137495528752;136 137 138,0 0 1,0 1 1,1.0265629143581767;136 137 138,0 1 0,1 1 0,1.0258126311104883;136 137 138,0 1 0,0 1 1,1.0336629426558086;136 137 138,0 1 1,1 1 0,1.025370743820703;136 137 138,0 1 1,1 0 1,1.0192130117702192;136 137 138,0 0 0,1 0 0,1.0077140150364623;136 137 138,0 0 0,0 1 0,1.0207360637311569;136 137 138,0 0 0,0 0 1,1.0157189610229744;
137 139,0 0,1 0,0.0;137 139,0 0,0 1,0.0;
139 140,0 0,1 0,0.0;139 140,0 0,0 1,0.0;
140 141 142 143,0 1 2 3,1 1 1 1,1.0585989869285697;140 141 142 143,0 0 1 2,1 0 1 1,1.0198715425649845;140 141 142 143,0 0 1 2,0 1 1 1,1.0311326436256307;140 141 142 143,0 1 0 2,1 1 0 1,1.0333840628942736;140 141 142 143,0 1 0 2,0 1 1 1,1.0386852967660216;140 141 142 143,0 1 1 2,1 1 0 1,1.032358322033495;140 141 142 143,0 1 1 2,1 0 1 1,1.0237816951980432;140 141 142 143,0 0 0 1,1 0 0 1,1.0190863605292129;140 141 142 143,0 0 0 1,0 1 0 1,1.0301225918224515;140 141 142 143,0 0 0 1,0 0 1 1,1.0227338927575984;140 141 142 143,0 1 2 0,1 1 1 0,1.028613531498937;140 141 142 143,0 1 2 0,0 1 1 1,1.0344771385338847;140 141 142 143,0 1 2 1,1 1 1 0,1.0321173700711592;140 141 142 143,0 1 2 1,1 0 1 1,1.0250480161934388;140 141 142 143,0 1 2 2,1 1 1 0,1.0262773474674958;140 141 142 143,0 1 2 2,1 1 0 1,1.0276859691202525;140 141 142 143,0 0 1 0,1 0 1 0,1.0186105065736593;140 141 142 143,0 0 1 0,0 1 1 0,1.0288941672066976;140 141 142 143,0 0 1 0,0 0 1 1,1.022679027174754;140 141 142 143,0 0 1 1,1 0 1 0,1.0051494652265989;140 141 142 143,0 0 1 1,1 0 0 1,1.0061219102986556;140 141 142 143,0 0 1 1,0 1 1 0,1.014009265132932;140 141 142 143,0 0 1 1,0 1 0 1,1.0150711806043198;140 141 142 143,0 1 0 0,1 1 0 0,1.0225403844548482;140 141 142 143,0 1 0 0,0 1 1 0,1.0281375961485617;140 141 142 143,0 1 0 0,0 1 0 1,1.0290487091116256;140 141 142 143,0 1 0 1,1 1 0 0,1.017978746138816;140 141 142 143,0 1 0 1,1 0 0 1,1.011922621011826;140 141 142 143,0 1 0 1,0 1 1 0,1.0211675219717806;140 141 142 143,0 1 0 1,0 0 1 1,1.0148814910114359;140 141 142 143,0 1 1 0,1 1 0 0,1.0154095200160762;140 141 142 143,0 1 1 0,1 0 1 0,1.0085034272918154;140 141 142 143,0 1 1 0,0 1 0 1,1.0194605031443482;140 141 142 143,0 1 1 0,0 0 1 1,1.0122396055952179;140 141 142 143,0 1 1 1,1 1 0 0,1.0299697609160068;140 141 142 143,0 1 1 1,1 0 1 0,1.0185006152837155;140 141 142 143,0 1 1 1,1 0 0 1,1.019186643936532;140 141 142 143,0 0 0 0,1 0 0 0,1.006688190386425;140 141 142 143,0 0 0 0,0 1 0 0,1.0205530357121462;140 141 142 143,0 0 0 0,0 0 1 0,1.0109113266277587;140 141 142 143,0 0 0 0,0 0 0 1,1.0118638314064092;
141 144,0 0,0 1,0.0;141 144,0 0,1 0,0.0;
144 145,0 0,1 0,0.0;144 145,0 0,0 1,0.0;
125 146,0 0,0 1,0.0;125 146,0 0,1 0,0.0;
142 146,0 0,0 1,0.0;142 146,0 0,1 0,0.0;
143 147,0 0,0 1,0.0;143 147,0 0,1 0,0.0;
100 147,0 0,0 1,0.0;100 147,0 0,1 0,0.0;
101 148,0 0,0 1,0.0;101 148,0 0,1 0,0.0;
83 148,0 0,1 0,0.0;83 148,0 0,0 1,0.0;
84 149,0 0,1 0,0.0;84 149,0 0,0 1,0.0;
149 150,0 0,1 0,0.0;149 150,0 0,0 1,0.0;
150,0,1,0.0;
115 151,0 0,1 0,0.0;115 151,0 0,0 1,0.0;
151 152 153,0 1 2,1 1 1,1.0551203511125622;151 152 153,0 0 1,0 1 1,1.0206556367512893;151 152 153,0 0 1,1 0 1,1.0169128969890016;151 152 153,0 1 0,0 1 1,1.0218822276907074;151 152 153,0 1 0,1 1 0,1.0157373852629203;151 152 153,0 1 1,1 1 0,1.0216444464078902;151 152 153,0 1 1,1 0 1,1.0245845318475395;151 152 153,0 0 0,0 1 0,1.0145547300833684;151 152 153,0 0 0,0 0 1,1.0185475310100387;151 152 153,0 0 0,1 0 0,1.0121203012632691;
152 154,0 0,1 0,0.0;152 154,0 0,0 1,0.0;
154 155,0 0,1 0,0.0;154 155,0 0,0 1,0.0;
156 157,0 0,1 0,0.0;156 157,0 0,0 1,0.0;
158 159,0 0,1 0,0.0;158 159,0 0,0 1,0.0;
158 160,0 0,0 1,0.0;158 160,0 0,1 0,0.0;
161 162,0 0,1 0,0.0;161 162,0 0,0 1,0.0;
161 163,0 0,1 0,0.0;161 163,0 0,0 1,0.0;
163,0,1,0.0;
119 164,0 0,0 1,0.0;119 164,0 0,1 0,0.0;
164 165,0 0,1 0,0.0;164 165,0 0,0 1,0.0;
166 167 168 169,0 1 2 3,1 1 1 1,1.0569206614404583;166 167 168 169,0 0 1 2,1 0 1 1,1.031378856280354;166 167 168 169,0 0 1 2,0 1 1 1,1.025417012255149;166 167 168 169,0 1 0 2,0 1 1 1,1.029092933721156;166 167 168 169,0 1 0 2,1 1 0 1,1.0261159297382079;166 167 168 169,0 1 1 2,1 0 1 1,1.0286977511873348;166 167 168 169,0 1 1 2,1 1 0 1,1.021184736072789;166 167 168 169,0 0 0 1,0 0 1 1,1.025592887293471;166 167 168 169,0 0 0 1,1 0 0 1,1.0222383610634427;166 167 168 169,0 0 0 1,0 1 0 1,1.0179115501812992;166 167 168 169,0 1 2 0,0 1 1 1,1.0230239977094797;166 167 168 169,0 1 2 0,1 1 1 0,1.0266004786292924;166 167 168 169,0 1 2 1,1 0 1 1,1.0365647112781764;166 167 168 169,0 1 2 1,1 1 1 0,1.033123786190315;166 167 168 169,0 1 2 2,1 1 1 0,1.030956334168892;166 167 168 169,0 1 2 2,1 1 0 1,1.0247308610407737;166 167 168 169,0 0 1 0,0 0 1 1,1.0265791015050125;166 167 168 169,0 0 1 0,1 0 1 0,1.0286871199452334;166 167 168 169,0 0 1 0,0 1 1 0,1.0201187566953112;166 167 168 169,0 0 1 1,1 0 1 0,1.0175830484606512;166 167 168 169,0 0 1 1,1 0 0 1,1.0124668436712283;166 167 168 169,0 0 1 1,0 1 1 0,1.012734170368871;166 167 168 169,0 0 1 1,0 1 0 1,1.0077646094598622;166 167 168 169,0 1 0 0,0 1 1 0,1.0285264080995726;166 167 168 169,0 1 0 0,0 1 0 1,1.018332665249591;166 167 168 169,0 1 0 0,1 1 0 0,1.021058323387176;166 167 168 169,0 1 0 1,0 0 1 1,1.0176492415572085;166 167 168 169,0 1 0 1,0 1 1 0,1.0159623381891876;166 167 168 169,0 1 0 1,1 0 0 1,1.0156573893541645;166 167 168 169,0 1 0 1,1 1 0 0,1.0142097692263659;166 167 168 169,0 1 1 0,0 0 1 1,1.01016420005076;166 167 168 169,0 1 1 0,0 1 0 1,1.0045726543911992;166 167 168 169,0 1 1 0,1 0 1 0,1.0137412673747777;166 167 168 169,0 1 1 0,1 1 0 0,1.0081498420688602;166 167 168 169,0 1 1 1,1 0 1 0,1.0286871199452334;166 167 168 169,0 1 1 1,1 0 0 1,1.0246216133758819;166 167 168 169,0 1 1 1,1 1 0 0,1.020929511574623;166 167 168 169,0 0 0 0,0 0 1 0,1.018103475800196;166 167 168 169,0 0 0 0,0 0 0 1,1.0108744420975373;166 167 168 169,0 0 0 0,1 0 0 0,1.012792938677294;166 167 168 169,0 0 0 0,0 1 0 0,1.0071431642189255;
166 170,0 0,0 1,0.0;166 170,0 0,1 0,0.0;
170 171,0 0,1 0,0.0;170 171,0 0,0 1,0.0;
171 172 173,0 1 2,1 1 1,1.457817771598401;171 172 173,0 0 1,1 0 1,1.4575765786757664;171 172 173,0 0 1,0 1 1,1.4575765786757664;171 172 173,0 1 0,1 1 0,1.0149574971509798;171 172 173,0 1 0,0 1 1,1.4575765786757664;171 172 173,0 1 1,1 1 0,1.0127063637768616;171 172 173,0 1 1,1 0 1,1.4575765786757664;171 172 173,0 0 0,1 0 0,1.0105893393306558;171 172 173,0 0 0,0 1 0,1.0114808162326376;171 172 173,0 0 0,0 0 1,1.4573353857531317;
138 174,0 0,1 0,0.0;138 174,0 0,0 1,0.0;
120 174,0 0,1 0,0.0;120 174,0 0,0 1,0.0;
153 175,0 0,1 0,0.0;153 175,0 0,0 1,0.0;
175 176 177,0 1 2,1 1 1,1.0599531586310385;175 176 177,0 0 1,0 1 1,1.0269734393497636;175 176 177,0 0 1,1 0 1,1.0186491377620766;175 176 177,0 1 0,0 1 1,1.0295785051518815;175 176 177,0 1 0,1 1 0,1.0188669361071263;175 176 177,0 1 1,1 1 0,1.023543990903989;175 176 177,0 1 1,1 0 1,1.0250001696051723;175 176 177,0 0 0,0 1 0,1.0174257611853;175 176 177,0 0 0,0 0 1,1.019246770177714;175 176 177,0 0 0,1 0 0,1.0090550044955375;
176 178,0 0,1 0,0.0;176 178,0 0,0 1,0.0;
167 178,0 0,0 1,0.0;167 178,0 0,1 0,0.0;
168 179,0 0,1 0,0.0;168 179,0 0,0 1,0.0;
172 179,0 0,0 1,0.0;172 179,0 0,1 0,0.0;
180 181,0 0,1 0,0.0;180 181,0 0,0 1,0.0;
177 182,0 0,1 0,0.0;177 182,0 0,0 1,0.0;
182 183,0 0,1 0,0.0;182 183,0 0,0 1,0.0;
184 185,0 0,1 0,0.0;184 185,0 0,0 1,0.0;
129 184,0 0,0 1,0.0;129 184,0 0,1 0,0.0;
130 186,0 0,0 1,0.0;130 186,0 0,1 0,0.0;
122 187,0 0,1 0,0.0;122 187,0 0,0 1,0.0;
187 188,0 0,1 0,0.0;187 188,0 0,0 1,0.0;
188,0,1,0.0;
112 189,0 0,1 0,0.0;112 189,0 0,0 1,0.0;
189 190,0 0,1 0,0.0;189 190,0 0,0 1,0.0;
191 192,0 0,0 1,0.0;191 192,0 0,1 0,0.0;
191 193,0 0,0 1,0.0;191 193,0 0,1 0,0.0;
193,0,1,0.0;
89 194,0 0,1 0,0.0;89 194,0 0,0 1,0.0;
194,0,1,0.0;
86 195,0 0,0 1,0.0;86 195,0 0,1 0,0.0;
195,0,1,0.0;
85 196,0 0,0 1,0.0;85 196,0 0,1 0,0.0;
196,0,1,0.0;
102 197,0 0,0 1,0.0;102 197,0 0,1 0,0.0;
197 198 199 200,0 1 2 3,1 1 1 1,1.458081619414155;197 198 199 200,0 0 1 2,1 0 1 1,1.458081619414155;197 198 199 200,0 0 1 2,0 1 1 1,1.457922631800613;197 198 199 200,0 1 0 2,1 1 0 1,1.4574943733666736;197 198 199 200,0 1 0 2,0 1 1 1,1.457922631800613;197 198 199 200,0 1 1 2,1 1 0 1,1.4574943733666736;197 198 199 200,0 1 1 2,1 0 1 1,1.458081619414155;197 198 199 200,0 0 0 1,1 0 0 1,1.4574943733666736;197 198 199 200,0 0 0 1,0 1 0 1,1.4573353857531317;197 198 199 200,0 0 0 1,0 0 1 1,1.457922631800613;197 198 199 200,0 1 2 0,0 1 1 1,1.457922631800613;197 198 199 200,0 1 2 0,1 1 1 0,1.458081619414155;197 198 199 200,0 1 2 1,1 0 1 1,1.458081619414155;197 198 199 200,0 1 2 1,1 1 1 0,1.458081619414155;197 198 199 200,0 1 2 2,1 1 0 1,1.4574943733666736;197 198 199 200,0 1 2 2,1 1 1 0,1.458081619414155;197 198 199 200,0 0 1 0,0 0 1 1,1.457922631800613;197 198 199 200,0 0 1 0,1 0 1 0,1.016828799022798;197 198 199 200,0 0 1 0,0 1 1 0,1.457922631800613;197 198 199 200,0 0 1 1,1 0 0 1,1.4574943733666736;197 198 199 200,0 0 1 1,1 0 1 0,1.0068796057897618;197 198 199 200,0 0 1 1,0 1 0 1,1.4573353857531317;197 198 199 200,0 0 1 1,0 1 1 0,1.457922631800613;197 198 199 200,0 1 0 0,0 1 0 1,1.4573353857531317;197 198 199 200,0 1 0 0,1 1 0 0,1.4574943733666736;197 198 199 200,0 1 0 0,0 1 1 0,1.457922631800613;197 198 199 200,0 1 0 1,1 0 0 1,1.4574943733666736;197 198 199 200,0 1 0 1,1 1 0 0,1.4574943733666736;197 198 199 200,0 1 0 1,0 0 1 1,1.457922631800613;197 198 199 200,0 1 0 1,0 1 1 0,1.457922631800613;197 198 199 200,0 1 1 0,0 1 0 1,1.4573353857531317;197 198 199 200,0 1 1 0,0 0 1 1,1.457922631800613;197 198 199 200,0 1 1 0,1 1 0 0,1.4574943733666736;197 198 199 200,0 1 1 0,1 0 1 0,1.005397935895273;197 198 199 200,0 1 1 1,1 0 0 1,1.4574943733666736;197 198 199 200,0 1 1 1,1 1 0 0,1.4574943733666736;197 198 199 200,0 1 1 1,1 0 1 0,1.016828799022798;197 198 199 200,0 0 0 0,0 0 0 1,1.4573353857531317;197 198 199 200,0 0 0 0,1 0 0 0,1.009997314837351;197 198 199 200,0 0 0 0,0 1 0 0,1.4573353857531317;197 198 199 200,0 0 0 0,0 0 1 0,1.0124922976565163;
198 201,0 0,0 1,0.0;198 201,0 0,1 0,0.0;
201 202,0 0,1 0,0.0;201 202,0 0,0 1,0.0;
202,0,1,0.0;
199 203,0 0,0 1,0.0;199 203,0 0,1 0,0.0;
186 204,0 0,1 0,0.0;186 204,0 0,0 1,0.0;
200 205,0 0,1 0,0.0;200 205,0 0,0 1,0.0;
205 206,0 0,1 0,0.0;205 206,0 0,0 1,0.0;
206,0,1,0.0;
207 208,0 0,0 1,0.0;207 208,0 0,1 0,0.0;
132 209,0 0,0 1,0.0;132 209,0 0,1 0,0.0;
209 210,0 0,1 0,0.0;209 210,0 0,0 1,0.0;
210,0,1,0.0;
211 212,0 0,1 0,0.0;211 212,0 0,0 1,0.0;
211 213,0 0,1 0,0.0;211 213,0 0,0 1,0.0;
213,0,1,0.0;
133 214,0 0,1 0,0.0;133 214,0 0,0 1,0.0;
214 215,0 0,1 0,0.0;214 215,0 0,0 1,0.0;
212 215 216,0 1 2,1 1 1,1.4573353857531317;212 215 216,0 0 1,1 0 1,1.4573353857531317;212 215 216,0 0 1,0 1 1,1.4573353857531317;212 215 216,0 1 0,0 1 1,1.4573353857531317;212 215 216,0 1 0,1 1 0,1.4573353857531317;212 215 216,0 1 1,1 0 1,1.4573353857531317;212 215 216,0 1 1,1 1 0,1.4573353857531317;212 215 216,0 0 0,0 0 1,1.4573353857531317;212 215 216,0 0 0,1 0 0,1.4573353857531317;212 215 216,0 0 0,0 1 0,1.4573353857531317;
217 218 219,0 1 2,1 1 1,1.4573353857531317;217 218 219,0 0 1,1 0 1,1.4573353857531317;217 218 219,0 0 1,0 1 1,1.4573353857531317;217 218 219,0 1 0,1 1 0,1.4573353857531317;217 218 219,0 1 0,0 1 1,1.4573353857531317;217 218 219,0 1 1,1 1 0,1.4573353857531317;217 218 219,0 1 1,1 0 1,1.4573353857531317;217 218 219,0 0 0,1 0 0,1.4573353857531317;217 218 219,0 0 0,0 1 0,1.4573353857531317;217 218 219,0 0 0,0 0 1,1.4573353857531317;
217 220,0 0,1 0,0.0;217 220,0 0,0 1,0.0;
220 221,0 0,1 0,0.0;220 221,0 0,0 1,0.0;
221 222 223,0 1 2,1 1 1,1.4573353857531317;221 222 223,0 0 1,1 0 1,1.4573353857531317;221 222 223,0 0 1,0 1 1,1.4573353857531317;221 222 223,0 1 0,1 1 0,1.4573353857531317;221 222 223,0 1 0,0 1 1,1.4573353857531317;221 222 223,0 1 1,1 1 0,1.4573353857531317;221 222 223,0 1 1,1 0 1,1.4573353857531317;221 222 223,0 0 0,1 0 0,1.4573353857531317;221 222 223,0 0 0,0 1 0,1.4573353857531317;221 222 223,0 0 0,0 0 1,1.4573353857531317;
224 225 226,0 1 2,1 1 1,1.4573353857531317;224 225 226,0 0 1,1 0 1,1.4573353857531317;224 225 226,0 0 1,0 1 1,1.4573353857531317;224 225 226,0 1 0,1 1 0,1.4573353857531317;224 225 226,0 1 0,0 1 1,1.4573353857531317;224 225 226,0 1 1,1 1 0,1.4573353857531317;224 225 226,0 1 1,1 0 1,1.4573353857531317;224 225 226,0 0 0,1 0 0,1.4573353857531317;224 225 226,0 0 0,0 1 0,1.4573353857531317;224 225 226,0 0 0,0 0 1,1.4573353857531317;
224 227,0 0,1 0,0.0;224 227,0 0,0 1,0.0;
227 228 229,0 1 2,1 1 1,1.4573353857531317;227 228 229,0 0 1,1 0 1,1.4573353857531317;227 228 229,0 0 1,0 1 1,1.4573353857531317;227 228 229,0 1 0,1 1 0,1.4573353857531317;227 228 229,0 1 0,0 1 1,1.4573353857531317;227 228 229,0 1 1,1 1 0,1.4573353857531317;227 228 229,0 1 1,1 0 1,1.4573353857531317;227 228 229,0 0 0,1 0 0,1.4573353857531317;227 228 229,0 0 0,0 1 0,1.4573353857531317;227 228 229,0 0 0,0 0 1,1.4573353857531317;
228 230,0 0,1 0,0.0;228 230,0 0,0 1,0.0;
230 231,0 0,1 0,0.0;230 231,0 0,0 1,0.0;
231 232 233,0 1 2,1 1 1,1.4573353857531317;231 232 233,0 0 1,0 1 1,1.4573353857531317;231 232 233,0 0 1,1 0 1,1.4573353857531317;231 232 233,0 1 0,0 1 1,1.4573353857531317;231 232 233,0 1 0,1 1 0,1.4573353857531317;231 232 233,0 1 1,1 1 0,1.4573353857531317;231 232 233,0 1 1,1 0 1,1.4573353857531317;231 232 233,0 0 0,0 1 0,1.4573353857531317;231 232 233,0 0 0,0 0 1,1.4573353857531317;231 232 233,0 0 0,1 0 0,1.4573353857531317;
232 234,0 0,1 0,0.0;232 234,0 0,0 1,0.0;
225 235,0 0,1 0,0.0;225 235,0 0,0 1,0.0;
222 236,0 0,0 1,0.0;222 236,0 0,1 0,0.0;
236 237 238,0 1 2,1 1 1,1.4573353857531317;236 237 238,0 0 1,1 0 1,1.4573353857531317;236 237 238,0 0 1,0 1 1,1.4573353857531317;236 237 238,0 1 0,1 1 0,1.4573353857531317;236 237 238,0 1 0,0 1 1,1.4573353857531317;236 237 238,0 1 1,1 1 0,1.4573353857531317;236 237 238,0 1 1,1 0 1,1.4573353857531317;236 237 238,0 0 0,1 0 0,1.4573353857531317;236 237 238,0 0 0,0 1 0,1.4573353857531317;236 237 238,0 0 0,0 0 1,1.4573353857531317;
237 239,0 0,1 0,0.0;237 239,0 0,0 1,0.0;
239 240,0 0,0 1,0.0;239 240,0 0,1 0,0.0;
240,0,1,0.0;
241 242 243,0 1 2,1 1 1,1.4573353857531317;241 242 243,0 0 1,1 0 1,1.4573353857531317;241 242 243,0 0 1,0 1 1,1.4573353857531317;241 242 243,0 1 0,1 1 0,1.4573353857531317;241 242 243,0 1 0,0 1 1,1.4573353857531317;241 242 243,0 1 1,1 1 0,1.4573353857531317;241 242 243,0 1 1,1 0 1,1.4573353857531317;241 242 243,0 0 0,1 0 0,1.4573353857531317;241 242 243,0 0 0,0 1 0,1.4573353857531317;241 242 243,0 0 0,0 0 1,1.4573353857531317;
241 244,0 0,1 0,0.0;241 244,0 0,0 1,0.0;
244 245,0 0,1 0,0.0;244 245,0 0,0 1,0.0;
245,0,1,0.0;
242 246,0 0,1 0,0.0;242 246,0 0,0 1,0.0;
246 247,0 0,1 0,0.0;246 247,0 0,0 1,0.0;
247,0,1,0.0;
233 248,0 0,0 1,0.0;233 248,0 0,1 0,0.0;
229 249,0 0,0 1,0.0;229 249,0 0,1 0,0.0;
249 250,0 0,1 0,0.0;249 250,0 0,0 1,0.0;
250,0,1,0.0;
156 251,0 0,0 1,0.0;156 251,0 0,1 0,0.0;
251,0,1,0.0;
180 252,0 0,1 0,0.0;180 252,0 0,0 1,0.0;
252,0,1,0.0;
173 253,0 0,0 1,0.0;173 253,0 0,1 0,0.0;
253 254,0 0,1 0,0.0;253 254,0 0,0 1,0.0;
254,0,1,0.0;
218 255,0 0,1 0,0.0;218 255,0 0,0 1,0.0;
255 256,0 0,0 1,0.0;255 256,0 0,1 0,0.0;
256,0,1,0.0;
207 257,0 0,0 1,0.0;207 257,0 0,1 0,0.0;
257,0,1,0.0;
234 258,0 0,1 0,0.0;234 258,0 0,0 1,0.0;
258 259 260 261,0 1 2 3,1 1 1 1,1.4573353857531317;258 259 260 261,0 0 1 2,1 0 1 1,1.4573353857531317;258 259 260 261,0 0 1 2,0 1 1 1,1.4573353857531317;258 259 260 261,0 1 0 2,1 1 0 1,1.4573353857531317;258 259 260 261,0 1 0 2,0 1 1 1,1.4573353857531317;258 259 260 261,0 1 1 2,1 1 0 1,1.4573353857531317;258 259 260 261,0 1 1 2,1 0 1 1,1.4573353857531317;258 259 260 261,0 0 0 1,1 0 0 1,1.4573353857531317;258 259 260 261,0 0 0 1,0 1 0 1,1.4573353857531317;258 259 260 261,0 0 0 1,0 0 1 1,1.4573353857531317;258 259 260 261,0 1 2 0,1 1 1 0,1.4573353857531317;258 259 260 261,0 1 2 0,0 1 1 1,1.4573353857531317;258 259 260 261,0 1 2 1,1 1 1 0,1.4573353857531317;258 259 260 261,0 1 2 1,1 0 1 1,1.4573353857531317;258 259 260 261,0 1 2 2,1 1 1 0,1.4573353857531317;258 259 260 261,0 1 2 2,1 1 0 1,1.4573353857531317;258 259 260 261,0 0 1 0,1 0 1 0,1.4573353857531317;258 259 260 261,0 0 1 0,0 1 1 0,1.4573353857531317;258 259 260 261,0 0 1 0,0 0 1 1,1.4573353857531317;258 259 260 261,0 0 1 1,1 0 1 0,1.4573353857531317;258 259 260 261,0 0 1 1,1 0 0 1,1.4573353857531317;258 259 260 261,0 0 1 1,0 1 1 0,1.4573353857531317;258 259 260 261,0 0 1 1,0 1 0 1,1.4573353857531317;258 259 260 261,0 1 0 0,1 1 0 0,1.4573353857531317;258 259 260 261,0 1 0 0,0 1 1 0,1.4573353857531317;258 259 260 261,0 1 0 0,0 1 0 1,1.4573353857531317;258 259 260 261,0 1 0 1,1 1 0 0,1.4573353857531317;258 259 260 261,0 1 0 1,1 0 0 1,1.4573353857531317;258 259 260 261,0 1 0 1,0 1 1 0,1.4573353857531317;258 259 260 261,0 1 0 1,0 0 1 1,1.4573353857531317;258 259 260 261,0 1 1 0,1 1 0 0,1.4573353857531317;258 259 260 261,0 1 1 0,1 0 1 0,1.4573353857531317;258 259 260 261,0 1 1 0,0 1 0 1,1.4573353857531317;258 259 260 261,0 1 1 0,0 0 1 1,1.4573353857531317;258 259 260 261,0 1 1 1,1 1 0 0,1.4573353857531317;258 259 260 261,0 1 1 1,1 0 1 0,1.4573353857531317;258 259 260 261,0 1 1 1,1 0 0 1,1.4573353857531317;258 259 260 261,0 0 0 0,1 0 0 0,1.4573353857531317;258 259 260 261,0 0 0 0,0 1 0 0,1.4573353857531317;258 259 260 261,0 0 0 0,0 0 1 0,1.4573353857531317;258 259 260 261,0 0 0 0,0 0 0 1,1.4573353857531317;
259 262,0 0,1 0,0.0;259 262,0 0,0 1,0.0;
262 263 264,0 1 2,1 1 1,1.463725703413421;262 263 264,0 0 1,1 0 1,1.459360524447526;262 263 264,0 0 1,0 1 1,1.0231480464848897;262 263 264,0 1 0,0 1 1,1.030621866090302;262 263 264,0 1 0,1 1 0,1.4617005647190267;262 263 264,0 1 1,1 0 1,1.459360524447526;262 263 264,0 1 1,1 1 0,1.4617005647190267;262 263 264,0 0 0,0 0 1,1.0142218575922448;262 263 264,0 0 0,1 0 0,1.4573353857531317;262 263 264,0 0 0,0 1 0,1.0184875882599778;
263 265,0 0,0 1,0.0;263 265,0 0,1 0,0.0;
265 266 267,0 1 2,1 1 1,1.458875222830727;265 266 267,0 0 1,1 0 1,1.4573689272763697;265 266 267,0 0 1,0 1 1,1.458841681307489;265 266 267,0 1 0,1 1 0,1.0133409241594487;265 266 267,0 1 0,0 1 1,1.458841681307489;265 266 267,0 1 1,1 1 0,1.017282065864693;265 266 267,0 1 1,1 0 1,1.4573689272763697;265 266 267,0 0 0,1 0 0,1.0077469672396906;265 266 267,0 0 0,0 1 0,1.013760564963901;265 266 267,0 0 0,0 0 1,1.4573353857531317;
268 269 270,0 1 2,1 1 1,1.465287486851298;268 269 270,0 0 1,1 0 1,1.4616612402447475;268 269 270,0 0 1,0 1 1,1.4609616323596821;268 269 270,0 1 0,1 1 0,1.0247566699516024;268 269 270,0 1 0,0 1 1,1.4609616323596821;268 269 270,0 1 1,1 1 0,1.029361925512637;268 269 270,0 1 1,1 0 1,1.4616612402447475;268 269 270,0 0 0,1 0 0,1.0174564412425;268 269 270,0 0 0,0 1 0,1.0156750238554846;268 269 270,0 0 0,0 0 1,1.4573353857531317;
268 271,0 0,1 0,0.0;268 271,0 0,0 1,0.0;
271 272 273,0 1 2,1 1 1,1.4602499811759369;271 272 273,0 0 1,0 1 1,1.4601893009059874;271 272 273,0 0 1,1 0 1,1.4573960660230811;271 272 273,0 1 0,0 1 1,1.4601893009059874;271 272 273,0 1 0,1 1 0,1.0240220361979273;271 272 273,0 1 1,1 1 0,1.0212427212458761;271 272 273,0 1 1,1 0 1,1.4573960660230811;271 272 273,0 0 0,0 1 0,1.0160109228218737;271 272 273,0 0 0,0 0 1,1.4573353857531317;271 272 273,0 0 0,1 0 0,1.0097770168275333;
272 274,0 0,1 0,0.0;272 274,0 0,0 1,0.0;
274 275 276,0 1 2,1 1 1,1.458542916972344;274 275 276,0 0 1,1 0 1,1.0208511400646871;274 275 276,0 0 1,0 1 1,1.458529604360057;274 275 276,0 1 0,1 1 0,1.4573486983654187;274 275 276,0 1 0,0 1 1,1.458529604360057;274 275 276,0 1 1,1 1 0,1.4573486983654187;274 275 276,0 1 1,1 0 1,1.020628306686967;274 275 276,0 0 0,1 0 0,1.0100163363833277;274 275 276,0 0 0,0 1 0,1.4573353857531317;274 275 276,0 0 0,0 0 1,1.013086433220109;
277 278 279,0 1 2,1 1 1,1.4591711547252673;277 278 279,0 0 1,1 0 1,1.45734808636147;277 278 279,0 0 1,0 1 1,1.0190143561846514;277 278 279,0 1 0,1 1 0,1.4591584541169291;277 278 279,0 1 0,0 1 1,1.0136869277821696;277 278 279,0 1 1,1 1 0,1.4591584541169291;277 278 279,0 1 1,1 0 1,1.45734808636147;277 278 279,0 0 0,1 0 0,1.4573353857531317;277 278 279,0 0 0,0 1 0,1.0140876653820965;277 278 279,0 0 0,0 0 1,1.0082508422483782;
277 280,0 0,0 1,0.0;277 280,0 0,1 0,0.0;
280 281 282,0 1 2,1 1 1,1.4573353857531317;280 281 282,0 0 1,1 0 1,1.4573353857531317;280 281 282,0 0 1,0 1 1,1.4573353857531317;280 281 282,0 1 0,1 1 0,1.4573353857531317;280 281 282,0 1 0,0 1 1,1.4573353857531317;280 281 282,0 1 1,1 1 0,1.4573353857531317;280 281 282,0 1 1,1 0 1,1.4573353857531317;280 281 282,0 0 0,1 0 0,1.4573353857531317;280 281 282,0 0 0,0 1 0,1.4573353857531317;280 281 282,0 0 0,0 0 1,1.4573353857531317;
281 283,0 0,1 0,0.0;281 283,0 0,0 1,0.0;
283 284,0 0,1 0,0.0;283 284,0 0,0 1,0.0;
284 285 286,0 1 2,1 1 1,1.4573353857531317;284 285 286,0 0 1,1 0 1,1.4573353857531317;284 285 286,0 0 1,0 1 1,1.4573353857531317;284 285 286,0 1 0,1 1 0,1.4573353857531317;284 285 286,0 1 0,0 1 1,1.4573353857531317;284 285 286,0 1 1,1 1 0,1.4573353857531317;284 285 286,0 1 1,1 0 1,1.4573353857531317;284 285 286,0 0 0,1 0 0,1.4573353857531317;284 285 286,0 0 0,0 1 0,1.4573353857531317;284 285 286,0 0 0,0 0 1,1.4573353857531317;
287 288 289,0 1 2,1 1 1,1.4573353857531317;287 288 289,0 0 1,0 1 1,1.4573353857531317;287 288 289,0 0 1,1 0 1,1.4573353857531317;287 288 289,0 1 0,0 1 1,1.4573353857531317;287 288 289,0 1 0,1 1 0,1.4573353857531317;287 288 289,0 1 1,1 1 0,1.4573353857531317;287 288 289,0 1 1,1 0 1,1.4573353857531317;287 288 289,0 0 0,0 1 0,1.4573353857531317;287 288 289,0 0 0,0 0 1,1.4573353857531317;287 288 289,0 0 0,1 0 0,1.4573353857531317;
287 290,0 0,0 1,0.0;287 290,0 0,1 0,0.0;
290 291 292,0 1 2,1 1 1,1.4573353857531317;290 291 292,0 0 1,1 0 1,1.4573353857531317;290 291 292,0 0 1,0 1 1,1.4573353857531317;290 291 292,0 1 0,1 1 0,1.4573353857531317;290 291 292,0 1 0,0 1 1,1.4573353857531317;290 291 292,0 1 1,1 1 0,1.4573353857531317;290 291 292,0 1 1,1 0 1,1.4573353857531317;290 291 292,0 0 0,1 0 0,1.4573353857531317;290 291 292,0 0 0,0 1 0,1.4573353857531317;290 291 292,0 0 0,0 0 1,1.4573353857531317;
291 293,0 0,1 0,0.0;291 293,0 0,0 1,0.0;
293 294 295 296,0 1 2 3,1 1 1 1,1.4573353857531317;293 294 295 296,0 0 1 2,1 0 1 1,1.4573353857531317;293 294 295 296,0 0 1 2,0 1 1 1,1.4573353857531317;293 294 295 296,0 1 0 2,1 1 0 1,1.4573353857531317;293 294 295 296,0 1 0 2,0 1 1 1,1.4573353857531317;293 294 295 296,0 1 1 2,1 1 0 1,1.4573353857531317;293 294 295 296,0 1 1 2,1 0 1 1,1.4573353857531317;293 294 295 296,0 0 0 1,1 0 0 1,1.4573353857531317;293 294 295 296,0 0 0 1,0 1 0 1,1.4573353857531317;293 294 295 296,0 0 0 1,0 0 1 1,1.4573353857531317;293 294 295 296,0 1 2 0,0 1 1 1,1.4573353857531317;293 294 295 296,0 1 2 0,1 1 1 0,1.4573353857531317;293 294 295 296,0 1 2 1,1 0 1 1,1.4573353857531317;293 294 295 296,0 1 2 1,1 1 1 0,1.4573353857531317;293 294 295 296,0 1 2 2,1 1 0 1,1.4573353857531317;293 294 295 296,0 1 2 2,1 1 1 0,1.4573353857531317;293 294 295 296,0 0 1 0,0 0 1 1,1.4573353857531317;293 294 295 296,0 0 1 0,1 0 1 0,1.4573353857531317;293 294 295 296,0 0 1 0,0 1 1 0,1.4573353857531317;293 294 295 296,0 0 1 1,1 0 0 1,1.4573353857531317;293 294 295 296,0 0 1 1,1 0 1 0,1.4573353857531317;293 294 295 296,0 0 1 1,0 1 0 1,1.4573353857531317;293 294 295 296,0 0 1 1,0 1 1 0,1.4573353857531317;293 294 295 296,0 1 0 0,0 1 0 1,1.4573353857531317;293 294 295 296,0 1 0 0,1 1 0 0,1.4573353857531317;293 294 295 296,0 1 0 0,0 1 1 0,1.4573353857531317;293 294 295 296,0 1 0 1,1 0 0 1,1.4573353857531317;293 294 295 296,0 1 0 1,1 1 0 0,1.4573353857531317;293 294 295 296,0 1 0 1,0 0 1 1,1.4573353857531317;293 294 295 296,0 1 0 1,0 1 1 0,1.4573353857531317;293 294 295 296,0 1 1 0,0 1 0 1,1.4573353857531317;293 294 295 296,0 1 1 0,0 0 1 1,1.4573353857531317;293 294 295 296,0 1 1 0,1 1 0 0,1.4573353857531317;293 294 295 296,0 1 1 0,1 0 1 0,1.4573353857531317;293 294 295 296,0 1 1 1,1 0 0 1,1.4573353857531317;293 294 295 296,0 1 1 1,1 1 0 0,1.4573353857531317;293 294 295 296,0 1 1 1,1 0 1 0,1.4573353857531317;293 294 295 296,0 0 0 0,0 0 0 1,1.4573353857531317;293 294 295 296,0 0 0 0,1 0 0 0,1.4573353857531317;293 294 295 296,0 0 0 0,0 1 0 0,1.4573353857531317;293 294 295 296,0 0 0 0,0 0 1 0,1.4573353857531317;
294 297,0 0,0 1,0.0;294 297,0 0,1 0,0.0;
297 298 299,0 1 2,1 1 1,1.4573353857531317;297 298 299,0 0 1,1 0 1,1.4573353857531317;297 298 299,0 0 1,0 1 1,1.4573353857531317;297 298 299,0 1 0,1 1 0,1.4573353857531317;297 298 299,0 1 0,0 1 1,1.4573353857531317;297 298 299,0 1 1,1 1 0,1.4573353857531317;297 298 299,0 1 1,1 0 1,1.4573353857531317;297 298 299,0 0 0,1 0 0,1.4573353857531317;297 298 299,0 0 0,0 1 0,1.4573353857531317;297 298 299,0 0 0,0 0 1,1.4573353857531317;
300 301 302,0 1 2,1 1 1,1.4573353857531317;300 301 302,0 0 1,1 0 1,1.4573353857531317;300 301 302,0 0 1,0 1 1,1.4573353857531317;300 301 302,0 1 0,1 1 0,1.4573353857531317;300 301 302,0 1 0,0 1 1,1.4573353857531317;300 301 302,0 1 1,1 1 0,1.4573353857531317;300 301 302,0 1 1,1 0 1,1.4573353857531317;300 301 302,0 0 0,1 0 0,1.4573353857531317;300 301 302,0 0 0,0 1 0,1.4573353857531317;300 301 302,0 0 0,0 0 1,1.4573353857531317;
300 303,0 0,1 0,0.0;300 303,0 0,0 1,0.0;
303 304,0 0,0 1,0.0;303 304,0 0,1 0,0.0;
235 305,0 0,0 1,0.0;235 305,0 0,1 0,0.0;
305,0,1,0.0;
248 306,0 0,1 0,0.0;248 306,0 0,0 1,0.0;
306,0,1,0.0;
260 307,0 0,0 1,0.0;260 307,0 0,1 0,0.0;
307 308,0 0,1 0,0.0;307 308,0 0,0 1,0.0;
308,0,1,0.0;
261 309,0 0,0 1,0.0;261 309,0 0,1 0,0.0;
309 310,0 0,1 0,0.0;309 310,0 0,0 1,0.0;
310,0,1,0.0;
264 311,0 0,1 0,0.0;264 311,0 0,0 1,0.0;
311 312,0 0,0 1,0.0;311 312,0 0,1 0,0.0;
312 313 314,0 1 2,1 1 1,1.4595908501183141;312 313 314,0 0 1,1 0 1,1.015993941059902;312 313 314,0 0 1,0 1 1,1.4586529074778118;312 313 314,0 1 0,1 1 0,1.458273328393634;312 313 314,0 1 0,0 1 1,1.4586529074778118;312 313 314,0 1 1,1 1 0,1.458273328393634;312 313 314,0 1 1,1 0 1,1.0168864770831778;312 313 314,0 0 0,1 0 0,1.008839182260479;312 313 314,0 0 0,0 1 0,1.4573353857531317;312 313 314,0 0 0,0 0 1,1.021489060605606;
313 315,0 0,1 0,0.0;313 315,0 0,0 1,0.0;
315,0,1,0.0;
266 316,0 0,1 0,0.0;266 316,0 0,0 1,0.0;
314 316,0 0,1 0,0.0;314 316,0 0,0 1,0.0;
273 317,0 0,1 0,0.0;273 317,0 0,0 1,0.0;
317 318,0 0,1 0,0.0;317 318,0 0,0 1,0.0;
318,0,1,0.0;
275 319,0 0,1 0,0.0;275 319,0 0,0 1,0.0;
319 320,0 0,0 1,0.0;319 320,0 0,1 0,0.0;
320,0,1,0.0;
269 321,0 0,0 1,0.0;269 321,0 0,1 0,0.0;
321 322,0 0,1 0,0.0;321 322,0 0,0 1,0.0;
278 323,0 0,0 1,0.0;278 323,0 0,1 0,0.0;
323 324,0 0,1 0,0.0;323 324,0 0,0 1,0.0;
322 324 325 326,0 1 2 3,1 1 1 1,1.4587707179678064;322 324 325 326,0 0 1 2,1 0 1 1,1.45770981510206;322 324 325 326,0 0 1 2,0 1 1 1,1.4583962886188782;322 324 325 326,0 1 0 2,1 1 0 1,1.4587707179678064;322 324 325 326,0 1 0 2,0 1 1 1,1.4583962886188782;322 324 325 326,0 1 1 2,1 1 0 1,1.4587707179678064;322 324 325 326,0 1 1 2,1 0 1 1,1.45770981510206;322 324 325 326,0 0 0 1,1 0 0 1,1.45770981510206;322 324 325 326,0 0 0 1,0 1 0 1,1.4583962886188782;322 324 325 326,0 0 0 1,0 0 1 1,1.4573353857531317;322 324 325 326,0 1 2 0,1 1 1 0,1.4587707179678064;322 324 325 326,0 1 2 0,0 1 1 1,1.4583962886188782;322 324 325 326,0 1 2 1,1 1 1 0,1.4587707179678064;322 324 325 326,0 1 2 1,1 0 1 1,1.45770981510206;322 324 325 326,0 1 2 2,1 1 1 0,1.4587707179678064;322 324 325 326,0 1 2 2,1 1 0 1,1.4587707179678064;322 324 325 326,0 0 1 0,1 0 1 0,1.45770981510206;322 324 325 326,0 0 1 0,0 1 1 0,1.4583962886188782;322 324 325 326,0 0 1 0,0 0 1 1,1.4573353857531317;322 324 325 326,0 0 1 1,1 0 1 0,1.45770981510206;322 324 325 326,0 0 1 1,1 0 0 1,1.45770981510206;322 324 325 326,0 0 1 1,0 1 1 0,1.4583962886188782;322 324 325 326,0 0 1 1,0 1 0 1,1.4583962886188782;322 324 325 326,0 1 0 0,1 1 0 0,1.0192947110114807;322 324 325 326,0 1 0 0,0 1 1 0,1.4583962886188782;322 324 325 326,0 1 0 0,0 1 0 1,1.4583962886188782;322 324 325 326,0 1 0 1,1 1 0 0,1.0085486899471252;322 324 325 326,0 1 0 1,1 0 0 1,1.45770981510206;322 324 325 326,0 1 0 1,0 1 1 0,1.4583962886188782;322 324 325 326,0 1 0 1,0 0 1 1,1.4573353857531317;322 324 325 326,0 1 1 0,1 1 0 0,1.0054612904276263;322 324 325 326,0 1 1 0,1 0 1 0,1.45770981510206;322 324 325 326,0 1 1 0,0 1 0 1,1.4583962886188782;322 324 325 326,0 1 1 0,0 0 1 1,1.4573353857531317;322 324 325 326,0 1 1 1,1 1 0 0,1.0193479032256363;322 324 325 326,0 1 1 1,1 0 1 0,1.45770981510206;322 324 325 326,0 1 1 1,1 0 0 1,1.45770981510206;322 324 325 326,0 0 0 0,1 0 0 0,1.007233618286963;322 324 325 326,0 0 0 0,0 1 0 0,1.0107337533893164;322 324 325 326,0 0 0 0,0 0 1 0,1.4573353857531317;322 324 325 326,0 0 0 0,0 0 0 1,1.4573353857531317;
325 327,0 0,1 0,0.0;325 327,0 0,0 1,0.0;
327,0,1,0.0;
282 328,0 0,0 1,0.0;282 328,0 0,1 0,0.0;
328 329,0 0,1 0,0.0;328 329,0 0,0 1,0.0;
329,0,1,0.0;
330 331 332,0 1 2,1 1 1,1.4573353857531317;330 331 332,0 0 1,1 0 1,1.4573353857531317;330 331 332,0 0 1,0 1 1,1.4573353857531317;330 331 332,0 1 0,1 1 0,1.4573353857531317;330 331 332,0 1 0,0 1 1,1.4573353857531317;330 331 332,0 1 1,1 1 0,1.4573353857531317;330 331 332,0 1 1,1 0 1,1.4573353857531317;330 331 332,0 0 0,1 0 0,1.4573353857531317;330 331 332,0 0 0,0 1 0,1.4573353857531317;330 331 332,0 0 0,0 0 1,1.4573353857531317;
330 333,0 0,1 0,0.0;330 333,0 0,0 1,0.0;
333 334,0 0,1 0,0.0;333 334,0 0,0 1,0.0;
334,0,1,0.0;
331 335,0 0,1 0,0.0;331 335,0 0,0 1,0.0;
335 336,0 0,0 1,0.0;335 336,0 0,1 0,0.0;
336,0,1,0.0;
285 337,0 0,0 1,0.0;285 337,0 0,1 0,0.0;
337 338,0 0,1 0,0.0;337 338,0 0,0 1,0.0;
338,0,1,0.0;
292 339,0 0,0 1,0.0;292 339,0 0,1 0,0.0;
339 340,0 0,1 0,0.0;339 340,0 0,0 1,0.0;
340,0,1,0.0;
295 341,0 0,0 1,0.0;295 341,0 0,1 0,0.0;
341 342,0 0,1 0,0.0;341 342,0 0,0 1,0.0;
342,0,1,0.0;
298 343,0 0,1 0,0.0;298 343,0 0,0 1,0.0;
343 344,0 0,0 1,0.0;343 344,0 0,1 0,0.0;
344,0,1,0.0;
296 345,0 0,1 0,0.0;296 345,0 0,0 1,0.0;
345 346,0 0,1 0,0.0;345 346,0 0,0 1,0.0;
346,0,1,0.0;
301 347,0 0,0 1,0.0;301 347,0 0,1 0,0.0;
347 348,0 0,1 0,0.0;347 348,0 0,0 1,0.0;
348,0,1,0.0;
304 349 350,0 1 2,1 1 1,1.4573353857531317;304 349 350,0 0 1,1 0 1,1.4573353857531317;304 349 350,0 0 1,0 1 1,1.4573353857531317;304 349 350,0 1 0,1 1 0,1.4573353857531317;304 349 350,0 1 0,0 1 1,1.4573353857531317;304 349 350,0 1 1,1 1 0,1.4573353857531317;304 349 350,0 1 1,1 0 1,1.4573353857531317;304 349 350,0 0 0,1 0 0,1.4573353857531317;304 349 350,0 0 0,0 1 0,1.4573353857531317;304 349 350,0 0 0,0 0 1,1.4573353857531317;
351 352 353 354,0 1 2 3,1 1 1 1,1.4573353857531317;351 352 353 354,0 0 1 2,0 1 1 1,1.4573353857531317;351 352 353 354,0 0 1 2,1 0 1 1,1.4573353857531317;351 352 353 354,0 1 0 2,0 1 1 1,1.4573353857531317;351 352 353 354,0 1 0 2,1 1 0 1,1.4573353857531317;351 352 353 354,0 1 1 2,1 1 0 1,1.4573353857531317;351 352 353 354,0 1 1 2,1 0 1 1,1.4573353857531317;351 352 353 354,0 0 0 1,0 1 0 1,1.4573353857531317;351 352 353 354,0 0 0 1,0 0 1 1,1.4573353857531317;351 352 353 354,0 0 0 1,1 0 0 1,1.4573353857531317;351 352 353 354,0 1 2 0,0 1 1 1,1.4573353857531317;351 352 353 354,0 1 2 0,1 1 1 0,1.4573353857531317;351 352 353 354,0 1 2 1,1 1 1 0,1.4573353857531317;351 352 353 354,0 1 2 1,1 0 1 1,1.4573353857531317;351 352 353 354,0 1 2 2,1 1 1 0,1.4573353857531317;351 352 353 354,0 1 2 2,1 1 0 1,1.4573353857531317;351 352 353 354,0 0 1 0,0 1 1 0,1.4573353857531317;351 352 353 354,0 0 1 0,0 0 1 1,1.4573353857531317;351 352 353 354,0 0 1 0,1 0 1 0,1.4573353857531317;351 352 353 354,0 0 1 1,0 1 1 0,1.4573353857531317;351 352 353 354,0 0 1 1,0 1 0 1,1.4573353857531317;351 352 353 354,0 0 1 1,1 0 1 0,1.4573353857531317;351 352 353 354,0 0 1 1,1 0 0 1,1.4573353857531317;351 352 353 354,0 1 0 0,0 1 1 0,1.4573353857531317;351 352 353 354,0 1 0 0,0 1 0 1,1.4573353857531317;351 352 353 354,0 1 0 0,1 1 0 0,1.4573353857531317;351 352 353 354,0 1 0 1,0 1 1 0,1.4573353857531317;351 352 353 354,0 1 0 1,0 0 1 1,1.4573353857531317;351 352 353 354,0 1 0 1,1 1 0 0,1.4573353857531317;351 352 353 354,0 1 0 1,1 0 0 1,1.4573353857531317;351 352 353 354,0 1 1 0,0 1 0 1,1.4573353857531317;351 352 353 354,0 1 1 0,0 0 1 1,1.4573353857531317;351 352 353 354,0 1 1 0,1 1 0 0,1.4573353857531317;351 352 353 354,0 1 1 0,1 0 1 0,1.4573353857531317;351 352 353 354,0 1 1 1,1 1 0 0,1.4573353857531317;351 352 353 354,0 1 1 1,1 0 1 0,1.4573353857531317;351 352 353 354,0 1 1 1,1 0 0 1,1.4573353857531317;351 352 353 354,0 0 0 0,0 1 0 0,1.4573353857531317;351 352 353 354,0 0 0 0,0 0 1 0,1.4573353857531317;351 352 353 354,0 0 0 0,0 0 0 1,1.4573353857531317;351 352 353 354,0 0 0 0,1 0 0 0,1.4573353857531317;
351 355,0 0,0 1,0.0;351 355,0 0,1 0,0.0;
355 356,0 0,1 0,0.0;355 356,0 0,0 1,0.0;
356 357 358,0 1 2,1 1 1,1.4573353857531317;356 357 358,0 0 1,1 0 1,1.4573353857531317;356 357 358,0 0 1,0 1 1,1.4573353857531317;356 357 358,0 1 0,1 1 0,1.4573353857531317;356 357 358,0 1 0,0 1 1,1.4573353857531317;356 357 358,0 1 1,1 1 0,1.4573353857531317;356 357 358,0 1 1,1 0 1,1.4573353857531317;356 357 358,0 0 0,1 0 0,1.4573353857531317;356 357 358,0 0 0,0 1 0,1.4573353857531317;356 357 358,0 0 0,0 0 1,1.4573353857531317;
359 360 361,0 1 2,1 1 1,1.4573353857531317;359 360 361,0 0 1,0 1 1,1.4573353857531317;359 360 361,0 0 1,1 0 1,1.4573353857531317;359 360 361,0 1 0,0 1 1,1.4573353857531317;359 360 361,0 1 0,1 1 0,1.4573353857531317;359 360 361,0 1 1,1 1 0,1.4573353857531317;359 360 361,0 1 1,1 0 1,1.4573353857531317;359 360 361,0 0 0,0 1 0,1.4573353857531317;359 360 361,0 0 0,0 0 1,1.4573353857531317;359 360 361,0 0 0,1 0 0,1.4573353857531317;
359 362,0 0,0 1,0.0;359 362,0 0,1 0,0.0;
362 363,0 0,1 0,0.0;362 363,0 0,0 1,0.0;
363 364 365,0 1 2,1 1 1,1.4573353857531317;363 364 365,0 0 1,1 0 1,1.4573353857531317;363 364 365,0 0 1,0 1 1,1.4573353857531317;363 364 365,0 1 0,1 1 0,1.4573353857531317;363 364 365,0 1 0,0 1 1,1.4573353857531317;363 364 365,0 1 1,1 1 0,1.4573353857531317;363 364 365,0 1 1,1 0 1,1.4573353857531317;363 364 365,0 0 0,1 0 0,1.4573353857531317;363 364 365,0 0 0,0 1 0,1.4573353857531317;363 364 365,0 0 0,0 0 1,1.4573353857531317;
364 366,0 0,1 0,0.0;364 366,0 0,0 1,0.0;
349 367,0 0,1 0,0.0;349 367,0 0,0 1,0.0;
367 368,0 0,0 1,0.0;367 368,0 0,1 0,0.0;
368,0,1,0.0;
352 369,0 0,1 0,0.0;352 369,0 0,0 1,0.0;
369 370,0 0,1 0,0.0;369 370,0 0,0 1,0.0;
370,0,1,0.0;
353 371,0 0,1 0,0.0;353 371,0 0,0 1,0.0;
371 372,0 0,1 0,0.0;371 372,0 0,0 1,0.0;
372,0,1,0.0;
357 373,0 0,0 1,0.0;357 373,0 0,1 0,0.0;
373,0,1,0.0;
360 374,0 0,1 0,0.0;360 374,0 0,0 1,0.0;
374,0,1,0.0;
365 375,0 0,1 0,0.0;365 375,0 0,0 1,0.0;
375 376,0 0,0 1,0.0;375 376,0 0,1 0,0.0;
376,0,1,0.0;
366 377,0 0,0 1,0.0;366 377,0 0,1 0,0.0;
377,0,1,0.0;
75 378,0 0,0 1,0.0;75 378,0 0,1 0,0.0;
378,0,1,0.0;
379,0,1,0.0;
145 203 204 208,0 1 2 3,1 1 1 1,1.46028311491305;145 203 204 208,0 0 1 2,1 0 1 1,1.4583435431764853;145 203 204 208,0 0 1 2,0 1 1 1,1.4601957188724124;145 203 204 208,0 1 0 2,1 1 0 1,1.459362353530334;145 203 204 208,0 1 0 2,0 1 1 1,1.4601957188724124;145 203 204 208,0 1 1 2,1 1 0 1,1.459362353530334;145 203 204 208,0 1 1 2,1 0 1 1,1.4583435431764853;145 203 204 208,0 0 0 1,1 0 0 1,1.4574227817937693;145 203 204 208,0 0 0 1,0 1 0 1,1.4592749574896964;145 203 204 208,0 0 0 1,0 0 1 1,1.4582561471358477;145 203 204 208,0 1 2 0,0 1 1 1,1.4601957188724124;145 203 204 208,0 1 2 0,1 1 1 0,1.0218095324809364;145 203 204 208,0 1 2 1,1 0 1 1,1.4583435431764853;145 203 204 208,0 1 2 1,1 1 1 0,1.0247162646293413;145 203 204 208,0 1 2 2,1 1 0 1,1.459362353530334;145 203 204 208,0 1 2 2,1 1 1 0,1.0246258259030847;145 203 204 208,0 0 1 0,0 0 1 1,1.4582561471358477;145 203 204 208,0 0 1 0,1 0 1 0,1.0163788069820596;145 203 204 208,0 0 1 0,0 1 1 0,1.020530971625092;145 203 204 208,0 0 1 1,1 0 0 1,1.4574227817937693;145 203 204 208,0 0 1 1,1 0 1 0,1.0079353215820968;145 203 204 208,0 0 1 1,0 1 0 1,1.4592749574896964;145 203 204 208,0 0 1 1,0 1 1 0,1.0117001122200333;145 203 204 208,0 1 0 0,0 1 0 1,1.4592749574896964;145 203 204 208,0 1 0 0,1 1 0 0,1.0238702009064529;145 203 204 208,0 1 0 0,0 1 1 0,1.0205850216281644;145 203 204 208,0 1 0 1,1 0 0 1,1.4574227817937693;145 203 204 208,0 1 0 1,1 1 0 0,1.0135291783102687;145 203 204 208,0 1 0 1,0 0 1 1,1.4582561471358477;145 203 204 208,0 1 0 1,0 1 1 0,1.0154336743942773;145 203 204 208,0 1 1 0,0 1 0 1,1.4592749574896964;145 203 204 208,0 1 1 0,0 0 1 1,1.4582561471358477;145 203 204 208,0 1 1 0,1 1 0 0,1.0077002789269691;145 203 204 208,0 1 1 0,1 0 1 0,1.0057570466265338;145 203 204 208,0 1 1 1,1 0 0 1,1.4574227817937693;145 203 204 208,0 1 1 1,1 1 0 0,1.0218754020162826;145 203 204 208,0 1 1 1,1 0 1 0,1.0163788069820596;145 203 204 208,0 0 0 0,0 0 0 1,1.4573353857531317;145 203 204 208,0 0 0 0,1 0 0 0,1.0090625954885792;145 203 204 208,0 0 0 0,0 1 0 0,1.0143021389532945;145 203 204 208,0 0 0 0,0 0 1 0,1.0117514360411495;
74 76 88 90,0 1 2 3,1 1 1 1,1.4576910002354786;74 76 88 90,0 0 1 2,1 0 1 1,1.4576910002354786;74 76 88 90,0 0 1 2,0 1 1 1,1.4576309358248727;74 76 88 90,0 1 0 2,0 1 1 1,1.4576309358248727;74 76 88 90,0 1 0 2,1 1 0 1,1.4573954501637374;74 76 88 90,0 1 1 2,1 0 1 1,1.4576910002354786;74 76 88 90,0 1 1 2,1 1 0 1,1.4573954501637374;74 76 88 90,0 0 0 1,0 0 1 1,1.4576309358248727;74 76 88 90,0 0 0 1,1 0 0 1,1.4573954501637374;74 76 88 90,0 0 0 1,0 1 0 1,1.4573353857531317;74 76 88 90,0 1 2 0,1 1 1 0,1.4576910002354786;74 76 88 90,0 1 2 0,0 1 1 1,1.4576309358248727;74 76 88 90,0 1 2 1,1 0 1 1,1.4576910002354786;74 76 88 90,0 1 2 1,1 1 1 0,1.4576910002354786;74 76 88 90,0 1 2 2,1 1 1 0,1.4576910002354786;74 76 88 90,0 1 2 2,1 1 0 1,1.4573954501637374;74 76 88 90,0 0 1 0,1 0 1 0,1.0194463234041535;74 76 88 90,0 0 1 0,0 1 1 0,1.4576309358248727;74 76 88 90,0 0 1 0,0 0 1 1,1.4576309358248727;74 76 88 90,0 0 1 1,1 0 1 0,1.0039047311073217;74 76 88 90,0 0 1 1,1 0 0 1,1.4573954501637374;74 76 88 90,0 0 1 1,0 1 1 0,1.4576309358248727;74 76 88 90,0 0 1 1,0 1 0 1,1.4573353857531317;74 76 88 90,0 1 0 0,0 1 1 0,1.4576309358248727;74 76 88 90,0 1 0 0,1 1 0 0,1.4573954501637374;74 76 88 90,0 1 0 0,0 1 0 1,1.4573353857531317;74 76 88 90,0 1 0 1,0 0 1 1,1.4576309358248727;74 76 88 90,0 1 0 1,0 1 1 0,1.4576309358248727;74 76 88 90,0 1 0 1,1 0 0 1,1.4573954501637374;74 76 88 90,0 1 0 1,1 1 0 0,1.4573954501637374;74 76 88 90,0 1 1 0,1 0 1 0,1.004662262720544;74 76 88 90,0 1 1 0,1 1 0 0,1.4573954501637374;74 76 88 90,0 1 1 0,0 0 1 1,1.4576309358248727;74 76 88 90,0 1 1 0,0 1 0 1,1.4573353857531317;74 76 88 90,0 1 1 1,1 0 1 0,1.0194463234041535;74 76 88 90,0 1 1 1,1 0 0 1,1.4573954501637374;74 76 88 90,0 1 1 1,1 1 0 0,1.4573954501637374;74 76 88 90,0 0 0 0,0 0 1 0,1.0130576960255389;74 76 88 90,0 0 0 0,1 0 0 0,1.0109703094251619;74 76 88 90,0 0 0 0,0 1 0 0,1.4573353857531317;74 76 88 90,0 0 0 0,0 0 0 1,1.4573353857531317;
24 26 92 94,0 1 2 3,1 1 1 1,1.465295799025715;24 26 92 94,0 0 1 2,1 0 1 1,1.4581019874500363;24 26 92 94,0 0 1 2,0 1 1 1,1.4652601770250275;24 26 92 94,0 1 0 2,1 1 0 1,1.4645648193294978;24 26 92 94,0 1 0 2,0 1 1 1,1.4652601770250275;24 26 92 94,0 1 1 2,1 1 0 1,1.4645648193294978;24 26 92 94,0 1 1 2,1 0 1 1,1.4581019874500363;24 26 92 94,0 0 0 1,1 0 0 1,1.4573710077538191;24 26 92 94,0 0 0 1,0 1 0 1,1.4645291973288104;24 26 92 94,0 0 0 1,0 0 1 1,1.4580663654493486;24 26 92 94,0 1 2 0,1 1 1 0,1.0281578084646075;24 26 92 94,0 1 2 0,0 1 1 1,1.4652601770250275;24 26 92 94,0 1 2 1,1 1 1 0,1.0333930515494836;24 26 92 94,0 1 2 1,1 0 1 1,1.4581019874500363;24 26 92 94,0 1 2 2,1 1 1 0,1.0263050662228184;24 26 92 94,0 1 2 2,1 1 0 1,1.4645648193294978;24 26 92 94,0 0 1 0,1 0 1 0,1.0202257073295717;24 26 92 94,0 0 1 0,0 1 1 0,1.0320170634433217;24 26 92 94,0 0 1 0,0 0 1 1,1.4580663654493486;24 26 92 94,0 0 1 1,1 0 1 0,1.0046245491134498;24 26 92 94,0 0 1 1,1 0 0 1,1.4573710077538191;24 26 92 94,0 0 1 1,0 1 1 0,1.014060412092134;24 26 92 94,0 0 1 1,0 1 0 1,1.4645291973288104;24 26 92 94,0 1 0 0,1 1 0 0,1.0249218509052025;24 26 92 94,0 1 0 0,0 1 1 0,1.0295463934863989;24 26 92 94,0 1 0 0,0 1 0 1,1.4645291973288104;24 26 92 94,0 1 0 1,1 1 0 0,1.0203100427616092;24 26 92 94,0 1 0 1,1 0 0 1,1.4573710077538191;24 26 92 94,0 1 0 1,0 1 1 0,1.0227640490340832;24 26 92 94,0 1 0 1,0 0 1 1,1.4580663654493486;24 26 92 94,0 1 1 0,1 1 0 0,1.0147066299996068;24 26 92 94,0 1 1 0,1 0 1 0,1.0066695092437894;24 26 92 94,0 1 1 0,0 1 0 1,1.4645291973288104;24 26 92 94,0 1 1 0,0 0 1 1,1.4580663654493486;24 26 92 94,0 1 1 1,1 1 0 0,1.033362717440876;24 26 92 94,0 1 1 1,1 0 1 0,1.0202257073295717;24 26 92 94,0 1 1 1,1 0 0 1,1.4573710077538191;24 26 92 94,0 0 0 0,1 0 0 0,1.0077648172326221;24 26 92 94,0 0 0 0,0 1 0 0,1.022570503036886;24 26 92 94,0 0 0 0,0 0 1 0,1.0117679950838432;24 26 92 94,0 0 0 0,0 0 0 1,1.4573353857531317;
35 380,0 0,1 0,0.0;35 380,0 0,0 1,0.0;
105 380,0 0,1 0,0.0;105 380,0 0,0 1,0.0;
45 56 97 109 135,0 1 2 3 4,1 1 1 1 1,1.0672615366682874;45 56 97 109 135,0 0 1 2 3,0 1 1 1 1,1.052631324564644;45 56 97 109 135,0 0 1 2 3,1 0 1 1 1,1.0542790594330416;45 56 97 109 135,0 1 0 2 3,0 1 1 1 1,1.051855896183595;45 56 97 109 135,0 1 0 2 3,1 1 0 1 1,1.0440828734592142;45 56 97 109 135,0 1 1 2 3,1 1 0 1 1,1.0430973854651198;45 56 97 109 135,0 1 1 2 3,1 0 1 1 1,1.0521151554914332;45 56 97 109 135,0 0 0 1 2,0 1 0 1 1,1.0425922988527259;45 56 97 109 135,0 0 0 1 2,0 0 1 1 1,1.0537998574463676;45 56 97 109 135,0 0 0 1 2,1 0 0 1 1,1.0391823072373392;45 56 97 109 135,0 1 2 0 3,0 1 1 1 1,1.0426579706468;45 56 97 109 135,0 1 2 0 3,1 1 1 0 1,1.0363504580509342;45 56 97 109 135,0 1 2 1 3,1 1 1 0 1,1.0371087447542524;45 56 97 109 135,0 1 2 1 3,1 0 1 1 1,1.0445448216305293;45 56 97 109 135,0 1 2 2 3,1 1 1 0 1,1.0364620215662097;45 56 97 109 135,0 1 2 2 3,1 1 0 1 1,1.0361872055415682;45 56 97 109 135,0 0 1 0 2,0 1 1 0 1,1.037152172711432;45 56 97 109 135,0 0 1 0 2,0 0 1 1 1,1.0537998574463676;45 56 97 109 135,0 0 1 0 2,1 0 1 0 1,1.0462607648506408;45 56 97 109 135,0 0 1 1 2,0 1 1 0 1,1.0296612937260907;45 56 97 109 135,0 0 1 1 2,0 1 0 1 1,1.0289681818362493;45 56 97 109 135,0 0 1 1 2,1 0 1 0 1,1.0302639287746125;45 56 97 109 135,0 0 1 1 2,1 0 0 1 1,1.0296272801089987;45 56 97 109 135,0 1 0 0 2,0 1 1 0 1,1.0440874181847541;45 56 97 109 135,0 1 0 0 2,0 1 0 1 1,1.0425922988527259;45 56 97 109 135,0 1 0 0 2,1 1 0 0 1,1.0311014328147965;45 56 97 109 135,0 1 0 1 2,0 1 1 0 1,1.029935885309792;45 56 97 109 135,0 1 0 1 2,0 0 1 1 1,1.036338224957947;45 56 97 109 135,0 1 0 1 2,1 1 0 0 1,1.0237719618942234;45 56 97 109 135,0 1 0 1 2,1 0 0 1 1,1.0299499896382063;45 56 97 109 135,0 1 1 0 2,0 1 0 1 1,1.0281780092975092;45 56 97 109 135,0 1 1 0 2,0 0 1 1 1,1.035105544280408;45 56 97 109 135,0 1 1 0 2,1 1 0 0 1,1.0228548963573443;45 56 97 109 135,0 1 1 0 2,1 0 1 0 1,1.0295411392733018;45 56 97 109 135,0 1 1 1 2,1 1 0 0 1,1.0308492412850498;45 56 97 109 135,0 1 1 1 2,1 0 1 0 1,1.0413251445988412;45 56 97 109 135,0 1 1 1 2,1 0 0 1 1,1.0407412160143314;45 56 97 109 135,0 0 0 0 1,0 1 0 0 1,1.0308563337027763;45 56 97 109 135,0 0 0 0 1,0 0 1 0 1,1.0407926822583609;45 56 97 109 135,0 0 0 0 1,0 0 0 1 1,1.038909883226074;45 56 97 109 135,0 0 0 0 1,1 0 0 0 1,1.0293665763988125;45 56 97 109 135,0 1 2 3 0,1 1 1 1 0,1.0293886754635444;45 56 97 109 135,0 1 2 3 0,0 1 1 1 1,1.0424913774147369;45 56 97 109 135,0 1 2 3 1,1 1 1 1 0,1.0293192618075133;45 56 97 109 135,0 1 2 3 1,1 0 1 1 1,1.0432352513280845;45 56 97 109 135,0 1 2 3 2,1 1 1 1 0,1.0310205004369615;45 56 97 109 135,0 1 2 3 2,1 1 0 1 1,1.0379493551673906;45 56 97 109 135,0 1 2 3 3,1 1 1 1 0,1.0358223251552554;45 56 97 109 135,0 1 2 3 3,1 1 1 0 1,1.0431559987651786;45 56 97 109 135,0 0 1 2 0,0 1 1 1 0,1.0325735577856667;45 56 97 109 135,0 0 1 2 0,1 0 1 1 0,1.0391182491835145;45 56 97 109 135,0 0 1 2 0,0 0 1 1 1,1.0537998574463676;45 56 97 109 135,0 0 1 2 1,0 1 1 1 0,1.0240977542437544;45 56 97 109 135,0 0 1 2 1,0 1 0 1 1,1.0303286208532962;45 56 97 109 135,0 0 1 2 1,1 0 1 1 0,1.0247170194610713;45 56 97 109 135,0 0 1 2 1,1 0 0 1 1,1.031040507448081;45 56 97 109 135,0 0 1 2 2,0 1 1 1 0,1.0277968959960988;45 56 97 109 135,0 0 1 2 2,0 1 1 0 1,1.034786031069492;45 56 97 109 135,0 0 1 2 2,1 0 1 1 0,1.0285605722092923;45 56 97 109 135,0 0 1 2 2,1 0 1 0 1,1.0355927218759027;45 56 97 109 135,0 1 0 2 0,0 1 1 1 0,1.037089943333086;45 56 97 109 135,0 1 0 2 0,1 1 0 1 0,1.0260220028934048;45 56 97 109 135,0 1 0 2 0,0 1 0 1 1,1.0425922988527259;45 56 97 109 135,0 1 0 2 1,0 1 1 1 0,1.0224959902644322;45 56 97 109 135,0 1 0 2 1,0 0 1 1 1,1.0353731473787096;45 56 97 109 135,0 1 0 2 1,1 1 0 1 0,1.016412901182916;45 56 97 109 135,0 1 0 2 1,1 0 0 1 1,1.0290573113118828;45 56 97 109 135,0 1 0 2 2,0 1 1 1 0,1.0274730052347303;45 56 97 109 135,0 1 0 2 2,0 1 1 0 1,1.0344390946437283;45 56 97 109 135,0 1 0 2 2,1 1 0 1 0,1.0210554352965262;45 56 97 109 135,0 1 0 2 2,1 1 0 0 1,1.0279477014371674;45 56 97 109 135,0 1 1 2 0,1 1 0 1 0,1.016129629385521;45 56 97 109 135,0 1 1 2 0,1 0 1 1 0,1.0227558622211603;45 56 97 109 135,0 1 1 2 0,0 1 0 1 1,1.02806504515563;45 56 97 109 135,0 1 1 2 0,0 0 1 1 1,1.0349797815774358;45 56 97 109 135,0 1 1 2 1,1 1 0 1 0,1.0264383744544474;45 56 97 109 135,0 1 1 2 1,1 0 1 1 0,1.0345078965409074;45 56 97 109 135,0 1 1 2 1,1 0 0 1 1,1.0407412160143314;45 56 97 109 135,0 1 1 2 2,1 1 0 1 0,1.0205824985982352;45 56 97 109 135,0 1 1 2 2,1 1 0 0 1,1.0274449370856533;45 56 97 109 135,0 1 1 2 2,1 0 1 1 0,1.0276871779212466;45 56 97 109 135,0 1 1 2 2,1 0 1 0 1,1.0346556021224627;45 56 97 109 135,0 0 0 1 0,0 1 0 1 0,1.0272021711785875;45 56 97 109 135,0 0 0 1 0,0 0 1 1 0,1.0359573605132333;45 56 97 109 135,0 0 0 1 0,1 0 0 1 0,1.0240625377099157;45 56 97 109 135,0 0 0 1 0,0 0 0 1 1,1.038909883226074;45 56 97 109 135,0 0 0 1 1,0 1 0 1 0,1.0166235992983372;45 56 97 109 135,0 0 0 1 1,0 1 0 0 1,1.0235910491838183;45 56 97 109 135,0 0 0 1 1,0 0 1 1 0,1.0242516943905489;45 56 97 109 135,0 0 0 1 1,0 0 1 0 1,1.0313825242957966;45 56 97 109 135,0 0 0 1 1,1 0 0 1 0,1.0151618524810155;45 56 97 109 135,0 0 0 1 1,1 0 0 0 1,1.0220210855099394;45 56 97 109 135,0 1 2 0 0,0 1 1 1 0,1.03623120856479;45 56 97 109 135,0 1 2 0 0,1 1 1 0 0,1.0309545088902192;45 56 97 109 135,0 1 2 0 0,0 1 1 0 1,1.040384231165131;45 56 97 109 135,0 1 2 0 1,0 1 1 1 0,1.0190975954412533;45 56 97 109 135,0 1 2 0 1,0 0 1 1 1,1.0310591739604176;45 56 97 109 135,0 1 2 0 1,1 1 1 0 0,1.0145043721151272;45 56 97 109 135,0 1 2 0 1,1 0 1 0 1,1.026125600135864;45 56 97 109 135,0 1 2 0 2,0 1 1 1 0,1.0201343238264742;45 56 97 109 135,0 1 2 0 2,0 1 0 1 1,1.0256741110156082;45 56 97 109 135,0 1 2 0 2,1 1 1 0 0,1.0154186946350279;45 56 97 109 135,0 1 2 0 2,1 1 0 0 1,1.0207247836794444;45 56 97 109 135,0 1 2 1 0,1 1 1 0 0,1.0149286130342983;45 56 97 109 135,0 1 2 1 0,1 0 1 1 0,1.020068445702024;45 56 97 109 135,0 1 2 1 0,0 1 1 0 1,1.026132340789908;45 56 97 109 135,0 1 2 1 0,0 0 1 1 1,1.0316510672228996;45 56 97 109 135,0 1 2 1 1,1 1 1 0 0,1.0309545088902192;45 56 97 109 135,0 1 2 1 1,1 0 1 1 0,1.0369623922095754;45 56 97 109 135,0 1 2 1 1,1 0 1 0 1,1.0406120794665439;45 56 97 109 135,0 1 2 1 2,1 1 1 0 0,1.015831374376375;45 56 97 109 135,0 1 2 1 2,1 1 0 0 1,1.0211902537533786;45 56 97 109 135,0 1 2 1 2,1 0 1 1 0,1.0211218336608405;45 56 97 109 135,0 1 2 1 2,1 0 0 1 1,1.0267833706883358;45 56 97 109 135,0 1 2 2 0,1 1 1 0 0,1.0146001923126695;45 56 97 109 135,0 1 2 2 0,1 1 0 1 0,1.0132870702407495;45 56 97 109 135,0 1 2 2 0,0 1 1 0 1,1.0257469626561861;45 56 97 109 135,0 1 2 2 0,0 1 0 1 1,1.024615547460435;45 56 97 109 135,0 1 2 2 1,1 1 1 0 0,1.0145616582510242;45 56 97 109 135,0 1 2 2 1,1 1 0 1 0,1.0132454682105987;45 56 97 109 135,0 1 2 2 1,1 0 1 0 1,1.0261942102209485;45 56 97 109 135,0 1 2 2 1,1 0 0 1 1,1.025088281022619;45 56 97 109 135,0 1 2 2 2,1 1 1 0 0,1.0309545088902192;45 56 97 109 135,0 1 2 2 2,1 1 0 1 0,1.029846569708223;45 56 97 109 135,0 1 2 2 2,1 1 0 0 1,1.0351262038588522;45 56 97 109 135,0 0 1 0 0,0 1 1 0 0,1.0260651534800749;45 56 97 109 135,0 0 1 0 0,0 0 1 1 0,1.033305862304932;45 56 97 109 135,0 0 1 0 0,1 0 1 0 0,1.0277288701670253;45 56 97 109 135,0 0 1 0 0,0 0 1 0 1,1.041989090217085;45 56 97 109 135,0 0 1 0 1,0 1 1 0 0,1.0122948672593017;45 56 97 109 135,0 0 1 0 1,0 1 0 0 1,1.0179398760438958;45 56 97 109 135,0 0 1 0 1,0 0 1 1 0,1.0200843949278708;45 56 97 109 135,0 0 1 0 1,0 0 0 1 1,1.0266142053421303;45 56 97 109 135,0 0 1 0 1,1 0 1 0 0,1.015870585171251;45 56 97 109 135,0 0 1 0 1,1 0 0 0 1,1.0221288790799463;45 56 97 109 135,0 0 1 1 0,0 1 1 0 0,1.0125451077980672;45 56 97 109 135,0 0 1 1 0,0 1 0 1 0,1.0115547921769292;45 56 97 109 135,0 0 1 1 0,1 0 1 0 0,1.0150385087150908;45 56 97 109 135,0 0 1 1 0,1 0 0 1 0,1.0143197667764379;45 56 97 109 135,0 0 1 1 0,0 0 1 0 1,1.0255947480937813;45 56 97 109 135,0 0 1 1 0,0 0 0 1 1,1.0250828169132993;45 56 97 109 135,0 0 1 1 1,0 1 1 0 0,1.0207811537940457;45 56 97 109 135,0 0 1 1 1,0 1 0 1 0,1.0193014668565443;45 56 97 109 135,0 0 1 1 1,0 1 0 0 1,1.0248236729107705;45 56 97 109 135,0 0 1 1 1,1 0 1 0 0,1.0216176991323358;45 56 97 109 135,0 0 1 1 1,1 0 0 1 0,1.0201826086042969;45 56 97 109 135,0 0 1 1 1,1 0 0 0 1,1.0256758397746377;45 56 97 109 135,0 1 0 0 0,0 1 1 0 0,1.0280745863972474;45 56 97 109 135,0 1 0 0 0,0 1 0 1 0,1.024348567543886;45 56 97 109 135,0 1 0 0 0,1 1 0 0 0,1.0195369212223653;45 56 97 109 135,0 1 0 0 0,0 1 0 0 1,1.037099666716297;45 56 97 109 135,0 1 0 0 1,0 1 1 0 0,1.0137213808165115;45 56 97 109 135,0 1 0 0 1,0 0 1 0 1,1.0265251223761593;45 56 97 109 135,0 1 0 0 1,0 1 0 1 0,1.011640516096895;45 56 97 109 135,0 1 0 0 1,0 0 0 1 1,1.0245218792183677;45 56 97 109 135,0 1 0 0 1,1 1 0 0 0,1.0055693738790328;45 56 97 109 135,0 1 0 0 1,1 0 0 0 1,1.0176076121685058;45 56 97 109 135,0 1 0 1 0,0 1 1 0 0,1.0147478992111199;45 56 97 109 135,0 1 0 1 0,0 0 1 1 0,1.0209941102709839;45 56 97 109 135,0 1 0 1 0,1 1 0 0 0,1.0071065294827786;45 56 97 109 135,0 1 0 1 0,1 0 0 1 0,1.0128072643500217;45 56 97 109 135,0 1 0 1 0,0 1 0 0 1,1.0190818633889946;45 56 97 109 135,0 1 0 1 0,0 0 0 1 1,1.025488280559829;45 56 97 109 135,0 1 0 1 1,0 1 1 0 0,1.020418289801864;45 56 97 109 135,0 1 0 1 1,0 0 1 1 0,1.0254688444839255;45 56 97 109 135,0 1 0 1 1,0 0 1 0 1,1.0299429118283274;45 56 97 109 135,0 1 0 1 1,1 1 0 0 0,1.013876189082582;45 56 97 109 135,0 1 0 1 1,1 0 0 1 0,1.0187497529246061;45 56 97 109 135,0 1 0 1 1,1 0 0 0 1,1.0233753141838722;45 56 97 109 135,0 1 1 0 0,0 1 0 1 0,1.0176705144654685;45 56 97 109 135,0 1 1 0 0,0 0 1 1 0,1.025156690663255;45 56 97 109 135,0 1 1 0 0,1 1 0 0 0,1.0133530715332086;45 56 97 109 135,0 1 1 0 0,1 0 1 0 0,1.0206364087941746;45 56 97 109 135,0 1 1 0 0,0 1 0 0 1,1.0226331774169342;45 56 97 109 135,0 1 1 0 0,0 0 1 0 1,1.0299489180269903;45 56 97 109 135,0 1 1 0 1,0 1 0 1 0,1.0118665983920152;45 56 97 109 135,0 1 1 0 1,0 0 1 1 0,1.0186043123197999;45 56 97 109 135,0 1 1 0 1,0 0 0 1 1,1.0234262434853916;45 56 97 109 135,0 1 1 0 1,1 1 0 0 0,1.0068043703470562;45 56 97 109 135,0 1 1 0 1,1 0 1 0 0,1.0133554595337635;45 56 97 109 135,0 1 1 0 1,1 0 0 0 1,1.0180014914296807;45 56 97 109 135,0 1 1 1 0,1 1 0 0 0,1.0055023112555017;45 56 97 109 135,0 1 1 1 0,1 0 1 0 0,1.0129870855531975;45 56 97 109 135,0 1 1 1 0,1 0 0 1 0,1.0112507799216888;45 56 97 109 135,0 1 1 1 0,0 1 0 0 1,1.0169769580754222;45 56 97 109 135,0 1 1 1 0,0 0 1 0 1,1.0248976630746944;45 56 97 109 135,0 1 1 1 0,0 0 0 1 1,1.023307915134371;45 56 97 109 135,0 1 1 1 1,1 1 0 0 0,1.0183826846833812;45 56 97 109 135,0 1 1 1 1,1 0 1 0 0,1.0264733210382428;45 56 97 109 135,0 1 1 1 1,1 0 0 1 0,1.024866599165893;45 56 97 109 135,0 1 1 1 1,1 0 0 0 1,1.0336599021546504;45 56 97 109 135,0 0 0 0 0,0 0 1 0 0,1.0212700544212117;45 56 97 109 135,0 0 0 0 0,0 0 0 0 1,1.0296436975259697;45 56 97 109 135,0 0 0 0 0,0 0 0 1 0,1.0168333262944511;45 56 97 109 135,0 0 0 0 0,1 0 0 0 0,1.0114553367344201;45 56 97 109 135,0 0 0 0 0,0 1 0 0 0,1.0124814673181632;
155 157 160 162,0 1 2 3,1 1 1 1,1.4582353346887964;155 157 160 162,0 0 1 2,1 0 1 1,1.4582353346887964;155 157 160 162,0 0 1 2,0 1 1 1,1.4574309222759476;155 157 160 162,0 1 0 2,0 1 1 1,1.4574309222759476;155 157 160 162,0 1 0 2,1 1 0 1,1.4581397981659805;155 157 160 162,0 1 1 2,1 0 1 1,1.4582353346887964;155 157 160 162,0 1 1 2,1 1 0 1,1.4581397981659805;155 157 160 162,0 0 0 1,0 0 1 1,1.4574309222759476;155 157 160 162,0 0 0 1,1 0 0 1,1.4581397981659805;155 157 160 162,0 0 0 1,0 1 0 1,1.4573353857531317;155 157 160 162,0 1 2 0,0 1 1 1,1.4574309222759476;155 157 160 162,0 1 2 0,1 1 1 0,1.4582353346887964;155 157 160 162,0 1 2 1,1 0 1 1,1.4582353346887964;155 157 160 162,0 1 2 1,1 1 1 0,1.4582353346887964;155 157 160 162,0 1 2 2,1 1 1 0,1.4582353346887964;155 157 160 162,0 1 2 2,1 1 0 1,1.4581397981659805;155 157 160 162,0 0 1 0,0 0 1 1,1.4574309222759476;155 157 160 162,0 0 1 0,1 0 1 0,1.0219227487584268;155 157 160 162,0 0 1 0,0 1 1 0,1.4574309222759476;155 157 160 162,0 0 1 1,1 0 1 0,1.0048344209897664;155 157 160 162,0 0 1 1,1 0 0 1,1.4581397981659805;155 157 160 162,0 0 1 1,0 1 1 0,1.4574309222759476;155 157 160 162,0 0 1 1,0 1 0 1,1.4573353857531317;155 157 160 162,0 1 0 0,0 1 1 0,1.4574309222759476;155 157 160 162,0 1 0 0,0 1 0 1,1.4573353857531317;155 157 160 162,0 1 0 0,1 1 0 0,1.4581397981659805;155 157 160 162,0 1 0 1,0 0 1 1,1.4574309222759476;155 157 160 162,0 1 0 1,0 1 1 0,1.4574309222759476;155 157 160 162,0 1 0 1,1 0 0 1,1.4581397981659805;155 157 160 162,0 1 0 1,1 1 0 0,1.4581397981659805;155 157 160 162,0 1 1 0,0 0 1 1,1.4574309222759476;155 157 160 162,0 1 1 0,0 1 0 1,1.4573353857531317;155 157 160 162,0 1 1 0,1 0 1 0,1.006038885166856;155 157 160 162,0 1 1 0,1 1 0 0,1.4581397981659805;155 157 160 162,0 1 1 1,1 0 1 0,1.0219227487584268;155 157 160 162,0 1 1 1,1 0 0 1,1.4581397981659805;155 157 160 162,0 1 1 1,1 1 0 0,1.4581397981659805;155 157 160 162,0 0 0 0,0 0 1 0,1.0093851410999792;155 157 160 162,0 0 0 0,0 0 0 1,1.4573353857531317;155 157 160 162,0 0 0 0,1 0 0 0,1.0133946794472501;155 157 160 162,0 0 0 0,0 1 0 0,1.4573353857531317;
63 159 190 192,0 1 2 3,1 1 1 1,1.4649599556522175;63 159 190 192,0 0 1 2,0 1 1 1,1.4648752600547261;63 159 190 192,0 0 1 2,1 0 1 1,1.4587465748231887;63 159 190 192,0 1 0 2,0 1 1 1,1.4648752600547261;63 159 190 192,0 1 0 2,1 1 0 1,1.4636334621796516;63 159 190 192,0 1 1 2,1 0 1 1,1.4587465748231887;63 159 190 192,0 1 1 2,1 1 0 1,1.4636334621796516;63 159 190 192,0 0 0 1,0 1 0 1,1.4635487665821603;63 159 190 192,0 0 0 1,0 0 1 1,1.4586618792256973;63 159 190 192,0 0 0 1,1 0 0 1,1.457420081350623;63 159 190 192,0 1 2 0,0 1 1 1,1.4648752600547261;63 159 190 192,0 1 2 0,1 1 1 0,1.0314041376001544;63 159 190 192,0 1 2 1,1 0 1 1,1.4587465748231887;63 159 190 192,0 1 2 1,1 1 1 0,1.03228923876166;63 159 190 192,0 1 2 2,1 1 0 1,1.4636334621796516;63 159 190 192,0 1 2 2,1 1 1 0,1.0266096598673722;63 159 190 192,0 0 1 0,0 1 1 0,1.0289769375815303;63 159 190 192,0 0 1 0,0 0 1 1,1.4586618792256973;63 159 190 192,0 0 1 0,1 0 1 0,1.0184924145664545;63 159 190 192,0 0 1 1,0 1 0 1,1.4635487665821603;63 159 190 192,0 0 1 1,0 1 1 0,1.014208756579761;63 159 190 192,0 0 1 1,1 0 0 1,1.457420081350623;63 159 190 192,0 0 1 1,1 0 1 0,1.005496536093775;63 159 190 192,0 1 0 0,0 1 0 1,1.4635487665821603;63 159 190 192,0 1 0 0,0 1 1 0,1.028314728635816;63 159 190 192,0 1 0 0,1 1 0 0,1.0226550639889218;63 159 190 192,0 1 0 1,0 0 1 1,1.4586618792256973;63 159 190 192,0 1 0 1,0 1 1 0,1.0213414894014368;63 159 190 192,0 1 0 1,1 0 0 1,1.457420081350623;63 159 190 192,0 1 0 1,1 1 0 0,1.018295460454908;63 159 190 192,0 1 1 0,0 0 1 1,1.4586618792256973;63 159 190 192,0 1 1 0,0 1 0 1,1.4635487665821603;63 159 190 192,0 1 1 0,1 0 1 0,1.0092435503973334;63 159 190 192,0 1 1 0,1 1 0 0,1.0161619507824293;63 159 190 192,0 1 1 1,1 0 0 1,1.457420081350623;63 159 190 192,0 1 1 1,1 0 1 0,1.0189832762987638;63 159 190 192,0 1 1 1,1 1 0 0,1.02973231883879;63 159 190 192,0 0 0 0,0 1 0 0,1.01989511117631;63 159 190 192,0 0 0 0,0 0 0 1,1.4573353857531317;63 159 190 192,0 0 0 0,0 0 1 0,1.0105359443719895;63 159 190 192,0 0 0 0,1 0 0 0,1.0066540619274242;
165 181 183 185 381,0 1 2 3 4,1 1 1 1 1,1.4601143598344257;165 181 183 185 381,0 0 1 2 3,1 0 1 1 1,1.0243740226345646;165 181 183 185 381,0 0 1 2 3,0 1 1 1 1,1.4595088889297863;165 181 183 185 381,0 1 0 2 3,1 1 0 1 1,1.4600321203333215;165 181 183 185 381,0 1 0 2 3,0 1 1 1 1,1.4595088889297863;165 181 183 185 381,0 1 1 2 3,1 1 0 1 1,1.4600321203333215;165 181 183 185 381,0 1 1 2 3,1 0 1 1 1,1.0232596366097404;165 181 183 185 381,0 0 0 1 2,0 0 1 1 1,1.0250303371243301;165 181 183 185 381,0 0 0 1 2,1 0 0 1 1,1.0321828207295674;165 181 183 185 381,0 0 0 1 2,0 1 0 1 1,1.4594266494286823;165 181 183 185 381,0 1 2 0 3,0 1 1 1 1,1.4595088889297863;165 181 183 185 381,0 1 2 0 3,1 1 1 0 1,1.4581196920714559;165 181 183 185 381,0 1 2 1 3,1 0 1 1 1,1.028209482041526;165 181 183 185 381,0 1 2 1 3,1 1 1 0 1,1.4581196920714559;165 181 183 185 381,0 1 2 2 3,1 1 0 1 1,1.4600321203333215;165 181 183 185 381,0 1 2 2 3,1 1 1 0 1,1.4581196920714559;165 181 183 185 381,0 0 1 0 2,0 0 1 1 1,1.0284937392056055;165 181 183 185 381,0 0 1 0 2,1 0 1 0 1,1.0226716858383726;165 181 183 185 381,0 0 1 0 2,0 1 1 0 1,1.4575142211668166;165 181 183 185 381,0 0 1 1 2,1 0 0 1 1,1.0160138753152297;165 181 183 185 381,0 0 1 1 2,1 0 1 0 1,1.0124422112625397;165 181 183 185 381,0 0 1 1 2,0 1 0 1 1,1.4594266494286823;165 181 183 185 381,0 0 1 1 2,0 1 1 0 1,1.4575142211668166;165 181 183 185 381,0 1 0 0 2,0 1 0 1 1,1.4594266494286823;165 181 183 185 381,0 1 0 0 2,1 1 0 0 1,1.4580374525703517;165 181 183 185 381,0 1 0 0 2,0 1 1 0 1,1.4575142211668166;165 181 183 185 381,0 1 0 1 2,1 0 0 1 1,1.020591229001077;165 181 183 185 381,0 1 0 1 2,1 1 0 0 1,1.4580374525703517;165 181 183 185 381,0 1 0 1 2,0 0 1 1 1,1.0192884443900425;165 181 183 185 381,0 1 0 1 2,0 1 1 0 1,1.4575142211668166;165 181 183 185 381,0 1 1 0 2,0 1 0 1 1,1.4594266494286823;165 181 183 185 381,0 1 1 0 2,0 0 1 1 1,1.015038211859279;165 181 183 185 381,0 1 1 0 2,1 1 0 0 1,1.4580374525703517;165 181 183 185 381,0 1 1 0 2,1 0 1 0 1,1.0125378571938572;165 181 183 185 381,0 1 1 1 2,1 0 0 1 1,1.0273914054711197;165 181 183 185 381,0 1 1 1 2,1 1 0 0 1,1.4580374525703517;165 181 183 185 381,0 1 1 1 2,1 0 1 0 1,1.0226716858383726;165 181 183 185 381,0 0 0 0 1,0 0 1 0 1,1.0219398229872079;165 181 183 185 381,0 0 0 0 1,0 0 0 1 1,1.0294338129512404;165 181 183 185 381,0 0 0 0 1,1 0 0 0 1,1.0218402841681404;165 181 183 185 381,0 0 0 0 1,0 1 0 0 1,1.4574319816657124;165 181 183 185 381,0 1 2 3 0,0 1 1 1 1,1.4595088889297863;165 181 183 185 381,0 1 2 3 0,1 1 1 1 0,1.460017763921845;165 181 183 185 381,0 1 2 3 1,1 0 1 1 1,1.0272175240763917;165 181 183 185 381,0 1 2 3 1,1 1 1 1 0,1.460017763921845;165 181 183 185 381,0 1 2 3 2,1 1 0 1 1,1.4600321203333215;165 181 183 185 381,0 1 2 3 2,1 1 1 1 0,1.460017763921845;165 181 183 185 381,0 1 2 3 3,1 1 1 1 0,1.460017763921845;165 181 183 185 381,0 1 2 3 3,1 1 1 0 1,1.4581196920714559;165 181 183 185 381,0 0 1 2 0,0 0 1 1 1,1.024025680133301;165 181 183 185 381,0 0 1 2 0,1 0 1 1 0,1.0242694997878217;165 181 183 185 381,0 0 1 2 0,0 1 1 1 0,1.4594122930172058;165 181 183 185 381,0 0 1 2 1,1 0 0 1 1,1.015639843356264;165 181 183 185 381,0 0 1 2 1,1 0 1 1 0,1.014558968421128;165 181 183 185 381,0 0 1 2 1,0 1 0 1 1,1.4594266494286823;165 181 183 185 381,0 0 1 2 1,0 1 1 1 0,1.4594122930172058;165 181 183 185 381,0 0 1 2 2,1 0 1 1 0,1.0129240998700624;165 181 183 185 381,0 0 1 2 2,1 0 1 0 1,1.0105394536502583;165 181 183 185 381,0 0 1 2 2,0 1 1 1 0,1.4594122930172058;165 181 183 185 381,0 0 1 2 2,0 1 1 0 1,1.4575142211668166;165 181 183 185 381,0 1 0 2 0,0 1 0 1 1,1.4594266494286823;165 181 183 185 381,0 1 0 2 0,1 1 0 1 0,1.4599355244207408;165 181 183 185 381,0 1 0 2 0,0 1 1 1 0,1.4594122930172058;165 181 183 185 381,0 1 0 2 1,1 0 0 1 1,1.019835828828696;165 181 183 185 381,0 1 0 2 1,1 1 0 1 0,1.4599355244207408;165 181 183 185 381,0 1 0 2 1,0 0 1 1 1,1.0185750920134957;165 181 183 185 381,0 1 0 2 1,0 1 1 1 0,1.4594122930172058;165 181 183 185 381,0 1 0 2 2,1 1 0 1 0,1.4599355244207408;165 181 183 185 381,0 1 0 2 2,1 1 0 0 1,1.4580374525703517;165 181 183 185 381,0 1 0 2 2,0 1 1 1 0,1.4594122930172058;165 181 183 185 381,0 1 0 2 2,0 1 1 0 1,1.4575142211668166;165 181 183 185 381,0 1 1 2 0,0 1 0 1 1,1.4594266494286823;165 181 183 185 381,0 1 1 2 0,0 0 1 1 1,1.0127866341501865;165 181 183 185 381,0 1 1 2 0,1 1 0 1 0,1.4599355244207408;165 181 183 185 381,0 1 1 2 0,1 0 1 1 0,1.0128354618772641;165 181 183 185 381,0 1 1 2 1,1 0 0 1 1,1.0261508560768007;165 181 183 185 381,0 1 1 2 1,1 1 0 1 0,1.4599355244207408;165 181 183 185 381,0 1 1 2 1,1 0 1 1 0,1.0242694997878217;165 181 183 185 381,0 1 1 2 2,1 1 0 1 0,1.4599355244207408;165 181 183 185 381,0 1 1 2 2,1 1 0 0 1,1.4580374525703517;165 181 183 185 381,0 1 1 2 2,1 0 1 1 0,1.0122822597861005;165 181 183 185 381,0 1 1 2 2,1 0 1 0 1,1.0099202386671515;165 181 183 185 381,0 0 0 1 0,0 0 1 1 0,1.0186933503914224;165 181 183 185 381,0 0 0 1 0,0 0 0 1 1,1.0236013252228238;165 181 183 185 381,0 0 0 1 0,1 0 0 1 0,1.0246089477982856;165 181 183 185 381,0 0 0 1 0,0 1 0 1 0,1.4593300535161016;165 181 183 185 381,0 0 0 1 1,0 0 1 1 0,1.0095771993418454;165 181 183 185 381,0 0 0 1 1,0 0 1 0 1,1.0070881122276878;165 181 183 185 381,0 0 0 1 1,1 0 0 1 0,1.0128131642569356;165 181 183 185 381,0 0 0 1 1,1 0 0 0 1,1.010193299812171;165 181 183 185 381,0 0 0 1 1,0 1 0 1 0,1.4593300535161016;165 181 183 185 381,0 0 0 1 1,0 1 0 0 1,1.4574319816657124;165 181 183 185 381,0 1 2 0 0,0 1 1 1 0,1.4594122930172058;165 181 183 185 381,0 1 2 0 0,0 1 1 0 1,1.4575142211668166;165 181 183 185 381,0 1 2 0 0,1 1 1 0 0,1.4580230961588752;165 181 183 185 381,0 1 2 0 1,0 0 1 1 1,1.017890899042397;165 181 183 185 381,0 1 2 0 1,0 1 1 1 0,1.4594122930172058;165 181 183 185 381,0 1 2 0 1,1 0 1 0 1,1.0151367564102405;165 181 183 185 381,0 1 2 0 1,1 1 1 0 0,1.4580230961588752;165 181 183 185 381,0 1 2 0 2,0 1 0 1 1,1.4594266494286823;165 181 183 185 381,0 1 2 0 2,0 1 1 1 0,1.4594122930172058;165 181 183 185 381,0 1 2 0 2,1 1 0 0 1,1.4580374525703517;165 181 183 185 381,0 1 2 0 2,1 1 1 0 0,1.4580230961588752;165 181 183 185 381,0 1 2 1 0,0 0 1 1 1,1.0156980369472464;165 181 183 185 381,0 1 2 1 0,0 1 1 0 1,1.4575142211668166;165 181 183 185 381,0 1 2 1 0,1 0 1 1 0,1.0156361340781046;165 181 183 185 381,0 1 2 1 0,1 1 1 0 0,1.4580230961588752;165 181 183 185 381,0 1 2 1 1,1 0 1 1 0,1.0248011697108113;165 181 183 185 381,0 1 2 1 1,1 0 1 0 1,1.0226716858383726;165 181 183 185 381,0 1 2 1 1,1 1 1 0 0,1.4580230961588752;165 181 183 185 381,0 1 2 1 2,1 0 0 1 1,1.018178232157446;165 181 183 185 381,0 1 2 1 2,1 0 1 1 0,1.0168825731427802;165 181 183 185 381,0 1 2 1 2,1 1 0 0 1,1.4580374525703517;165 181 183 185 381,0 1 2 1 2,1 1 1 0 0,1.4580230961588752;165 181 183 185 381,0 1 2 2 0,0 1 0 1 1,1.4594266494286823;165 181 183 185 381,0 1 2 2 0,0 1 1 0 1,1.4575142211668166;165 181 183 185 381,0 1 2 2 0,1 1 0 1 0,1.4599355244207408;165 181 183 185 381,0 1 2 2 0,1 1 1 0 0,1.4580230961588752;165 181 183 185 381,0 1 2 2 1,1 0 0 1 1,1.017978618872855;165 181 183 185 381,0 1 2 2 1,1 0 1 0 1,1.0141598224217423;165 181 183 185 381,0 1 2 2 1,1 1 0 1 0,1.4599355244207408;165 181 183 185 381,0 1 2 2 1,1 1 1 0 0,1.4580230961588752;165 181 183 185 381,0 1 2 2 2,1 1 0 1 0,1.4599355244207408;165 181 183 185 381,0 1 2 2 2,1 1 0 0 1,1.4580374525703517;165 181 183 185 381,0 1 2 2 2,1 1 1 0 0,1.4580230961588752;165 181 183 185 381,0 0 1 0 0,0 0 1 1 0,1.0230966063620088;165 181 183 185 381,0 0 1 0 0,0 0 1 0 1,1.0174840326391892;165 181 183 185 381,0 0 1 0 0,1 0 1 0 0,1.0175315742846216;165 181 183 185 381,0 0 1 0 0,0 1 1 0 0,1.457417625254236;165 181 183 185 381,0 0 1 0 1,0 0 0 1 1,1.0149597774932508;165 181 183 185 381,0 0 1 0 1,0 0 1 1 0,1.0133845341606187;165 181 183 185 381,0 0 1 0 1,1 0 0 0 1,1.0109815413745145;165 181 183 185 381,0 0 1 0 1,1 0 1 0 0,1.0096704184792666;165 181 183 185 381,0 0 1 0 1,0 1 0 0 1,1.4574319816657124;165 181 183 185 381,0 0 1 0 1,0 1 1 0 0,1.457417625254236;165 181 183 185 381,0 0 1 1 0,0 0 0 1 1,1.0128082756377375;165 181 183 185 381,0 0 1 1 0,0 0 1 0 1,1.0088788140083964;165 181 183 185 381,0 0 1 1 0,1 0 0 1 0,1.0131450709690124;165 181 183 185 381,0 0 1 1 0,1 0 1 0 0,1.0092397886182194;165 181 183 185 381,0 0 1 1 0,0 1 0 1 0,1.4593300535161016;165 181 183 185 381,0 0 1 1 0,0 1 1 0 0,1.457417625254236;165 181 183 185 381,0 0 1 1 1,1 0 0 1 0,1.0101505492660146;165 181 183 185 381,0 0 1 1 1,1 0 0 0 1,1.007995110000357;165 181 183 185 381,0 0 1 1 1,1 0 1 0 0,1.0064178101635803;165 181 183 185 381,0 0 1 1 1,0 1 0 1 0,1.4593300535161016;165 181 183 185 381,0 0 1 1 1,0 1 0 0 1,1.4574319816657124;165 181 183 185 381,0 0 1 1 1,0 1 1 0 0,1.457417625254236;165 181 183 185 381,0 1 0 0 0,0 1 0 1 0,1.4593300535161016;165 181 183 185 381,0 1 0 0 0,0 1 0 0 1,1.4574319816657124;165 181 183 185 381,0 1 0 0 0,1 1 0 0 0,1.4579408566577712;165 181 183 185 381,0 1 0 0 0,0 1 1 0 0,1.457417625254236;165 181 183 185 381,0 1 0 0 1,0 0 0 1 1,1.0143581800956554;165 181 183 185 381,0 1 0 0 1,0 1 0 1 0,1.4593300535161016;165 181 183 185 381,0 1 0 0 1,1 0 0 0 1,1.0111981445971712;165 181 183 185 381,0 1 0 0 1,1 1 0 0 0,1.4579408566577712;165 181 183 185 381,0 1 0 0 1,0 0 1 0 1,1.0096768248109345;165 181 183 185 381,0 1 0 0 1,0 1 1 0 0,1.457417625254236;165 181 183 185 381,0 1 0 1 0,0 0 0 1 1,1.0151433191609616;165 181 183 185 381,0 1 0 1 0,0 1 0 0 1,1.4574319816657124;165 181 183 185 381,0 1 0 1 0,1 0 0 1 0,1.0158254334540766;165 181 183 185 381,0 1 0 1 0,1 1 0 0 0,1.4579408566577712;165 181 183 185 381,0 1 0 1 0,0 0 1 1 0,1.009342019212831;165 181 183 185 381,0 1 0 1 0,0 1 1 0 0,1.457417625254236;165 181 183 185 381,0 1 0 1 1,1 0 0 1 0,1.0154995842794416;165 181 183 185 381,0 1 0 1 1,1 0 0 0 1,1.0134281154240075;165 181 183 185 381,0 1 0 1 1,1 1 0 0 0,1.4579408566577712;165 181 183 185 381,0 1 0 1 1,0 0 1 1 0,1.0141751480159138;165 181 183 185 381,0 1 0 1 1,0 0 1 0 1,1.012113797737715;165 181 183 185 381,0 1 0 1 1,0 1 1 0 0,1.457417625254236;165 181 183 185 381,0 1 1 0 0,0 1 0 1 0,1.4593300535161016;165 181 183 185 381,0 1 1 0 0,0 0 1 1 0,1.0101174946065579;165 181 183 185 381,0 1 1 0 0,0 1 0 0 1,1.4574319816657124;165 181 183 185 381,0 1 1 0 0,0 0 1 0 1,1.0069848002118524;165 181 183 185 381,0 1 1 0 0,1 1 0 0 0,1.4579408566577712;165 181 183 185 381,0 1 1 0 0,1 0 1 0 0,1.0057341383986758;165 181 183 185 381,0 1 1 0 1,0 0 0 1 1,1.0143230794359215;165 181 183 185 381,0 1 1 0 1,0 1 0 1 0,1.4593300535161016;165 181 183 185 381,0 1 1 0 1,0 0 1 1 0,1.0130790063860131;165 181 183 185 381,0 1 1 0 1,1 0 0 0 1,1.0113721899907016;165 181 183 185 381,0 1 1 0 1,1 1 0 0 0,1.4579408566577712;165 181 183 185 381,0 1 1 0 1,1 0 1 0 0,1.0102594166370675;165 181 183 185 381,0 1 1 1 0,0 0 0 1 1,1.0118255597744377;165 181 183 185 381,0 1 1 1 0,0 1 0 0 1,1.4574319816657124;165 181 183 185 381,0 1 1 1 0,0 0 1 0 1,1.0084783174021925;165 181 183 185 381,0 1 1 1 0,1 0 0 1 0,1.0116931144740116;165 181 183 185 381,0 1 1 1 0,1 1 0 0 0,1.4579408566577712;165 181 183 185 381,0 1 1 1 0,1 0 1 0 0,1.0084103211072006;165 181 183 185 381,0 1 1 1 1,1 0 0 1 0,1.0210770137961658;165 181 183 185 381,0 1 1 1 1,1 0 0 0 1,1.0181037191619273;165 181 183 185 381,0 1 1 1 1,1 1 0 0 0,1.4579408566577712;165 181 183 185 381,0 1 1 1 1,1 0 1 0 0,1.0160769142231623;165 181 183 185 381,0 0 0 0 0,1 0 0 0 0,1.010518099368373;165 181 183 185 381,0 0 0 0 0,0 1 0 0 0,1.4573353857531317;165 181 183 185 381,0 0 0 0 0,0 0 1 0 0,1.0078399278045338;165 181 183 185 381,0 0 0 0 0,0 0 0 1 0,1.0155476495824565;165 181 183 185 381,0 0 0 0 0,0 0 0 0 1,1.0111069672305757;
2 4 8 19 28 47,0 0 0 0 0 0,0 0 0 0 0 0,0.0;
36 39,0 0,1 0,0.0;36 39,0 0,0 1,0.0;
70 73,0 0,0 1,0.0;70 73,0 0,1 0,0.0;
123 126,0 0,1 0,0.0;123 126,0 0,0 1,0.0;
169 381,0 0,1 0,0.0;169 381,0 0,0 1,0.0;
216 219,0 0,1 0,0.0;216 219,0 0,0 1,0.0;
223 226,0 0,0 1,0.0;223 226,0 0,1 0,0.0;
238 243,0 0,0 1,0.0;238 243,0 0,1 0,0.0;
267 270,0 0,1 0,0.0;267 270,0 0,0 1,0.0;
276 279,0 0,1 0,0.0;276 279,0 0,0 1,0.0;
286 288,0 0,0 1,0.0;286 288,0 0,1 0,0.0;
289 332,0 0,1 0,0.0;289 332,0 0,0 1,0.0;
299 302,0 0,1 0,0.0;299 302,0 0,0 1,0.0;
326 379,0 0,0 1,0.0;326 379,0 0,1 0,0.0;
350 354,0 0,0 1,0.0;350 354,0 0,1 0,0.0;
358 361,0 0,0 1,0.0;358 361,0 0,1 0,0.0;
