5
6
7
9
10
17
19
20
21
22
23
24
29
30
32
33
34
43
44
45
67
68
69
70
71
72
73
78
79
80
82
83
84
86
87
88
95
96
103
104
105
106
107
108
109
110
112
113
115
116
117
118
120
121
122
124
125
126
127
128
129
130
131
132
133
134
135
136
137
138
140
141
142
143
144
148
149
150
155
156
157
161
162
163
164
165
166
167
169
170
171
175
176
177
181
182
183
186
187
189
190
191
192
193
194
195
196
197
198
199
200
201
202
203
204
205
206
207
208
215
216
217
218
219
220
225
226
227
228
229
230
232
233
234
235
238
239
240
241
242
244
245
246
247
248
250
251
252
253
254
256
257
258
259
260
265
266
267
268
269
271
272
276
277
278
279
283
284
285
286
287
288
289
290
291
292
293
294
297
298
299
300
301
302
304
305
306
309
310
311
315
316
317
321
322
323
325
326
329
330
331
333
334
338
339
340
342
343
344
354
355
356
357
359
360
361
362
363
364
366
370
371
372
377
378
381
382
387
388
389
390
392
393
398
399
400
403
404
405
406
408
409
410
413
414
415
416
417
418
419
420
421
422
423
424
425
426
427
429
430
431
432
433
434
435
436
437
438
439
440
443
444
445
446
447
448
452
453
454
458
459
460
462
463
464
466
467
472
473
474
476
477
478
483
484
485
487
488
489
490
491
492
493
494
495
496
497
500
501
502
503
504
505
506
507
508
509
510
511
512
513
514
515
516
517
518
519
520
521
522
523
524
525
526
529
532
533
534
535
536
537
539
540
541
543
544
545
547
548
549
551
552
553
556
557
558
564
565
566
569
570
571
573
574
575
578
579
580
585
586
587
591
592
593
594
595
597
598
599
601
602
603
604
605
606
607
608
610
611
612
613
615
616
617
618
619
620
621
622
623
624
625
626
627
628
629
630
631
632
633
635
636
637
640
641
642
643
644
645
647
648
649
651
652
653
657
658
659
661
662
663
665
666
667
669
670
671
673
674
675
676
677
678
679
680
681
684
685
686
689
690
691
695
696
697
698
699
700
701
702
703
704
705
706
707
708
712
713
714
715
716
717
718
719
720
721
722
723
724
725
726
727
728
729
731
732
733
734
735
736
737
738
739
740
741
743
744
745
747
748
749
750
751
752
753
754
755
757
758
759
760
761
762
763
764
765
766
767
768
770
771
772
773
774
775
777
778
779
780
781
782
784
785
786
790
791
792
801
802
803
805
806
807
808
809
810
811
812
813
814
815
816
817
822
823
824
827
828
829
831
832
833
837
838
839
842
843
844
846
847
848
851
852
853
858
859
860
865
866
867
868
869
870
871
872
873
874
875
876
877
878
886
887
888
890
891
892
903
904
905
906
907
910
911
912
913
914
915
917
918
919
921
922
923
925
926
927
931
932
933
936
937
938
939
941
942
943
944
945
946
947
948
949
950
951
952
953
954
955
956
957
958
964
965
966
969
970
971
974
975
976
978
979
980
983
984
985
990
991
992
993
994
995
996
998
999
1000
1004
1005
1006
1011
1012
1048
1062
1063
1064
1084
1087
1088
1108
1109
1181
1182
1208
1209
1232
1233
1234
1252
1253
1254
1255
1256
1265
1266
1267
1268
1269
1270
1272
1273
1274
1275
1276
1277
1280
1287
1288
1289
1290
1291
1292
1294
1295
1296
1299
1300
1301
1303
1304
1305
1307
1308
1309
1310
1311
1312
1313
1314
1315
1321
1322
1329
1330
1331
1332
1333
1334
1335
1336
1340
1341
1345
1346
1347
1348
1350
1351
1352
1353
1354
1357
1358
1359
1360
1361
1364
1366
1367
1369
1370
1371
1374
1375
1376
1378
1379
1381
1382
1385
1386
1387
1388
1389
1393
1394
1395
1396
1400
1401
1402
1417
1418
1419
1423
1424
1425
1443
1444
1445
1450
1451
1453
1454
1455
1470
1471
1472
1473
1477
1478
1479
1482
1483
1484
1486
1578
1579
1580
1581
1582
1583
1584
1585
1586
1587
1588
1589
1590
1591
1592
1593
1594
1595
1596
1597
1598
1599
1600
1601
1602
1603
1604
1605
