1
14
15
16
17
18
19
20
21
31
32
34
35
36
37
38
39
40
44
45
46
84
99
100
101
102
103
104
107
120
121
122
123
124
125
126
127
129
130
133
134
135
136
137
138
139
143
144
145
146
147
148
149
150
151
152
153
154
155
156
157
158
159
160
161
178
179
180
181
182
190
191
192
196
197
201
202
208
209
210
216
217
221
222
238
239
240
242
243
244
245
246
247
248
249
250
251
257
258
263
264
266
267
268
274
275
276
277
278
279
280
281
282
291
292
293
295
296
299
300
309
310
311
315
316
317
318
319
324
325
329
330
331
332
333
334
335
339
341
342
343
344
345
346
347
349
350
351
352
353
354
355
356
360
361
362
364
365
368
369
370
371
372
374
375
380
381
382
383
384
462
463
464
465
478
479
480
481
482
483
484
485
486
487
488
495
496
497
502
503
504
507
508
509
511
512
513
519
520
521
522
524
525
526
527
528
529
531
532
533
534
535
536
539
540
541
556
557
558
561
562
573
574
575
576
578
579
580
583
584
585
586
587
588
589
591
592
593
595
596
597
602
603
604
605
606
607
608
609
610
611
614
615
616
619
620
621
622
623
624
625
626
627
628
629
630
631
632
633
634
637
638
639
640
641
642
643
644
645
646
647
648
649
650
651
652
653
654
655
657
658
660
661
662
663
664
667
668
669
670
671
672
673
674
677
678
679
680
681
685
686
687
723
735
736
737
740
741
742
744
745
746
747
748
749
750
751
752
754
755
756
757
758
759
760
761
762
763
764
765
767
768
770
771
772
818
819
829
830
970
971
972
977
978
979
982
983
984
987
988
989
993
994
995
1004
1006
1007
1008
1011
1012
1013
1014
1015
1016
1017
1018
1019
1020
1128
1129
1236
1237
1257
1258
1318
1319
1320
1321
1322
1323
1324
1325
1326
1327
1328
1329
1330
1331
1332
1333
1334
1335
1336
1337
1338
