0
1
6
7
8
9
10
11
12
13
14
18
19
20
23
24
25
26
27
28
29
39
40
43
44
45
57
59
63
64
65
66
67
68
120
121
122
126
127
128
129
130
131
135
136
137
138
140
141
142
143
144
145
146
147
148
149
157
158
159
162
163
169
170
171
175
176
180
181
182
183
184
185
186
187
188
189
190
192
193
194
195
196
197
199
200
201
203
204
205
209
210
211
212
213
215
216
217
220
221
222
223
224
225
226
227
228
229
230
231
232
233
234
235
236
237
238
243
244
245
267
268
269
271
272
273
381
382
483
484
490
493
495
496
500
501
502
503
504
507
508
510
511
512
516
517
518
519
520
521
522
527
528
529
534
535
536
537
538
539
540
541
542
543
544
547
548
549
554
555
556
567
568
569
573
574
575
576
577
578
579
587
588
589
592
593
594
598
599
608
609
610
619
620
621
628
629
630
637
638
639
642
643
648
649
650
652
653
654
656
657
658
659
660
661
662
663
665
666
667
668
675
676
677
678
679
680
682
683
684
687
688
689
690
691
692
694
695
696
699
700
701
702
703
704
705
706
711
712
713
715
716
717
718
719
720
721
722
723
724
725
726
727
728
729
730
731
732
733
734
735
736
737
738
739
740
741
