0
1
3
4
5
6
7
8
21
22
23
26
27
28
35
36
37
41
42
43
57
58
59
62
63
64
65
83
84
85
88
89
90
92
93
94
106
107
108
109
110
111
112
113
114
118
119
122
123
124
143
144
145
151
152
153
159
160
161
164
165
166
171
172
173
174
175
176
177
178
179
180
181
182
183
184
185
186
187
188
189
190
191
199
216
217
218
221
222
223
225
226
227
228
229
230
231
232
233
234
235
236
239
240
241
244
245
246
250
251
254
255
256
258
259
273
274
275
276
277
278
289
290
291
294
295
297
298
299
301
302
303
308
309
310
316
317
321
322
323
326
333
334
335
339
344
345
346
347
348
350
351
352
355
356
363
364
365
367
368
369
373
374
375
378
379
380
381
382
383
388
389
390
394
395
396
410
411
412
414
415
420
422
423
424
425
427
428
429
432
433
434
435
436
437
438
439
440
447
448
455
461
462
463
464
465
466
467
468
472
477
478
479
480
481
482
484
485
486
490
500
501
502
503
504
509
510
513
514
518
519
520
525
526
527
528
530
531
534
535
536
537
539
540
547
549
550
551
557
558
559
563
564
566
567
568
569
570
571
572
573
574
578
579
580
581
582
585
586
588
589
590
592
593
594
596
597
598
599
603
604
607
608
609
613
614
616
617
618
621
622
623
625
626
627
628
629
631
632
635
636
637
638
639
640
666
667
685
686
687
696
697
698
700
701
702
709
710
711
714
715
716
718
726
727
732
733
734
735
736
778
779
780
785
786
787
795
796
797
806
807
808
810
811
812
813
814
815
817
818
819
820
821
827
828
829
830
831
832
833
834
835
836
837
839
856
861
862
863
865
866
867
872
873
874
877
878
879
882
883
884
891
892
893
900
901
902
906
907
908
909
910
911
912
913
914
915
916
919
920
992
993
994
996
997
998
1029
1030
1031
1033
1034
1035
1036
1037
1038
1039
1040
1041
1042
1043
1058
1060
1061
1062
1064
1065
1066
1069
1070
1071
1073
1074
1075
1078
1079
1080
1082
1083
1122
1123
1124
1130
1131
1132
1146
1149
1150
1151
1152
1153
1154
1156
1157
1158
1161
1162
1163
1164
1165
1166
1167
1168
1173
1174
1175
1176
1177
1178
1179
1180
1181
1182
1183
1184
1185
1186
1187
1188
1189
1200
1202
1203
1204
1208
1209
1210
1211
1221
1222
1223
1253
1254
1255
1256
1257
1258
1259
1264
1267
1268
1269
1271
1272
1273
1275
1276
1277
1280
1281
1286
1287
1288
1293
1294
1295
1300
1301
1302
1308
1309
1310
1313
1314
1315
1322
1323
1324
1329
1330
1331
1336
1337
1338
1343
1344
1345
1347
1348
1349
1353
1354
1355
1361
1362
1363
1365
1366
1367
1368
1370
1371
1372
1373
1374
1375
1378
1379
1380
1382
1383
1384
1385
1386
1387
1388
1389
1390
1391
1392
1393
1395
1396
1408
1409
1410
1411
1420
1421
1422
1424
1425
1426
1429
1430
1431
1436
1437
1438
1439
1440
1456
1459
1460
1461
1463
1464
1465
1467
1468
1469
1471
1472
1473
1475
1476
1477
1479
1480
1481
1482
1485
1486
1487
1490
1491
1492
1493
1494
1495
1496
1497
1498
1499
1500
1501
1502
1510
1511
1532
1534
1535
1536
1537
1538
1563
1564
1568
1569
1570
1575
1576
1577
1580
1581
1582
1585
1586
1587
1589
1590
1652
1653
1753
1769
1784
1818
1883
1960
1961
1963
1964
1998
1999
2103
2104
2105
2106
2107
2108
2109
2110
2111
2112
2113
2114
2115
2116
2117
2118
2119
2120
2121
2122
2123
2124
2125
2126
2127
2128
2129
2130
2131
2132
2133
2134
2135
2136
2137
2138
2139
