0
1
8
9
22
23
24
25
26
36
37
38
39
41
51
52
53
54
60
61
62
71
80
82
83
87
88
89
96
97
98
99
100
101
102
103
104
105
106
107
108
109
110
112
113
114
115
118
119
120
121
122
123
124
125
128
129
130
131
132
137
147
148
149
150
151
152
153
154
155
156
157
158
163
164
169
170
171
174
186
187
191
192
193
196
197
199
200
201
204
210
211
215
216
218
219
220
221
222
225
226
229
232
233
236
238
239
241
242
244
245
246
248
249
250
252
253
258
259
263
264
265
275
276
277
280
281
282
283
284
285
287
288
289
290
291
292
293
294
295
297
298
304
305
313
314
320
322
323
324
325
326
327
328
330
331
336
337
338
339
340
341
344
345
346
351
352
353
356
357
358
371
372
373
374
380
382
383
384
388
389
390
392
393
394
395
397
398
399
405
406
407
410
411
412
414
415
416
439
440
446
447
449
450
451
452
453
454
455
456
457
458
470
471
473
474
475
476
477
478
480
481
482
488
489
490
491
492
493
494
495
496
513
514
517
518
519
521
522
523
525
526
527
528
529
530
532
533
534
535
553
554
555
559
560
561
563
564
565
566
570
571
572
573
575
576
577
578
579
580
581
582
589
590
591
592
594
595
596
599
605
606
607
623
624
625
627
628
629
631
632
633
635
636
637
641
642
643
665
666
667
669
670
671
672
679
680
681
689
690
691
692
693
694
695
696
697
698
699
700
713
714
715
722
723
724
726
727
728
729
730
731
734
735
736
737
738
739
740
743
744
745
747
748
749
751
752
753
754
755
760
761
762
763
764
765
766
767
768
769
771
772
785
786
796
797
812
813
814
824
825
833
834
835
836
839
840
841
842
843
865
866
867
868
869
873
874
875
877
878
879
884
885
886
887
888
889
893
894
895
902
903
908
909
910
920
921
922
932
933
934
937
941
942
980
981
982
983
984
986
987
988
990
991
992
993
1002
1003
1004
1007
1008
1009
1010
1011
1012
1013
1014
1015
1085
1086
1087
1088
1089
1090
1091
1092
1093
1094
1095
1096
1097
1098
1099
1100
1101
1102
1103
1106
1107
1108
1117
1118
1119
1124
1125
1126
1127
1128
1129
1130
1131
1132
1133
1182
1183
1233
1297
1298
1306
1307
1308
1309
1310
1311
1313
1314
1315
1317
1318
1319
1320
1321
1322
1395
1396
1397
1398
1401
1402
1403
1412
1413
1414
1415
1416
1417
1419
1420
1421
1422
1423
1424
1425
1426
1427
1428
1429
1432
1433
1434
1435
1436
1447
1448
1449
1450
1451
1456
1457
1458
1461
1462
1463
1464
1467
1468
1469
1470
1471
1472
1475
1476
1477
1478
1479
1588
1589
1590
1592
1593
1594
1597
1598
1599
1602
1603
1604
1606
1607
1608
1616
1617
1618
1623
1624
1625
1626
1627
1628
1629
1630
1631
1633
1634
1635
1636
1637
1638
1639
1640
1641
1645
1646
1647
1651
1652
1653
1655
1656
1657
1659
1660
1661
1663
1664
1665
1668
1669
1670
1671
1672
1673
1674
1675
1676
1677
1678
1679
1680
1681
1682
1683
1684
1686
1687
1688
1691
1692
1693
1695
1696
1697
1700
1701
1702
1703
1704
1705
1706
1707
1708
1709
1710
1712
1713
1714
1715
1716
1717
1720
1721
1722
1725
1726
1727
1732
1733
1734
1736
1737
1738
1741
1742
1743
1746
1747
1748
1749
1750
1751
1752
1753
1754
1758
1759
1760
1761
1762
1763
1764
1765
1766
1767
1768
1769
1770
1771
1772
1773
1774
1775
1776
1777
1778
1779
1781
1782
1783
1784
1785
1786
1787
1788
1789
1790
1791
1792
1793
1794
1795
1796
1797
1798
1799
1800
1808
1809
1810
1814
1815
1816
1820
1821
1822
1826
1827
1828
1831
1832
1833
1836
1837
1838
1841
1842
1843
1847
1848
1849
1851
1852
1853
1855
1856
1857
1860
1861
1862
1866
1867
1868
1870
1871
1872
1873
1874
1878
1879
1880
1885
1886
1887
1888
1889
1890
1891
1892
1893
1894
1895
1897
1898
1899
1900
1901
1902
1907
1908
1909
1912
1913
1914
1915
1916
1917
1918
1921
1922
1923
1925
1926
1927
1929
1930
1931
1933
1934
1935
1937
1938
1939
1940
1941
1942
1944
1945
1946
1947
1948
1949
1952
1953
1954
1955
1959
1960
1961
1964
1965
1966
1968
1969
1970
1973
1974
1975
1977
1978
1979
1980
1981
1982
1985
1986
1987
1991
1992
1993
1996
1997
1998
2000
2001
2002
2003
2004
2005
2007
2008
2009
2011
2012
2013
2015
2016
2017
2019
2020
2021
2022
2023
2024
2025
2026
2028
2029
2030
2032
2033
2034
2036
2037
2038
2041
2042
2043
2045
2046
2047
2049
2050
2051
2056
2057
2058
2059
2060
2061
2062
2063
2064
2067
2068
2069
2074
2075
2076
2078
2079
2080
2084
2085
2086
2087
2088
2089
2091
2092
2093
2095
2096
2097
2100
2101
2102
2103
2104
2105
2107
2108
2109
2110
2111
2112
2114
2115
2116
2118
2119
2120
2121
2122
2124
2125
2126
2127
2128
2129
2130
2131
2132
2133
2134
2135
2137
2138
2140
2141
2142
2143
2144
2145
2146
2147
2148
2149
2150
2151
2152
2153
2154
2155
2156
2157
2159
2160
2161
2162
2163
2164
2165
2168
2169
2171
2172
2173
2174
2175
2176
2179
2180
2181
2182
2183
2184
2185
2186
2187
2188
2189
2190
2191
2192
2193
2194
2195
2196
2197
2198
2199
2200
2201
2202
2203
2204
2205
2206
2207
2208
2209
2210
2211
2212
2213
2214
2215
2216
