0
8
19
20
27
28
29
34
35
36
40
41
42
44
45
46
51
52
53
60
61
62
69
70
71
75
76
77
78
79
83
84
85
86
93
94
95
99
100
101
102
103
111
112
113
116
117
123
124
132
133
134
135
136
142
143
144
145
151
152
168
169
170
173
174
175
176
185
193
194
202
204
205
207
208
209
223
224
225
227
228
229
232
233
234
236
237
238
239
240
241
242
243
244
245
246
247
248
249
250
251
252
253
259
260
261
263
264
268
269
271
272
274
275
276
277
278
279
280
282
283
286
289
290
291
292
293
296
297
298
302
303
304
308
309
310
311
314
315
317
318
324
326
327
331
332
336
337
338
339
342
343
344
345
356
357
368
369
385
386
390
391
392
394
395
396
397
400
401
402
403
416
423
424
425
434
435
436
438
439
440
441
443
444
445
446
447
448
449
450
451
453
461
462
463
464
465
466
467
471
472
473
478
479
480
483
485
486
489
490
499
500
501
512
513
514
516
517
554
555
559
560
561
562
563
564
565
566
567
568
569
570
571
572
573
574
575
576
577
578
579
580
581
582
583
584
586
589
590
595
596
597
604
605
606
608
609
610
616
617
618
619
620
624
625
630
631
632
638
639
640
646
647
650
651
652
653
654
661
662
663
664
665
666
667
670
671
672
676
677
678
680
681
682
687
688
689
690
691
692
693
694
695
696
697
698
699
700
708
709
710
711
712
713
714
756
757
758
759
761
762
763
764
765
766
767
768
769
770
771
772
808
809
852
853
854
855
856
857
858
859
860
861
862
863
864
865
866
867
868
869
870
871
872
873
874
875
876
877
878
879
