1
2
3
4
5
7
8
9
10
11
12
13
14
15
21
22
23
24
25
30
31
32
33
34
35
65
66
67
92
94
95
96
97
98
99
100
114
117
118
119
120
121
122
135
140
141
142
146
147
148
157
158
159
160
161
162
163
164
168
169
170
189
190
191
194
195
196
199
223
224
229
230
231
238
239
245
246
247
248
249
250
252
253
254
255
256
257
260
268
269
270
274
275
276
279
280
282
283
286
287
288
289
290
291
292
298
299
311
318
319
320
321
330
331
340
341
342
343
344
345
346
347
348
362
374
399
400
450
451
482
483
484
485
486
487
488
489
490
491
492
493
494
495
496
497
498
499
500
501
502
503
504
505
506
507
508
509
511
512
513
514
515
516
517
518
519
526
527
528
530
531
532
533
534
535
536
544
545
553
554
555
559
560
561
564
565
572
573
574
577
578
579
581
582
583
585
586
587
590
591
592
593
594
599
600
601
602
603
604
609
610
611
616
617
618
623
624
625
629
630
631
638
639
640
645
646
647
649
650
651
657
658
659
660
662
663
664
668
669
670
672
673
674
678
679
682
683
684
685
686
688
689
691
692
693
695
696
701
702
703
704
705
706
719
720
721
722
723
727
728
729
730
731
732
733
734
735
736
737
738
740
741
742
748
749
751
752
753
757
793
794
795
796
797
798
807
810
811
812
815
816
817
821
822
823
828
829
836
837
838
840
841
842
844
845
846
847
848
849
852
853
854
856
857
858
859
860
861
863
864
865
882
883
884
897
900
901
902
904
905
1022
1045
1046
1047
1160
1161
1163
1164
1193
1194
1206
1207
1208
1209
1210
1211
1214
1215
1216
1217
1218
1219
1220
1221
1222
1223
1224
1225
1226
1227
1228
1229
1230
1231
1232
1233
1234
1235
1236
1237
1238
1239
1240
1242
1245
1246
1247
1248
1249
1250
1252
1253
1254
1259
1260
1261
1263
1264
1265
1266
1267
1268
1270
1271
1272
1274
1275
1276
1278
1279
1280
1282
1283
1284
1286
1287
1288
1290
1291
1292
1294
1295
1296
1297
1298
1299
1302
1303
1304
1306
1307
1309
1310
1311
1312
1313
1314
1315
1316
1317
1319
1320
1321
1322
1325
1326
1327
1329
1330
1331
1337
1338
1339
1344
1345
1347
1348
1349
1351
1352
1353
1356
1357
1358
1363
1364
1365
1370
1371
1372
1374
1375
1376
1378
1379
1380
1382
1383
1384
1386
1387
1388
1389
1390
1391
1392
1398
1399
1400
1402
1403
1404
1405
1406
1407
1408
1412
1413
1414
1420
1422
1423
1424
1426
1427
1428
1430
1431
1432
1434
1435
1436
1438
1439
1440
1442
1443
1546
1547
1548
1549
1550
1551
1552
1553
1554
1555
1556
1557
1558
1559
1560
1561
1562
1563
1564
