0
1
3
4
5
6
7
8
9
19
20
21
35
36
37
49
50
51
52
53
55
56
57
63
64
65
70
71
72
73
74
75
76
79
80
81
82
83
84
85
86
87
89
94
95
96
103
104
105
106
108
109
110
111
112
124
125
127
148
149
152
153
154
155
156
157
168
169
170
172
182
183
184
187
188
194
195
196
199
200
204
205
206
207
212
213
214
216
217
218
219
220
221
224
225
226
228
229
230
231
232
233
234
235
236
237
239
240
243
244
245
250
251
252
257
258
259
264
265
271
276
277
278
282
283
288
289
294
295
298
299
300
301
310
311
315
316
319
320
321
325
326
327
329
330
331
332
333
338
339
340
342
343
344
355
356
357
358
359
360
361
362
363
364
365
366
367
368
369
370
371
372
373
374
378
379
380
381
382
386
387
388
389
393
394
395
396
397
398
399
400
401
403
404
405
406
407
408
412
413
426
427
428
432
433
434
439
440
441
446
447
448
451
452
453
456
457
458
462
463
464
467
468
469
472
473
474
479
480
483
484
485
489
490
493
494
495
496
497
498
499
500
502
503
506
507
508
509
510
511
512
513
540
541
548
549
550
551
552
560
561
562
571
572
573
579
580
582
583
584
586
587
588
591
592
594
595
596
597
598
599
600
601
604
605
606
607
608
610
611
613
614
615
616
617
618
619
621
622
623
624
625
626
631
632
633
635
636
637
647
648
651
652
653
654
655
656
657
658
660
661
662
663
664
665
666
671
672
673
680
681
682
691
692
693
696
697
698
702
703
704
705
706
707
708
711
712
713
717
718
719
721
722
723
730
731
732
733
734
735
736
737
739
740
741
743
744
745
746
747
748
749
750
751
752
753
757
758
759
761
762
763
767
768
769
770
771
772
784
785
786
795
796
797
801
802
803
804
805
806
808
809
810
811
812
813
815
816
817
818
820
821
822
823
824
828
829
830
836
837
838
839
846
847
848
850
851
852
856
857
861
862
863
866
867
868
869
870
871
872
875
876
877
880
881
885
886
887
890
891
892
893
894
900
901
903
904
905
907
908
909
911
912
915
916
917
919
920
921
925
926
927
929
930
931
932
933
934
937
938
939
942
943
944
945
946
949
950
951
952
953
956
957
958
961
962
963
965
968
969
970
978
979
980
983
984
985
988
989
990
992
993
994
995
996
1010
1011
1012
1013
1014
1017
1018
1019
1031
1032
1036
1037
1039
1040
1041
1042
1043
1044
1045
1067
1089
1213
1214
1253
1254
1265
1266
1393
1394
1455
1456
1457
1458
1459
1460
1461
1462
1463
1464
1465
1466
1467
1468
1469
1470
1471
1472
1473
1474
1475
1476
1477
1478
1479
1480
1481
1482
