0
1
7
22
23
26
27
28
32
33
34
43
45
46
47
48
49
50
51
52
53
54
55
56
57
61
62
63
66
67
68
69
70
72
73
74
75
76
79
80
83
84
85
86
87
88
89
91
92
93
99
100
112
113
114
116
117
126
127
128
130
131
132
133
134
135
136
137
138
139
140
146
147
148
152
153
154
157
158
161
162
168
169
170
179
180
181
182
183
184
185
186
187
188
189
190
191
194
200
201
202
203
204
208
209
210
219
220
221
222
225
226
227
234
235
236
237
238
239
240
241
246
247
250
251
252
253
254
255
256
260
261
262
263
268
269
271
272
273
275
276
277
278
279
281
282
285
286
287
288
290
291
292
293
294
299
300
301
303
304
306
307
321
322
323
329
330
331
332
333
338
341
342
344
345
347
348
350
351
352
353
354
356
357
363
364
365
368
369
370
371
372
374
375
376
377
378
379
381
382
383
384
387
388
389
409
410
411
412
428
429
430
431
435
436
439
440
441
446
455
456
457
458
459
460
461
464
476
477
478
479
480
481
482
483
484
495
496
497
498
499
508
509
510
519
520
521
522
523
530
531
532
534
535
536
538
539
540
541
542
543
544
545
548
549
550
552
553
554
555
556
557
568
569
600
601
602
603
604
605
606
608
609
610
611
612
613
614
615
616
618
619
620
621
622
623
624
629
630
631
634
635
639
640
641
642
643
644
645
646
647
648
660
661
662
667
668
669
672
673
682
683
684
685
686
687
692
693
694
696
698
699
700
704
705
706
711
712
713
714
716
717
718
721
722
723
725
726
727
728
729
730
732
733
734
735
736
738
739
740
745
746
747
752
753
789
790
791
792
793
796
797
806
807
808
821
822
823
826
827
828
829
830
832
833
834
837
838
839
842
843
850
851
853
854
855
856
857
860
861
862
863
864
865
868
869
870
871
872
873
876
877
878
880
882
883
884
885
886
887
892
893
894
895
896
897
898
899
900
904
905
906
907
908
912
913
937
1055
1056
1139
1140
1177
1178
1299
1300
1301
1302
1303
1304
1305
1306
1307
1308
1309
1310
1311
1312
1313
1314
1315
1316
1317
1322
1323
1324
1327
1328
1329
1330
1331
1332
1333
1334
1335
1336
1337
1338
1339
1340
1341
1342
1343
1344
1345
1346
1347
1348
1349
1350
1351
1352
1353
1354
1355
1356
1357
1358
1359
1360
1361
1362
1363
1364
1365
1366
1367
