0
1
18
19
20
21
22
23
24
25
26
35
36
37
42
43
44
45
46
47
48
51
52
53
54
55
56
57
58
59
60
61
64
65
66
72
73
74
75
76
77
78
82
93
94
95
98
99
100
101
102
103
107
108
109
111
112
113
114
115
117
118
139
140
141
142
143
144
145
161
162
163
171
172
173
176
177
178
183
184
185
197
198
199
201
202
203
206
207
208
211
212
213
215
216
217
219
220
221
222
223
224
225
226
228
229
234
235
236
238
239
240
244
249
250
251
259
260
261
265
266
267
268
269
279
280
281
282
283
290
291
292
293
294
295
296
297
303
304
305
311
312
313
314
316
317
318
320
321
322
328
329
334
335
342
343
351
352
361
370
371
372
377
378
379
380
381
382
383
384
386
387
391
392
393
394
395
398
399
401
402
406
407
408
409
410
411
412
413
414
415
416
417
426
434
435
436
440
441
442
444
445
448
449
450
451
452
453
455
456
457
464
465
466
467
468
469
470
471
472
473
474
475
478
479
480
481
482
483
484
485
486
487
488
489
492
493
494
495
498
499
500
501
502
503
504
505
508
509
510
513
514
515
516
518
537
538
539
541
578
579
580
594
595
596
601
602
603
606
607
608
610
611
612
615
616
617
618
619
620
624
625
626
629
630
631
634
635
636
641
642
646
647
648
651
652
653
658
659
660
661
662
666
667
669
670
671
674
675
678
679
680
683
684
685
689
690
691
694
695
696
698
699
700
703
704
705
709
710
712
713
714
715
716
717
718
719
720
721
722
723
724
725
726
727
729
730
731
732
734
735
739
740
741
742
743
744
751
752
753
758
759
760
763
764
765
766
767
769
770
771
772
773
774
775
776
777
778
779
780
781
783
784
785
788
789
790
793
794
800
801
819
820
821
826
827
831
832
833
834
840
841
842
843
844
845
846
847
848
849
850
851
852
854
855
856
857
858
862
882
883
884
885
886
889
898
899
900
903
904
913
914
915
921
922
954
955
956
958
959
960
963
964
966
967
968
971
972
973
974
975
976
977
978
979
980
981
982
983
984
986
987
989
990
991
994
995
996
997
999
1000
1001
1003
1004
1005
1008
1009
1010
1019
1020
1021
1025
1026
1027
1028
1029
1031
1032
1034
1035
1333
1334
1371
1372
1414
1415
1434
1435
1436
1437
1447
1448
1449
1450
1451
1452
1453
1454
1455
1456
1457
1458
1459
1460
1461
1462
1463
1464
1465
1466
1467
1468
1469
1470
1471
1472
1473
1474
1476
1488
1497
1498
1499
1503
1504
1505
1510
1511
1512
1517
1518
1519
1522
1523
1524
1531
1532
1533
1536
1537
1538
1540
1541
1542
1545
1546
1547
1552
1553
1554
1558
1559
1560
1563
1564
1565
1569
1570
1602
1603
1604
1605
1606
1607
1608
1609
1610
1611
1613
1614
1615
1616
1617
1618
1619
1620
1621
1623
1624
1625
1626
1634
1637
1638
1639
1641
1642
1643
1645
1646
1647
1648
1649
1650
1654
1655
1656
1659
1660
1661
1663
1664
1665
1668
1669
1670
1672
1673
1674
1675
1676
1679
1680
1681
1682
1683
1749
1750
1751
1752
1753
1755
1756
1757
1759
1760
1761
1762
1763
1764
1766
1767
1794
1795
1821
1822
1831
1865
1873
1874
1887
1888
1917
1918
1944
2023
2024
2080
2081
2082
2083
2084
2085
2086
2087
2088
2089
2090
2091
2092
2096
2097
2098
2101
2102
2103
2104
2105
2106
2107
2108
2109
2110
2111
2112
2113
2114
2115
2116
2117
2118
2119
2120
2121
2122
2123
2124
2125
2126
2127
2128
2129
2130
2131
2132
2133
2134
2135
2136
2137
2138
2139
2140
2141
2142
2143
2144
