0
1
7
8
9
16
17
18
19
20
22
23
24
26
27
28
29
30
32
33
34
38
39
40
42
43
45
46
47
48
49
59
60
61
65
66
67
68
80
81
89
94
95
96
107
108
109
111
112
113
114
115
120
126
127
128
132
133
134
135
136
137
143
144
145
162
163
164
165
166
167
185
186
187
189
190
191
196
197
198
201
202
203
204
207
208
209
210
211
212
213
217
222
223
224
226
227
234
238
239
240
241
242
250
251
267
268
269
275
276
288
289
290
299
306
307
308
309
310
317
321
322
323
331
332
333
338
339
340
341
342
343
344
345
346
347
349
350
351
354
355
356
357
358
364
365
366
371
372
373
376
377
378
381
382
383
385
386
387
391
393
394
415
418
419
423
424
425
426
427
428
429
430
432
433
434
435
437
438
441
442
444
445
461
462
463
464
465
466
467
468
469
470
471
472
474
475
476
477
478
481
482
483
484
485
488
489
492
493
498
499
504
505
506
507
508
510
511
526
527
528
545
546
547
548
549
552
553
554
557
558
559
567
568
569
570
571
572
575
576
577
583
584
589
590
591
596
597
598
599
600
601
605
606
608
609
610
611
612
613
614
615
616
617
619
620
621
626
627
628
633
634
635
636
637
638
639
640
728
729
730
732
733
734
736
737
738
740
741
742
743
744
745
746
747
748
755
756
771
774
775
776
780
781
782
789
790
791
797
798
799
806
807
808
814
815
816
821
822
823
826
827
832
833
834
862
893
918
934
935
942
1006
1028
1029
1110
1111
1144
1145
1193
1194
1195
1196
1197
1198
1199
1200
1201
1202
1203
1204
1205
1206
1207
1208
1209
