0
1
6
7
8
9
10
11
12
18
19
20
24
25
26
32
33
34
36
42
43
44
47
48
49
63
64
65
72
73
74
75
77
78
79
81
82
83
84
85
86
87
88
89
90
100
101
102
105
106
107
111
112
113
114
120
121
122
126
127
128
130
131
132
133
134
135
144
145
150
151
152
153
154
155
160
161
162
168
169
171
172
173
174
175
176
177
178
179
180
181
182
183
191
192
193
201
202
203
204
205
210
211
215
216
217
218
219
224
225
226
227
234
235
236
237
238
239
241
242
243
244
247
248
249
250
251
252
253
254
255
256
257
258
261
262
265
266
268
269
270
271
279
280
281
286
287
291
292
293
304
305
306
307
308
309
313
314
318
319
320
321
322
323
325
326
328
329
333
334
337
338
342
343
345
346
347
348
349
350
351
352
354
355
356
357
358
363
364
365
370
371
372
375
376
377
378
379
380
387
388
389
390
391
392
393
394
395
396
416
417
418
421
422
423
426
427
428
429
430
431
432
433
434
435
436
437
440
441
442
443
444
446
447
448
449
450
451
452
453
456
457
458
459
467
468
469
475
476
477
480
481
482
484
485
486
488
489
490
491
492
496
497
498
499
500
501
502
503
507
508
510
511
512
515
516
517
518
520
521
522
528
529
531
532
533
550
553
554
555
559
560
561
563
564
565
568
586
587
588
589
590
591
592
593
594
596
597
598
603
607
608
609
614
615
616
617
618
619
620
621
622
623
625
626
627
628
629
630
634
635
636
639
640
641
644
645
647
648
649
650
651
656
657
658
659
660
661
662
672
673
674
676
677
678
679
680
681
682
683
684
685
686
687
690
691
692
693
695
696
697
698
699
700
701
702
704
705
709
710
711
713
714
715
716
717
720
721
722
723
724
725
728
729
741
747
748
749
753
754
755
756
808
809
810
863
888
889
890
891
892
893
894
895
896
897
898
899
900
901
917
921
922
923
927
928
929
931
932
933
963
964
1027
1028
1030
1031
1032
1037
1038
1039
1040
1041
1042
1044
1045
1046
1048
1049
1050
1052
1053
1056
1057
1060
1061
1090
1125
1126
1153
1154
1201
1202
1203
1204
1205
1206
1207
1208
1209
1210
1211
1212
1213
1214
1215
1216
