0
1
2
4
5
6
11
12
13
15
16
17
20
21
22
23
24
25
43
44
45
46
47
48
49
50
51
52
53
55
56
68
69
70
77
78
79
87
88
89
90
91
92
98
99
100
101
103
104
105
106
107
108
109
110
114
115
116
117
118
119
120
128
129
130
135
136
137
138
145
146
147
154
155
156
162
163
164
169
170
171
173
174
175
178
179
180
181
190
192
193
194
196
197
199
200
201
202
211
212
213
214
215
222
223
227
234
235
241
244
245
261
262
275
355
356
411
412
413
415
416
417
418
419
424
425
426
427
428
429
446
451
452
453
464
465
489
490
496
526
527
529
532
533
534
535
536
543
544
545
572
575
576
577
580
581
582
584
585
586
587
588
589
590
591
592
593
594
595
596
597
598
599
609
610
611
623
624
649
673
724
752
850
868
869
917
918
961
962
979
980
981
1098
1099
1100
1102
1103
1104
1105
1106
1107
1108
1109
