0
2
3
6
7
8
9
10
11
12
13
14
15
16
21
22
23
24
25
26
27
33
34
35
55
56
57
58
59
69
70
71
77
78
79
80
81
82
83
84
85
86
87
88
89
90
91
92
93
94
95
96
97
98
99
101
110
111
112
113
123
124
125
134
135
136
139
140
142
143
144
146
147
148
150
151
152
153
158
159
160
168
169
170
175
176
177
178
179
183
184
185
186
187
189
190
191
192
193
194
199
200
201
208
209
211
214
215
216
218
221
222
223
224
225
226
228
229
231
232
233
234
235
236
237
238
239
240
241
242
243
244
245
246
247
248
251
252
256
257
258
259
260
261
263
264
265
266
268
269
270
271
272
277
278
279
280
281
282
284
285
286
289
290
291
298
306
307
308
309
310
311
312
313
335
336
337
367
378
392
393
394
395
408
411
412
413
414
426
427
430
431
432
433
435
436
437
439
440
465
466
481
482
489
492
493
496
499
524
574
596
603
604
608
609
610
613
614
615
682
683
805
806
813
814
848
849
897
898
900
901
931
932
1050
1051
1076
1077
1380
1381
1386
1387
1494
1495
1540
1541
1582
1583
1584
1585
1586
1587
1588
1589
1590
1591
1592
1593
1594
1595
1596
1597
1598
1599
1600
