0
1
2
8
9
10
22
23
24
25
26
27
32
37
38
39
61
62
63
68
69
70
82
83
84
85
86
87
88
95
115
116
117
118
119
120
121
122
123
124
136
137
138
139
140
141
152
153
162
163
164
165
166
167
169
170
171
172
173
174
176
177
178
179
203
204
205
210
211
212
213
214
215
216
217
220
221
222
226
227
228
233
234
237
238
239
241
242
243
247
248
252
253
254
255
256
289
290
294
295
296
306
307
312
316
317
318
320
321
324
325
326
334
335
336
339
340
341
342
343
345
346
358
360
361
362
366
367
370
371
372
377
378
379
380
381
383
384
387
388
389
390
392
393
394
396
397
400
401
402
403
405
406
407
412
413
414
415
441
442
443
446
447
449
450
451
452
456
457
458
460
461
462
463
465
466
467
468
469
470
471
472
474
475
476
484
485
486
494
498
520
521
522
527
531
532
538
539
542
543
544
549
550
551
556
557
558
561
562
563
565
566
567
569
570
571
574
575
576
578
579
580
582
583
594
595
596
597
598
599
600
601
602
603
614
615
616
617
618
619
620
621
622
623
624
625
626
627
628
629
630
631
632
633
634
635
641
650
651
652
655
656
657
660
661
662
664
665
666
668
669
670
673
674
675
677
678
679
682
683
684
687
688
689
691
692
693
695
696
697
700
701
702
704
705
706
708
709
710
712
713
714
717
718
719
728
729
730
733
734
735
738
739
740
744
745
746
747
748
785
786
787
791
792
793
799
800
801
807
808
809
810
811
812
822
823
824
832
833
834
839
840
841
842
843
844
845
846
847
848
849
850
851
854
855
856
857
858
859
860
883
884
885
886
888
891
892
893
896
897
898
900
901
902
904
905
906
909
910
911
913
914
915
916
917
918
921
922
923
925
926
927
928
929
930
931
932
933
935
936
937
938
939
946
947
948
952
953
979
980
984
985
986
991
992
993
994
995
1002
1004
1005
1006
1008
1009
1010
1011
1012
1013
1014
1015
1016
1017
1018
1228
1229
1274
1275
1276
1277
1304
1305
1306
1307
1308
1309
1310
1311
1312
1313
1314
1315
1320
1321
1322
1324
1325
1326
1327
1328
1329
1330
1339
1340
1341
1357
1363
1364
1367
1368
1369
1370
1371
1372
1373
1374
1375
1377
1378
1379
1384
1385
1386
1389
1390
1391
1392
1393
1394
1396
1397
1420
1421
1424
1425
1426
1427
1430
1431
1432
1433
1434
1435
1438
1439
1440
1441
1464
1468
1469
1470
1473
1474
1475
1476
1477
1478
1479
1480
1481
1482
1483
1484
1487
1488
1489
1490
1491
1492
1493
1494
1495
1497
1498
1511
1512
1543
1544
1545
1546
1547
1548
1549
1553
1554
1555
1561
1562
1563
1564
1565
1566
1574
1576
1577
1578
1581
1582
1583
1584
1585
1586
1587
1588
1589
1590
1591
1594
1595
1596
1599
1600
1601
1603
1604
1605
1607
1608
1636
1637
1770
1771
1772
1777
1778
1780
1781
1782
1783
1784
1785
1786
1787
1788
1789
1790
1791
1792
1793
1794
1795
1796
1797
1798
1799
1800
1801
1802
1803
