3
4
15
16
17
39
40
41
42
49
50
51
55
56
57
60
61
62
63
64
65
71
72
86
87
88
91
92
95
96
98
99
100
101
102
103
104
105
106
107
112
113
115
116
117
125
126
127
128
129
130
132
133
134
135
136
139
144
145
146
147
148
154
155
156
158
159
160
161
164
165
167
168
169
175
176
177
193
194
195
197
198
199
203
204
205
206
207
208
222
223
230
231
232
239
240
245
246
247
248
249
250
251
256
257
259
260
263
264
266
267
279
280
281
282
283
285
286
287
288
295
296
297
298
299
309
310
315
316
324
334
338
339
340
341
342
343
344
345
346
347
348
349
352
353
354
356
357
358
359
360
361
362
363
365
366
367
374
375
376
378
380
381
382
387
388
389
392
393
394
399
400
401
402
403
404
405
406
407
408
409
411
412
413
418
419
420
427
428
429
431
432
434
435
436
437
438
439
440
443
452
453
454
456
457
461
462
464
465
466
478
479
480
487
488
490
491
515
516
517
518
520
521
522
528
529
530
531
532
534
535
536
537
538
540
541
542
543
547
548
549
550
551
552
554
555
556
558
559
560
561
562
563
564
565
569
570
571
573
574
580
581
582
583
584
585
603
605
606
608
609
611
612
614
615
617
618
619
621
622
623
625
626
627
628
629
630
631
632
633
634
635
636
637
638
639
640
641
642
643
644
645
646
647
648
649
650
651
653
654
675
676
677
678
679
681
682
684
685
686
689
690
691
696
697
698
699
700
701
702
703
705
706
707
709
710
711
712
713
714
715
717
718
719
720
721
722
725
726
727
730
731
732
733
742
743
744
745
746
747
748
749
757
758
759
765
766
767
777
778
779
784
785
786
793
794
795
798
799
800
803
804
805
815
816
817
821
822
823
825
826
827
832
833
834
847
848
870
871
872
873
874
875
876
877
879
880
881
882
883
884
885
886
887
888
889
890
891
901
902
903
905
906
907
908
909
911
912
913
914
915
916
917
918
919
920
921
922
923
924
925
928
929
930
932
933
934
936
937
938
940
941
942
943
944
945
946
947
948
951
952
953
954
955
956
957
959
960
964
965
966
967
969
970
971
972
973
974
975
977
978
979
980
981
982
983
985
986
987
988
989
990
991
992
994
995
996
998
999
1000
1012
1013
1014
1015
1018
1019
1020
1021
1022
1028
1029
1030
1033
1034
1035
1037
1038
1039
1117
1118
1120
1121
1122
1123
1124
1125
1129
1130
1131
1136
1137
1138
1144
1145
1146
1147
1148
1149
1150
1151
1152
1153
1156
1157
1158
1167
1168
1169
1180
1183
1184
1185
1199
1200
1201
1343
1344
1381
1382
1393
1394
1401
1413
1414
1426
1477
1478
1506
1507
1549
1604
1605
1622
1623
1631
1632
1633
1634
1635
1636
1637
1638
1658
1659
1660
1661
1662
1663
1664
1665
1666
1674
1675
1676
1677
1678
1681
1682
1683
1689
1690
1691
1693
1694
1696
1697
1698
1699
1706
1707
1708
1709
1710
1717
1718
1719
1721
1722
1723
1729
1730
1731
1732
1742
1743
1744
1749
1750
1751
1757
1758
1759
1762
1763
1764
1767
1768
1769
1772
1773
1774
1775
1776
1777
1778
1779
1784
1785
1791
1792
1793
1795
1796
1797
1800
1801
1802
1807
1808
1809
1817
1818
1819
1824
1825
1826
1833
1834
1835
1836
1841
1842
1843
1847
1848
1849
1852
1853
1854
1855
1856
1857
1859
1860
1861
1862
1863
1864
1865
1866
1868
1869
1870
1871
1872
1873
1874
1875
1876
1878
1879
1880
1882
1883
1884
1885
1886
1887
1888
1889
1890
1891
1893
1894
1895
1896
1897
1898
1899
1900
1901
1902
1903
1904
1905
1907
1908
1909
1910
1911
1912
1913
1914
1915
1916
1917
1918
1919
1920
1921
1922
1923
1924
1925
1926
1927
1928
1929
1930
1931
1932
1933
1934
1935
1936
1937
1938
1939
1940
1941
1942
1943
1944
1945
1946
1947
1948
1949
1950
1951
1952
1953
1954
1955
1956
1957
