0
1
7
8
9
12
13
14
15
16
17
25
26
27
35
36
37
42
43
44
45
46
47
48
49
51
52
53
55
56
57
58
59
60
61
62
66
67
68
70
83
84
85
86
87
88
89
90
91
92
93
94
95
102
103
104
105
106
107
108
109
110
111
113
114
115
117
131
135
136
137
138
139
142
143
144
145
152
153
165
166
167
172
175
176
178
179
180
182
183
184
185
186
192
193
194
195
198
199
200
201
202
203
204
205
212
213
214
215
217
218
219
220
221
226
227
228
229
233
236
237
239
240
242
243
244
245
246
247
248
249
250
251
262
263
267
268
286
287
288
289
290
291
302
303
312
334
335
346
350
351
352
353
354
355
356
357
359
360
361
450
451
452
453
454
455
463
464
465
467
468
469
473
474
475
476
619
620
698
699
721
722
873
874
887
888
898
899
901
902
906
907
908
910
911
912
914
915
916
918
919
920
923
924
925
928
929
930
941
942
943
951
952
953
959
960
961
963
964
965
969
970
971
975
976
977
978
979
980
982
983
984
988
989
990
993
994
995
996
997
998
999
1000
1001
1007
1008
1009
1015
1016
1017
1019
1020
1024
1025
1026
1030
1031
1034
1035
1036
1042
1043
1044
1048
1049
1050
1051
1052
1053
1055
1056
1057
1058
1059
1062
1063
1065
1066
1067
1068
1070
1071
1072
1073
1074
1075
1076
1077
1078
1079
1080
1085
1086
1087
1088
1090
1091
1092
1093
1094
1095
1096
1097
1098
1099
1100
1101
1102
1103
1104
1105
1106
