2
3
4
13
14
15
16
17
18
19
32
33
34
45
46
47
51
52
53
55
56
57
60
61
62
63
72
73
74
76
77
78
79
80
81
82
83
84
101
102
103
104
124
134
135
136
137
138
139
143
144
145
159
162
163
172
173
174
195
196
197
199
200
201
202
203
204
205
206
207
208
211
212
213
214
215
216
217
219
220
221
222
223
224
225
226
227
228
234
235
236
241
242
243
247
248
249
251
252
253
254
255
256
258
259
262
263
264
266
267
271
272
276
277
282
283
284
291
292
293
296
297
298
300
301
302
304
305
307
308
309
310
311
313
314
315
316
317
318
320
321
322
326
327
328
330
331
332
333
334
336
337
338
343
344
345
347
348
353
354
355
358
359
360
361
362
414
438
439
470
503
504
511
512
513
604
605
606
612
613
614
615
617
618
619
621
622
623
624
625
632
633
635
636
637
644
645
646
650
651
653
654
655
659
660
661
663
664
668
669
670
671
672
673
674
675
676
677
678
679
680
682
683
684
685
689
690
691
694
697
698
700
701
702
706
707
708
710
711
716
717
718
719
720
721
722
723
724
725
726
727
728
729
734
735
736
738
739
740
741
742
743
744
745
746
747
748
749
751
752
753
754
755
756
757
759
760
761
762
767
768
769
770
771
772
773
774
775
776
777
780
781
782
783
784
785
790
791
792
793
794
795
796
797
798
799
800
806
807
808
813
814
815
816
817
824
825
826
831
832
833
834
835
840
846
848
849
850
851
852
853
857
858
859
863
864
865
868
869
870
873
874
875
880
881
882
884
885
886
887
888
889
892
893
894
897
898
899
901
902
903
908
909
910
912
913
914
915
921
922
930
931
936
937
938
946
947
948
951
952
953
960
961
962
966
967
968
970
971
972
974
975
976
979
980
982
983
984
987
988
989
990
991
992
1001
1002
1003
1009
1010
1011
1018
1019
1020
1025
1026
1060
1066
1067
1068
1075
1080
1081
1082
1086
1087
1088
1089
1090
1091
1092
1093
1095
1096
1097
1098
1099
1102
1103
1104
1105
1106
1196
1221
1222
1254
1255
1258
1259
1286
1306
1328
1356
1357
1388
1389
1442
1443
1444
1445
1446
1447
1448
1449
1450
1451
1452
1453
1454
1455
1456
1457
1458
1459
1460
1461
1462
1463
1464
1465
1466
1467
1468
1469
1470
1471
1472
