1 2,0 0,1 0,0 0,1.0;1 2,0 0,0 1,0 0,1.0;
3 4,0 0,1 0,0 0,1.0;3 4,0 0,0 1,0 0,1.0;
3 5,0 0,1 0,0 0,1.0;3 5,0 0,0 1,0 0,1.0;
5,0,1,0,0.8525852185743693;
1 6,0 0,1 0,0 0,1.0;1 6,0 0,0 1,0 0,1.0;
6,0,1,0,0.8525852185743693;
7 8,0 0,0 1,0 0,1.0;7 8,0 0,1 0,0 0,1.0;
7 9,0 0,0 1,0 0,1.0;7 9,0 0,1 0,0 0,1.0;
9 10 11,0 1 2,1 1 1,0 0 0,0.9124368886333499;9 10 11,0 0 1,1 0 1,0 0 0,0.535388146506803;9 10 11,0 0 1,0 1 1,0 0 0,0.7284905777176105;9 10 11,0 1 0,1 1 0,0 0 0,0.7693176300725968;9 10 11,0 1 0,0 1 1,0 0 0,0.8511361217836527;9 10 11,0 1 1,1 1 0,0 0 0,0.7132264141901997;9 10 11,0 1 1,1 0 1,0 0 0,0.6019424746904481;9 10 11,0 0 0,1 0 0,0 0 0,0.4683234364333714;9 10 11,0 0 0,0 1 0,0 0 0,0.6944687409614452;9 10 11,0 0 0,0 0 1,0 0 0,0.5942780517213122;
10 12,0 0,1 0,0 0,1.0;10 12,0 0,0 1,0 0,1.0;
12 13,0 0,1 0,0 0,1.0;12 13,0 0,0 1,0 0,1.0;
13 14 15,0 1 2,1 1 1,0 0 0,0.8993580804706933;13 14 15,0 0 1,1 0 1,0 0 0,0.5213089012349186;13 14 15,0 0 1,0 1 1,0 0 0,0.717842624294053;13 14 15,0 1 0,1 1 0,0 0 0,1.0;13 14 15,0 1 0,0 1 1,0 0 0,1.0;13 14 15,0 1 1,1 1 0,0 0 0,0.708704491968775;13 14 15,0 1 1,1 0 1,0 0 0,0.5372514640609918;13 14 15,0 0 0,1 0 0,0 0 0,0.6361818127989058;13 14 15,0 0 0,0 1 0,0 0 0,0.8378864091827681;13 14 15,0 0 0,0 0 1,0 0 0,0.5650583292547273;
14 16,0 0,0 1,0 0,1.0;14 16,0 0,1 0,0 0,1.0;
16 17,0 0,1 0,0 0,1.0;16 17,0 0,0 1,0 0,1.0;
17,0,1,0,0.8562119114128774;
18 19,0 0,1 0,0 0,1.0;18 19,0 0,0 1,0 0,1.0;
18 20,0 0,1 0,0 0,1.0;18 20,0 0,0 1,0 0,1.0;
20 21 22,0 1 2,1 1 1,0 0 0,0.9232842405967026;20 21 22,0 0 1,1 0 1,0 0 0,0.5583463044233176;20 21 22,0 0 1,0 1 1,0 0 0,0.727804387384007;20 21 22,0 1 0,1 1 0,0 0 0,0.7266317486205152;20 21 22,0 1 0,0 1 1,0 0 0,0.8388186856207772;20 21 22,0 1 1,1 1 0,0 0 0,0.6995700578696065;20 21 22,0 1 1,1 0 1,0 0 0,0.6422989119091789;20 21 22,0 0 0,1 0 0,0 0 0,0.44959801817026723;20 21 22,0 0 0,0 1 0,0 0 0,0.5994123403923597;20 21 22,0 0 0,0 0 1,0 0 0,0.6302406983920239;
21 23,0 0,1 0,0 0,1.0;21 23,0 0,0 1,0 0,1.0;
23 24,0 0,0 1,0 0,1.0;23 24,0 0,1 0,0 0,1.0;
25 26,0 0,1 0,0 0,1.0;25 26,0 0,0 1,0 0,1.0;
27 28,0 0,1 0,0 0,1.0;27 28,0 0,0 1,0 0,1.0;
27 29,0 0,1 0,0 0,1.0;27 29,0 0,0 1,0 0,1.0;
29 30 31,0 1 2,1 1 1,0 0 0,0.9320382903736774;29 30 31,0 0 1,1 0 1,0 0 0,0.5563535111626143;29 30 31,0 0 1,0 1 1,0 0 0,0.7496098798953508;29 30 31,0 1 0,1 1 0,0 0 0,0.6097117493405955;29 30 31,0 1 0,0 1 1,0 0 0,0.7806915250691252;29 30 31,0 1 1,1 1 0,0 0 0,0.7190014955813798;29 30 31,0 1 1,1 0 1,0 0 0,0.696724902577173;29 30 31,0 0 0,1 0 0,0 0 0,0.47854301927466103;29 30 31,0 0 0,0 1 0,0 0 0,0.628896362294122;29 30 31,0 0 0,0 0 1,0 0 0,0.6660201303939446;
30 32,0 0,0 1,0 0,1.0;30 32,0 0,1 0,0 0,1.0;
32 33,0 0,1 0,0 0,1.0;32 33,0 0,0 1,0 0,1.0;
33 34 35 36,0 1 2 3,1 1 1 1,0 0 0 0,0.9215960574109333;33 34 35 36,0 0 1 2,1 0 1 1,0 0 0 0,0.7485918279906898;33 34 35 36,0 0 1 2,0 1 1 1,0 0 0 0,0.8416416326187627;33 34 35 36,0 1 0 2,1 1 0 1,0 0 0 0,0.8065200288159078;33 34 35 36,0 1 0 2,0 1 1 1,0 0 0 0,0.87252997913203;33 34 35 36,0 1 1 2,1 1 0 1,0 0 0 0,0.7451905240538648;33 34 35 36,0 1 1 2,1 0 1 1,0 0 0 0,0.7181506697419142;33 34 35 36,0 0 0 1,1 0 0 1,0 0 0 0,0.6656093063914634;33 34 35 36,0 0 0 1,0 1 0 1,0 0 0 0,0.7852377933761736;33 34 35 36,0 0 0 1,0 0 1 1,0 0 0 0,0.7620516695483099;33 34 35 36,0 1 2 0,1 1 1 0,0 0 0 0,0.6688574076492009;33 34 35 36,0 1 2 0,0 1 1 1,0 0 0 0,0.8038019425161469;33 34 35 36,0 1 2 1,1 1 1 0,0 0 0 0,0.7517338038632998;33 34 35 36,0 1 2 1,1 0 1 1,0 0 0 0,0.7936285341021729;33 34 35 36,0 1 2 2,1 1 1 0,0 0 0 0,0.7345671790866323;33 34 35 36,0 1 2 2,1 1 0 1,0 0 0 0,0.8035017636374562;33 34 35 36,0 0 1 0,1 0 1 0,0 0 0 0,0.6689568629966645;33 34 35 36,0 0 1 0,0 1 1 0,0 0 0 0,0.7545054317171296;33 34 35 36,0 0 1 0,0 0 1 1,0 0 0 0,0.7878632617234078;33 34 35 36,0 0 1 1,1 0 1 0,0 0 0 0,0.39558699866379055;33 34 35 36,0 0 1 1,1 0 0 1,0 0 0 0,0.4845918273213463;33 34 35 36,0 0 1 1,0 1 1 0,0 0 0 0,0.515340116934608;33 34 35 36,0 0 1 1,0 1 0 1,0 0 0 0,0.6043449455921636;33 34 35 36,0 1 0 0,1 1 0 0,0 0 0 0,0.6681311199202314;33 34 35 36,0 1 0 0,0 1 1 0,0 0 0 0,0.7486550108033652;33 34 35 36,0 1 0 0,0 1 0 1,0 0 0 0,0.8134048942145874;33 34 35 36,0 1 0 1,1 1 0 0,0 0 0 0,0.5030733929647078;33 34 35 36,0 1 0 1,1 0 0 1,0 0 0 0,0.5566742842562483;33 34 35 36,0 1 0 1,0 1 1 0,0 0 0 0,0.5874225738695102;33 34 35 36,0 1 0 1,0 0 1 1,0 0 0 0,0.6410234651610506;33 34 35 36,0 1 1 0,1 1 0 0,0 0 0 0,0.2867645415004949;33 34 35 36,0 1 1 0,1 0 1 0,0 0 0 0,0.2513606041344798;33 34 35 36,0 1 1 0,0 1 0 1,0 0 0 0,0.46011855106285293;33 34 35 36,0 1 1 0,0 0 1 1,0 0 0 0,0.42471461369683783;33 34 35 36,0 1 1 1,1 1 0 0,0 0 0 0,0.6691696848139881;33 34 35 36,0 1 1 1,1 0 1 0,0 0 0 0,0.6676399192271052;33 34 35 36,0 1 1 1,1 0 0 1,0 0 0 0,0.7874074944043681;33 34 35 36,0 0 0 0,1 0 0 0,0 0 0 0,0.38344845099679403;33 34 35 36,0 0 0 0,0 1 0 0,0 0 0 0,0.5398437000232451;33 34 35 36,0 0 0 0,0 0 1 0,0 0 0 0,0.505003284492942;33 34 35 36,0 0 0 0,0 0 0 1,0 0 0 0,0.6550953526168388;
37 38 39,0 1 2,1 1 1,0 0 0,0.9315023575611309;37 38 39,0 0 1,1 0 1,0 0 0,0.7212538451740276;37 38 39,0 0 1,0 1 1,0 0 0,0.6932571057467852;37 38 39,0 1 0,1 1 0,0 0 0,0.7465900227341029;37 38 39,0 1 0,0 1 1,0 0 0,0.5584686836829837;37 38 39,0 1 1,1 1 0,0 0 0,0.7813001851254153;37 38 39,0 1 1,1 0 1,0 0 0,0.6211755855015386;37 38 39,0 0 0,1 0 0,0 0 0,0.659412610817935;37 38 39,0 0 0,0 1 0,0 0 0,0.5975795353421962;37 38 39,0 0 0,0 0 1,0 0 0,0.45521005032240824;
37 40,0 0,0 1,0 0,1.0;37 40,0 0,1 0,0 0,1.0;
31 41,0 0,0 1,0 0,1.0;31 41,0 0,1 0,0 0,1.0;
41 42,0 0,1 0,0 0,1.0;41 42,0 0,0 1,0 0,1.0;
42 43 44,0 1 2,1 1 1,0 0 0,0.9226351840342785;42 43 44,0 0 1,1 0 1,0 0 0,0.5593176931224614;42 43 44,0 0 1,0 1 1,0 0 0,0.7336016862074644;42 43 44,0 1 0,1 1 0,0 0 0,0.6751815397759574;42 43 44,0 1 0,0 1 1,0 0 0,0.8033426270705626;42 43 44,0 1 1,1 1 0,0 0 0,0.7189023585232072;42 43 44,0 1 1,1 0 1,0 0 0,0.6727794527328094;42 43 44,0 0 0,1 0 0,0 0 0,0.4349097815681515;42 43 44,0 0 0,0 1 0,0 0 0,0.6018757058773359;42 43 44,0 0 0,0 0 1,0 0 0,0.5950836623764705;
43 45,0 0,1 0,0 0,1.0;43 45,0 0,0 1,0 0,1.0;
46 47,0 0,1 0,0 0,1.0;46 47,0 0,0 1,0 0,1.0;
46 48,0 0,0 1,0 0,1.0;46 48,0 0,1 0,0 0,1.0;
48 49 50,0 1 2,1 1 1,0 0 0,0.9318015354674128;48 49 50,0 0 1,1 0 1,0 0 0,0.5596423038201568;48 49 50,0 0 1,0 1 1,0 0 0,0.7412232201835938;48 49 50,0 1 0,1 1 0,0 0 0,0.6355323584027333;48 49 50,0 1 0,0 1 1,0 0 0,0.7937095280379276;48 49 50,0 1 1,1 1 0,0 0 0,0.7172480497743986;48 49 50,0 1 1,1 0 1,0 0 0,0.6938443030461561;48 49 50,0 0 0,1 0 0,0 0 0,0.44863475572428846;48 49 50,0 0 0,0 1 0,0 0 0,0.6069952911812997;48 49 50,0 0 0,0 0 1,0 0 0,0.650172561464919;
49 51,0 0,1 0,0 0,1.0;49 51,0 0,0 1,0 0,1.0;
51 52,0 0,1 0,0 0,1.0;51 52,0 0,0 1,0 0,1.0;
52 53 54,0 1 2,1 1 1,0 0 0,0.9229172298888032;52 53 54,0 0 1,1 0 1,0 0 0,0.5437941303160821;52 53 54,0 0 1,0 1 1,0 0 0,0.7418960141478601;52 53 54,0 1 0,1 1 0,0 0 0,0.7324797917286012;52 53 54,0 1 0,0 1 1,0 0 0,0.8437605681053044;52 53 54,0 1 1,1 1 0,0 0 0,0.7186869645639493;52 53 54,0 1 1,1 0 1,0 0 0,0.6318658571088744;52 53 54,0 0 0,1 0 0,0 0 0,0.4039375156427141;52 53 54,0 0 0,0 1 0,0 0 0,0.6695187174230606;52 53 54,0 0 0,0 0 1,0 0 0,0.5848991074629031;
53 55,0 0,1 0,0 0,1.0;53 55,0 0,0 1,0 0,1.0;
55 56,0 0,0 1,0 0,1.0;55 56,0 0,1 0,0 0,1.0;
50 57,0 0,0 1,0 0,1.0;50 57,0 0,1 0,0 0,1.0;
57 58,0 0,1 0,0 0,1.0;57 58,0 0,0 1,0 0,1.0;
58 59 60 61,0 1 2 3,1 1 1 1,0 0 0 0,0.9228143867310103;58 59 60 61,0 0 1 2,1 0 1 1,0 0 0 0,1.0;58 59 60 61,0 0 1 2,0 1 1 1,0 0 0 0,1.0;58 59 60 61,0 1 0 2,1 1 0 1,0 0 0 0,1.0;58 59 60 61,0 1 0 2,0 1 1 1,0 0 0 0,1.0;58 59 60 61,0 1 1 2,1 1 0 1,0 0 0 0,1.0;58 59 60 61,0 1 1 2,1 0 1 1,0 0 0 0,1.0;58 59 60 61,0 0 0 1,1 0 0 1,0 0 0 0,1.0;58 59 60 61,0 0 0 1,0 1 0 1,0 0 0 0,1.0;58 59 60 61,0 0 0 1,0 0 1 1,0 0 0 0,1.0;58 59 60 61,0 1 2 0,1 1 1 0,0 0 0 0,0.7572232792622782;58 59 60 61,0 1 2 0,0 1 1 1,0 0 0 0,0.8389822080532754;58 59 60 61,0 1 2 1,1 1 1 0,0 0 0 0,0.7932750173200833;58 59 60 61,0 1 2 1,1 0 1 1,0 0 0 0,0.7533208138696177;58 59 60 61,0 1 2 2,1 1 1 0,0 0 0 0,0.7131646604620518;58 59 60 61,0 1 2 2,1 1 0 1,0 0 0 0,0.748999764420367;58 59 60 61,0 0 1 0,1 0 1 0,0 0 0 0,0.6675395171000045;58 59 60 61,0 0 1 0,0 1 1 0,0 0 0 0,0.7938372831935123;58 59 60 61,0 0 1 0,0 0 1 1,0 0 0 0,0.7413887049859716;58 59 60 61,0 0 1 1,1 0 1 0,0 0 0 0,0.25289226718291724;58 59 60 61,0 0 1 1,1 0 0 1,0 0 0 0,0.29158987409263415;58 59 60 61,0 0 1 1,0 1 1 0,0 0 0 0,0.4081649855673224;58 59 60 61,0 0 1 1,0 1 0 1,0 0 0 0,0.4468625924770392;58 59 60 61,0 1 0 0,1 1 0 0,0 0 0 0,0.6920102531524149;58 59 60 61,0 1 0 0,0 1 1 0,0 0 0 0,0.7897680905564188;58 59 60 61,0 1 0 0,0 1 0 1,0 0 0 0,0.8213217791668324;58 59 60 61,0 1 0 1,1 1 0 0,0 0 0 0,0.5912527060634343;58 59 60 61,0 1 0 1,1 0 0 1,0 0 0 0,0.535487078984772;58 59 60 61,0 1 0 1,0 1 1 0,0 0 0 0,0.6520621904594603;58 59 60 61,0 1 0 1,0 0 1 1,0 0 0 0,0.5962965633807982;58 59 60 61,0 1 1 0,1 1 0 0,0 0 0 0,0.48379008597864503;58 59 60 61,0 1 1 0,1 0 1 0,0 0 0 0,0.38932685199026607;58 59 60 61,0 1 1 0,0 1 0 1,0 0 0 0,0.5832971772843879;58 59 60 61,0 1 1 0,0 0 1 1,0 0 0 0,0.48883394329600893;58 59 60 61,0 1 1 1,1 1 0 0,0 0 0 0,0.8045015892982099;58 59 60 61,0 1 1 1,1 0 1 0,0 0 0 0,0.6819845875142265;58 59 60 61,0 1 1 1,1 0 0 1,0 0 0 0,0.6929509619864165;58 59 60 61,0 0 0 0,1 0 0 0,0 0 0 0,0.3635514751390634;58 59 60 61,0 0 0 0,0 1 0 0,0 0 0 0,0.6590555696261666;58 59 60 61,0 0 0 0,0 0 1 0,0 0 0 0,0.5122736121584036;58 59 60 61,0 0 0 0,0 0 0 1,0 0 0 0,0.5209086006884878;
59 62,0 0,1 0,0 0,1.0;59 62,0 0,0 1,0 0,1.0;
62 63,0 0,1 0,0 0,1.0;62 63,0 0,0 1,0 0,1.0;
54 64,0 0,0 1,0 0,1.0;54 64,0 0,1 0,0 0,1.0;
60 64,0 0,0 1,0 0,1.0;60 64,0 0,1 0,0 0,1.0;
61 65,0 0,0 1,0 0,1.0;61 65,0 0,1 0,0 0,1.0;
65 66,0 0,1 0,0 0,1.0;65 66,0 0,0 1,0 0,1.0;
66,0,1,0,0.8744353776062556;
22 67,0 0,0 1,0 0,1.0;22 67,0 0,1 0,0 0,1.0;
67 68 69 70,0 1 2 3,1 1 1 1,0 0 0 0,0.9279580148808373;67 68 69 70,0 0 1 2,1 0 1 1,0 0 0 0,1.0;67 68 69 70,0 0 1 2,0 1 1 1,0 0 0 0,1.0;67 68 69 70,0 1 0 2,1 1 0 1,0 0 0 0,1.0;67 68 69 70,0 1 0 2,0 1 1 1,0 0 0 0,1.0;67 68 69 70,0 1 1 2,1 1 0 1,0 0 0 0,1.0;67 68 69 70,0 1 1 2,1 0 1 1,0 0 0 0,1.0;67 68 69 70,0 0 0 1,1 0 0 1,0 0 0 0,1.0;67 68 69 70,0 0 0 1,0 1 0 1,0 0 0 0,1.0;67 68 69 70,0 0 0 1,0 0 1 1,0 0 0 0,1.0;67 68 69 70,0 1 2 0,1 1 1 0,0 0 0 0,0.7957162928869284;67 68 69 70,0 1 2 0,0 1 1 1,0 0 0 0,0.8537816112235579;67 68 69 70,0 1 2 1,1 1 1 0,0 0 0 0,0.7682403352689147;67 68 69 70,0 1 2 1,1 0 1 1,0 0 0 0,0.7439458580582011;67 68 69 70,0 1 2 2,1 1 1 0,0 0 0 0,0.7276903552183247;67 68 69 70,0 1 2 2,1 1 0 1,0 0 0 0,0.7433579358793401;67 68 69 70,0 0 1 0,1 0 1 0,0 0 0 0,0.6528588519254621;67 68 69 70,0 0 1 0,0 1 1 0,0 0 0 0,0.7649231071195205;67 68 69 70,0 0 1 0,0 0 1 1,0 0 0 0,0.7653962213301635;67 68 69 70,0 0 1 1,1 0 1 0,0 0 0 0,0.29432448669083977;67 68 69 70,0 0 1 1,1 0 0 1,0 0 0 0,0.3151177032564546;67 68 69 70,0 0 1 1,0 1 1 0,0 0 0 0,0.40007896624462513;67 68 69 70,0 0 1 1,0 1 0 1,0 0 0 0,0.42087218281023997;67 68 69 70,0 1 0 0,1 1 0 0,0 0 0 0,0.6708222622301985;67 68 69 70,0 1 0 0,0 1 1 0,0 0 0 0,0.7524250541167141;67 68 69 70,0 1 0 0,0 1 0 1,0 0 0 0,0.7849010635247928;67 68 69 70,0 1 0 1,1 1 0 0,0 0 0 0,0.4565137348055033;67 68 69 70,0 1 0 1,1 0 0 1,0 0 0 0,0.4266661634191632;67 68 69 70,0 1 0 1,0 1 1 0,0 0 0 0,0.5116274264073337;67 68 69 70,0 1 0 1,0 0 1 1,0 0 0 0,0.48177985502099363;67 68 69 70,0 1 1 0,1 1 0 0,0 0 0 0,0.5827015507770443;67 68 69 70,0 1 1 0,1 0 1 0,0 0 0 0,0.5320607628250894;67 68 69 70,0 1 1 0,0 1 0 1,0 0 0 0,0.6586084589444896;67 68 69 70,0 1 1 0,0 0 1 1,0 0 0 0,0.6079676709925348;67 68 69 70,0 1 1 1,1 1 0 0,0 0 0 0,0.8221894159879402;67 68 69 70,0 1 1 1,1 0 1 0,0 0 0 0,0.6502390542912819;67 68 69 70,0 1 1 1,1 0 0 1,0 0 0 0,0.7405325797528475;67 68 69 70,0 0 0 0,1 0 0 0,0 0 0 0,0.4428297961918286;67 68 69 70,0 0 0 0,0 1 0 0,0 0 0 0,0.6661255081207743;67 68 69 70,0 0 0 0,0 0 1 0,0 0 0 0,0.48273427764327514;67 68 69 70,0 0 0 0,0 0 0 1,0 0 0 0,0.5909672152051955;
68 71,0 0,1 0,0 0,1.0;68 71,0 0,0 1,0 0,1.0;
15 71,0 0,0 1,0 0,1.0;15 71,0 0,1 0,0 0,1.0;
11 72,0 0,0 1,0 0,1.0;11 72,0 0,1 0,0 0,1.0;
69 72,0 0,0 1,0 0,1.0;69 72,0 0,1 0,0 0,1.0;
73,0,1,0,0.8960073429342242;
25 74,0 0,1 0,0 0,1.0;25 74,0 0,0 1,0 0,1.0;
75 76,0 0,1 0,0 0,1.0;75 76,0 0,0 1,0 0,1.0;
40 77,0 0,1 0,0 0,1.0;40 77,0 0,0 1,0 0,1.0;
77 78 79,0 1 2,1 1 1,0 0 0,0.9320661622562413;77 78 79,0 0 1,1 0 1,0 0 0,1.0;77 78 79,0 0 1,0 1 1,0 0 0,1.0;77 78 79,0 1 0,1 1 0,0 0 0,0.6532255591535016;77 78 79,0 1 0,0 1 1,0 0 0,0.8073955368469877;77 78 79,0 1 1,1 1 0,0 0 0,0.726480190021932;77 78 79,0 1 1,1 0 1,0 0 0,0.680782639648479;77 78 79,0 0 0,1 0 0,0 0 0,0.45005292780489414;77 78 79,0 0 0,0 1 0,0 0 0,0.6504017837893734;77 78 79,0 0 0,0 0 1,0 0 0,0.6038042722530998;
78 80,0 0,0 1,0 0,1.0;78 80,0 0,1 0,0 0,1.0;
80 81,0 0,1 0,0 0,1.0;80 81,0 0,0 1,0 0,1.0;
81 82 83 84,0 1 2 3,1 1 1 1,0 0 0 0,0.9185025117284515;81 82 83 84,0 0 1 2,1 0 1 1,0 0 0 0,1.0;81 82 83 84,0 0 1 2,0 1 1 1,0 0 0 0,1.0;81 82 83 84,0 1 0 2,1 1 0 1,0 0 0 0,1.0;81 82 83 84,0 1 0 2,0 1 1 1,0 0 0 0,1.0;81 82 83 84,0 1 1 2,1 1 0 1,0 0 0 0,1.0;81 82 83 84,0 1 1 2,1 0 1 1,0 0 0 0,1.0;81 82 83 84,0 0 0 1,1 0 0 1,0 0 0 0,1.0;81 82 83 84,0 0 0 1,0 1 0 1,0 0 0 0,1.0;81 82 83 84,0 0 0 1,0 0 1 1,0 0 0 0,1.0;81 82 83 84,0 1 2 0,1 1 1 0,0 0 0 0,1.0;81 82 83 84,0 1 2 0,0 1 1 1,0 0 0 0,1.0;81 82 83 84,0 1 2 1,1 1 1 0,0 0 0 0,1.0;81 82 83 84,0 1 2 1,1 0 1 1,0 0 0 0,1.0;81 82 83 84,0 1 2 2,1 1 1 0,0 0 0 0,1.0;81 82 83 84,0 1 2 2,1 1 0 1,0 0 0 0,1.0;81 82 83 84,0 0 1 0,1 0 1 0,0 0 0 0,0.6602749413332194;81 82 83 84,0 0 1 0,0 1 1 0,0 0 0 0,0.7634463392339742;81 82 83 84,0 0 1 0,0 0 1 1,0 0 0 0,0.7514021520116603;81 82 83 84,0 0 1 1,1 0 1 0,0 0 0 0,0.2688339291481876;81 82 83 84,0 0 1 1,1 0 0 1,0 0 0 0,0.2930300793596099;81 82 83 84,0 0 1 1,0 1 1 0,0 0 0 0,0.4321117389769197;81 82 83 84,0 0 1 1,0 1 0 1,0 0 0 0,0.456307889188342;81 82 83 84,0 1 0 0,1 1 0 0,0 0 0 0,1.0;81 82 83 84,0 1 0 0,0 1 1 0,0 0 0 0,1.0;81 82 83 84,0 1 0 0,0 1 0 1,0 0 0 0,1.0;81 82 83 84,0 1 0 1,1 1 0 0,0 0 0 0,1.0;81 82 83 84,0 1 0 1,1 0 0 1,0 0 0 0,1.0;81 82 83 84,0 1 0 1,0 1 1 0,0 0 0 0,1.0;81 82 83 84,0 1 0 1,0 0 1 1,0 0 0 0,1.0;81 82 83 84,0 1 1 0,1 1 0 0,0 0 0 0,0.5279708255285254;81 82 83 84,0 1 1 0,1 0 1 0,0 0 0 0,0.45087265232775786;81 82 83 84,0 1 1 0,0 1 0 1,0 0 0 0,0.6383466123679122;81 82 83 84,0 1 1 0,0 0 1 1,0 0 0 0,0.5612484391671447;81 82 83 84,0 1 1 1,1 1 0 0,0 0 0 0,0.7737073530354187;81 82 83 84,0 1 1 1,1 0 1 0,0 0 0 0,0.6652307999023257;81 82 83 84,0 1 1 1,1 0 0 1,0 0 0 0,0.6953641605892563;81 82 83 84,0 0 0 0,1 0 0 0,0 0 0 0,0.3809784286409277;81 82 83 84,0 0 0 0,0 1 0 0,0 0 0 0,0.6440237734562988;81 82 83 84,0 0 0 0,0 0 1 0,0 0 0 0,0.49166677831561645;81 82 83 84,0 0 0 0,0 0 0 1,0 0 0 0,0.534189806877348;
82 85,0 0,1 0,0 0,1.0;82 85,0 0,0 1,0 0,1.0;
79 86,0 0,0 1,0 0,1.0;79 86,0 0,1 0,0 0,1.0;
38 87,0 0,1 0,0 0,1.0;38 87,0 0,0 1,0 0,1.0;
87 88,0 0,0 1,0 0,1.0;87 88,0 0,1 0,0 0,1.0;
89 90,0 0,1 0,0 0,1.0;89 90,0 0,0 1,0 0,1.0;
34 91,0 0,1 0,0 0,1.0;34 91,0 0,0 1,0 0,1.0;
91 92,0 0,1 0,0 0,1.0;91 92,0 0,0 1,0 0,1.0;
93 94,0 0,1 0,0 0,1.0;93 94,0 0,0 1,0 0,1.0;
93 95,0 0,1 0,0 0,1.0;93 95,0 0,0 1,0 0,1.0;
95,0,1,0,0.8896164266622416;
96 97,0 0,1 0,0 0,1.0;96 97,0 0,0 1,0 0,1.0;
96 98,0 0,1 0,0 0,1.0;96 98,0 0,0 1,0 0,1.0;
98 99 100 101,0 1 2 3,1 1 1 1,0 0 0 0,0.9144675006034126;98 99 100 101,0 0 1 2,1 0 1 1,0 0 0 0,0.6734788565376191;98 99 100 101,0 0 1 2,0 1 1 1,0 0 0 0,0.7859932762985107;98 99 100 101,0 1 0 2,1 1 0 1,0 0 0 0,0.774516078672727;98 99 100 101,0 1 0 2,0 1 1 1,0 0 0 0,0.8275512682477437;98 99 100 101,0 1 1 2,1 1 0 1,0 0 0 0,0.8188669134914092;98 99 100 101,0 1 1 2,1 0 1 1,0 0 0 0,0.7593876833055342;98 99 100 101,0 0 0 1,1 0 0 1,0 0 0 0,0.7086819515514586;98 99 100 101,0 0 0 1,0 1 0 1,0 0 0 0,0.814973561428342;98 99 100 101,0 0 0 1,0 0 1 1,0 0 0 0,0.7355641380971352;98 99 100 101,0 1 2 0,1 1 1 0,0 0 0 0,0.7956539202366846;98 99 100 101,0 1 2 0,0 1 1 1,0 0 0 0,0.8614621620118794;98 99 100 101,0 1 2 1,1 1 1 0,0 0 0 0,0.7692846727897791;98 99 100 101,0 1 2 1,1 0 1 1,0 0 0 0,0.7225784948040822;98 99 100 101,0 1 2 2,1 1 1 0,0 0 0 0,0.7218353388708807;98 99 100 101,0 1 2 2,1 1 0 1,0 0 0 0,0.7346083910710588;98 99 100 101,0 0 1 0,1 0 1 0,0 0 0 0,0.6716182245841888;98 99 100 101,0 0 1 0,0 1 1 0,0 0 0 0,0.7705524728867319;98 99 100 101,0 0 1 0,0 0 1 1,0 0 0 0,0.762224345309717;98 99 100 101,0 0 1 1,1 0 1 0,0 0 0 0,0.273363944061472;98 99 100 101,0 0 1 1,1 0 0 1,0 0 0 0,0.2876428539441882;98 99 100 101,0 0 1 1,0 1 1 0,0 0 0 0,0.41509494990112017;98 99 100 101,0 0 1 1,0 1 0 1,0 0 0 0,0.42937385978383635;98 99 100 101,0 1 0 0,1 1 0 0,0 0 0 0,0.6775656289866747;98 99 100 101,0 1 0 0,0 1 1 0,0 0 0 0,0.7768597750026601;98 99 100 101,0 1 0 0,0 1 0 1,0 0 0 0,0.7977269589521595;98 99 100 101,0 1 0 1,1 1 0 0,0 0 0 0,0.4798141911840439;98 99 100 101,0 1 0 1,1 0 0 1,0 0 0 0,0.42115384274638534;98 99 100 101,0 1 0 1,0 1 1 0,0 0 0 0,0.5486059387033171;98 99 100 101,0 1 0 1,0 0 1 1,0 0 0 0,0.48994559026565865;98 99 100 101,0 1 1 0,1 1 0 0,0 0 0 0,0.5858943145824256;98 99 100 101,0 1 1 0,1 0 1 0,0 0 0 0,0.5129550562620506;98 99 100 101,0 1 1 0,0 1 0 1,0 0 0 0,0.6689649719844151;98 99 100 101,0 1 1 0,0 0 1 1,0 0 0 0,0.5960257136640401;98 99 100 101,0 1 1 1,1 1 0 0,0 0 0 0,0.7941269009390599;98 99 100 101,0 1 1 1,1 0 1 0,0 0 0 0,0.6783871041353378;98 99 100 101,0 1 1 1,1 0 0 1,0 0 0 0,0.7086819515514587;98 99 100 101,0 0 0 0,1 0 0 0,0 0 0 0,0.3980475706055916;98 99 100 101,0 0 0 0,0 1 0 0,0 0 0 0,0.6570146369653405;98 99 100 101,0 0 0 0,0 0 1 0,0 0 0 0,0.49889944198845493;98 99 100 101,0 0 0 0,0 0 0 1,0 0 0 0,0.5562446098736071;
99 102,0 0,1 0,0 0,1.0;99 102,0 0,0 1,0 0,1.0;
44 103,0 0,1 0,0 0,1.0;44 103,0 0,0 1,0 0,1.0;
103 104 105,0 1 2,1 1 1,0 0 0,0.9225358943935995;103 104 105,0 0 1,0 1 1,0 0 0,0.6877352930214451;103 104 105,0 0 1,1 0 1,0 0 0,0.58012863945392;103 104 105,0 1 0,0 1 1,0 0 0,1.0;103 104 105,0 1 0,1 1 0,0 0 0,1.0;103 104 105,0 1 1,1 1 0,0 0 0,0.782852667339796;103 104 105,0 1 1,1 0 1,0 0 0,0.7108880104223763;103 104 105,0 0 0,0 1 0,0 0 0,0.7207273116640395;103 104 105,0 0 0,0 0 1,0 0 0,0.5128567186351036;103 104 105,0 0 0,1 0 0,0 0 0,0.5489849135407627;
104 106,0 0,1 0,0 0,1.0;104 106,0 0,0 1,0 0,1.0;
106 107,0 0,1 0,0 0,1.0;106 107,0 0,0 1,0 0,1.0;
107,0,1,0,0.8673370643528792;
108 109,0 0,1 0,0 0,1.0;108 109,0 0,0 1,0 0,1.0;
108 110,0 0,1 0,0 0,1.0;108 110,0 0,0 1,0 0,1.0;
110 111 112,0 1 2,1 1 1,0 0 0,0.9223156320492886;110 111 112,0 0 1,1 0 1,0 0 0,0.5650891666909559;110 111 112,0 0 1,0 1 1,0 0 0,0.7065331183138841;110 111 112,0 1 0,0 1 1,0 0 0,0.7664528613407804;110 111 112,0 1 0,1 1 0,0 0 0,0.7172044923020047;110 111 112,0 1 1,1 0 1,0 0 0,0.661861541759938;110 111 112,0 1 1,1 1 0,0 0 0,0.7540571243440908;110 111 112,0 0 0,0 0 1,0 0 0,0.489458178756886;110 111 112,0 0 0,1 0 0,0 0 0,0.4502532368881478;110 111 112,0 0 0,0 1 0,0 0 0,0.6619617342782698;
111 113,0 0,0 1,0 0,1.0;111 113,0 0,1 0,0 0,1.0;
113 114 115,0 1 2,1 1 1,0 0 0,0.9185795870606959;113 114 115,0 0 1,1 0 1,0 0 0,0.5676686062449467;113 114 115,0 0 1,0 1 1,0 0 0,0.7423229781275926;113 114 115,0 1 0,1 1 0,0 0 0,0.7267166394061946;113 114 115,0 1 0,0 1 1,0 0 0,0.8254323477060135;113 114 115,0 1 1,1 1 0,0 0 0,0.6988446035573503;113 114 115,0 1 1,1 0 1,0 0 0,0.6229059399745234;113 114 115,0 0 0,1 0 0,0 0 0,0.3918326949624723;113 114 115,0 0 0,0 1 0,0 0 0,0.616290002042793;113 114 115,0 0 0,0 0 1,0 0 0,0.5330821850568598;
114 116,0 0,1 0,0 0,1.0;114 116,0 0,0 1,0 0,1.0;
116 117,0 0,1 0,0 0,1.0;116 117,0 0,0 1,0 0,1.0;
117 118 119 120,0 1 2 3,1 1 1 1,0 0 0 0,0.9145273225166225;117 118 119 120,0 0 1 2,1 0 1 1,0 0 0 0,0.6666593616031917;117 118 119 120,0 0 1 2,0 1 1 1,0 0 0 0,0.7881206253361883;117 118 119 120,0 1 0 2,1 1 0 1,0 0 0 0,0.7214349189663612;117 118 119 120,0 1 0 2,0 1 1 1,0 0 0 0,0.8191904433666912;117 118 119 120,0 1 1 2,1 1 0 1,0 0 0 0,0.7794243248593289;117 118 119 120,0 1 1 2,1 0 1 1,0 0 0 0,0.7557185855266624;117 118 119 120,0 0 0 1,1 0 0 1,0 0 0 0,0.6655303806899139;117 118 119 120,0 0 0 1,0 1 0 1,0 0 0 0,0.7703946384242739;117 118 119 120,0 0 0 1,0 0 1 1,0 0 0 0,0.7682821365084225;117 118 119 120,0 1 2 0,0 1 1 1,0 0 0 0,0.8839336821585844;117 118 119 120,0 1 2 0,1 1 1 0,0 0 0 0,0.8740475563445491;117 118 119 120,0 1 2 1,1 0 1 1,0 0 0 0,0.6820472794673367;117 118 119 120,0 1 2 1,1 1 1 0,0 0 0 0,0.793622417386298;117 118 119 120,0 1 2 2,1 1 0 1,0 0 0 0,0.6944576506178479;117 118 119 120,0 1 2 2,1 1 1 0,0 0 0 0,0.7823270492041428;117 118 119 120,0 0 1 0,0 0 1 1,0 0 0 0,0.7755654562728072;117 118 119 120,0 0 1 0,1 0 1 0,0 0 0 0,0.7404814632876529;117 118 119 120,0 0 1 0,0 1 1 0,0 0 0 0,0.8901599210251674;117 118 119 120,0 0 1 1,1 0 0 1,0 0 0 0,0.22805474278239224;117 118 119 120,0 0 1 1,1 0 1 0,0 0 0 0,0.342541164456885;117 118 119 120,0 0 1 1,0 1 0 1,0 0 0 0,0.38349040962374636;117 118 119 120,0 0 1 1,0 1 1 0,0 0 0 0,0.4979768312982391;117 118 119 120,0 1 0 0,0 1 0 1,0 0 0 0,0.8061653018474257;117 118 119 120,0 1 0 0,1 1 0 0,0 0 0 0,0.7098414834028517;117 118 119 120,0 1 0 0,0 1 1 0,0 0 0 0,0.8901599210251673;117 118 119 120,0 1 0 1,1 0 0 1,0 0 0 0,0.2916025221013794;117 118 119 120,0 1 0 1,1 1 0 0,0 0 0 0,0.4354502777033985;117 118 119 120,0 1 0 1,0 0 1 1,0 0 0 0,0.41767685501520735;117 118 119 120,0 1 0 1,0 1 1 0,0 0 0 0,0.5615246106172265;117 118 119 120,0 1 1 0,0 1 0 1,0 0 0 0,0.6546600062195618;117 118 119 120,0 1 1 0,0 0 1 1,0 0 0 0,0.6252986722920356;117 118 119 120,0 1 1 0,1 1 0 0,0 0 0 0,0.6430720949802267;117 118 119 120,0 1 1 0,1 0 1 0,0 0 0 0,0.6137107610527006;117 118 119 120,0 1 1 1,1 0 0 1,0 0 0 0,0.665530380689914;117 118 119 120,0 1 1 1,1 1 0 0,0 0 0 0,0.7510692591382572;117 118 119 120,0 1 1 1,1 0 1 0,0 0 0 0,0.7498131712714913;117 118 119 120,0 0 0 0,0 0 0 1,0 0 0 0,0.5389556217776197;117 118 119 120,0 0 0 0,1 0 0 0,0 0 0 0,0.5052060143957402;117 118 119 120,0 0 0 0,0 1 0 0,0 0 0 0,0.6828787489643504;117 118 119 120,0 0 0 0,0 0 1 0,0 0 0 0,0.6523658679304845;
118 121,0 0,0 1,0 0,1.0;118 121,0 0,1 0,0 0,1.0;
121 122 123,0 1 2,1 1 1,0 0 0,0.929568374373579;121 122 123,0 0 1,1 0 1,0 0 0,0.6340560681538224;121 122 123,0 0 1,0 1 1,0 0 0,0.7834658693695489;121 122 123,0 1 0,1 1 0,0 0 0,1.0;121 122 123,0 1 0,0 1 1,0 0 0,1.0;121 122 123,0 1 1,1 1 0,0 0 0,0.6903031280427556;121 122 123,0 1 1,1 0 1,0 0 0,0.7272786181113742;121 122 123,0 0 0,1 0 0,0 0 0,0.4692535742411672;121 122 123,0 0 0,0 1 0,0 0 0,0.6395859816091276;121 122 123,0 0 0,0 0 1,0 0 0,0.6312424157907901;
124 125 126,0 1 2,1 1 1,0 0 0,0.9183417792029619;124 125 126,0 0 1,1 0 1,0 0 0,0.7110335479673597;124 125 126,0 0 1,0 1 1,0 0 0,0.5951318021352454;124 125 126,0 1 0,1 1 0,0 0 0,0.732429546542898;124 125 126,0 1 0,0 1 1,0 0 0,0.5395708355624913;124 125 126,0 1 1,1 1 0,0 0 0,0.8587323797292127;124 125 126,0 1 1,1 0 1,0 0 0,0.7817754145809201;124 125 126,0 0 0,1 0 0,0 0 0,0.7017273313890455;124 125 126,0 0 0,0 1 0,0 0 0,0.5722264589720252;124 125 126,0 0 0,0 0 1,0 0 0,0.49966308248587243;
124 127,0 0,1 0,0 0,1.0;124 127,0 0,0 1,0 0,1.0;
127 128 129 130,0 1 2 3,1 1 1 1,0 0 0 0,0.9147522209211386;127 128 129 130,0 0 1 2,0 1 1 1,0 0 0 0,0.7944462799547982;127 128 129 130,0 0 1 2,1 0 1 1,0 0 0 0,0.6629417502923172;127 128 129 130,0 1 0 2,0 1 1 1,0 0 0 0,1.0;127 128 129 130,0 1 0 2,1 1 0 1,0 0 0 0,1.0;127 128 129 130,0 1 1 2,1 1 0 1,0 0 0 0,0.7899214149605926;127 128 129 130,0 1 1 2,1 0 1 1,0 0 0 0,0.7025290105917043;127 128 129 130,0 0 0 1,0 1 0 1,0 0 0 0,0.819053215602604;127 128 129 130,0 0 0 1,0 0 1 1,0 0 0 0,0.7351744406136571;127 128 129 130,0 0 0 1,1 0 0 1,0 0 0 0,0.6928636792106841;127 128 129 130,0 1 2 0,0 1 1 1,0 0 0 0,1.0;127 128 129 130,0 1 2 0,1 1 1 0,0 0 0 0,1.0;127 128 129 130,0 1 2 1,1 1 1 0,0 0 0 0,0.7863738964008429;127 128 129 130,0 1 2 1,1 0 1 1,0 0 0 0,0.7312903538438943;127 128 129 130,0 1 2 2,1 1 1 0,0 0 0 0,1.0;127 128 129 130,0 1 2 2,1 1 0 1,0 0 0 0,1.0;127 128 129 130,0 0 1 0,0 1 1 0,0 0 0 0,0.7632942116609039;127 128 129 130,0 0 1 0,0 0 1 1,0 0 0 0,0.7446994262007565;127 128 129 130,0 0 1 0,1 0 1 0,0 0 0 0,0.6682693185544386;127 128 129 130,0 0 1 1,0 1 1 0,0 0 0 0,0.4291450675852643;127 128 129 130,0 0 1 1,0 1 0 1,0 0 0 0,0.46937826961961393;127 128 129 130,0 0 1 1,1 0 1 0,0 0 0 0,0.260455918118483;127 128 129 130,0 0 1 1,1 0 0 1,0 0 0 0,0.30068912015283256;127 128 129 130,0 1 0 0,0 1 1 0,0 0 0 0,1.0;127 128 129 130,0 1 0 0,0 1 0 1,0 0 0 0,1.0;127 128 129 130,0 1 0 0,1 1 0 0,0 0 0 0,1.0;127 128 129 130,0 1 0 1,0 1 1 0,0 0 0 0,0.6401238027726366;127 128 129 130,0 1 0 1,0 0 1 1,0 0 0 0,0.5668873705040158;127 128 129 130,0 1 0 1,1 1 0 0,0 0 0 0,0.5849042876088255;127 128 129 130,0 1 0 1,1 0 0 1,0 0 0 0,0.5116678553402048;127 128 129 130,0 1 1 0,0 1 0 1,0 0 0 0,0.6249068122467685;127 128 129 130,0 1 1 0,0 0 1 1,0 0 0 0,0.5114371779437983;127 128 129 130,0 1 1 0,1 1 0 0,0 0 0 0,0.5294540950486077;127 128 129 130,0 1 1 0,1 0 1 0,0 0 0 0,0.41598446074563766;127 128 129 130,0 1 1 1,1 1 0 0,0 0 0 0,0.7704027421168451;127 128 129 130,0 1 1 1,1 0 1 0,0 0 0 0,0.6487815790282366;127 128 129 130,0 1 1 1,1 0 0 1,0 0 0 0,0.6829303163085234;127 128 129 130,0 0 0 0,0 1 0 0,0 0 0 0,0.6354190655155874;127 128 129 130,0 0 0 0,0 0 1 0,0 0 0 0,0.5063900301769295;127 128 129 130,0 0 0 0,0 0 0 1,0 0 0 0,0.5513988727716685;127 128 129 130,0 0 0 0,1 0 0 0,0 0 0 0,0.3896663460366485;
128 131,0 0,1 0,0 0,1.0;128 131,0 0,0 1,0 0,1.0;
131 132 133,0 1 2,1 1 1,0 0 0,0.9307775383872712;131 132 133,0 0 1,1 0 1,0 0 0,1.0;131 132 133,0 0 1,0 1 1,0 0 0,1.0;131 132 133,0 1 0,1 1 0,0 0 0,1.0;131 132 133,0 1 0,0 1 1,0 0 0,1.0;131 132 133,0 1 1,1 1 0,0 0 0,1.0;131 132 133,0 1 1,1 0 1,0 0 0,1.0;131 132 133,0 0 0,1 0 0,0 0 0,1.0;131 132 133,0 0 0,0 1 0,0 0 0,1.0;131 132 133,0 0 0,0 0 1,0 0 0,1.0;
134 135,0 0,1 0,0 0,1.0;134 135,0 0,0 1,0 0,1.0;
134 136,0 0,0 1,0 0,1.0;134 136,0 0,1 0,0 0,1.0;
136 137 138,0 1 2,1 1 1,0 0 0,0.927136008555392;136 137 138,0 0 1,1 0 1,0 0 0,0.5508919834866777;136 137 138,0 0 1,0 1 1,0 0 0,0.7439389005914033;136 137 138,0 1 0,1 1 0,0 0 0,0.7203115847684484;136 137 138,0 1 0,0 1 1,0 0 0,0.8459438517849295;136 137 138,0 1 1,1 1 0,0 0 0,0.7134449838445877;136 137 138,0 1 1,1 0 1,0 0 0,0.6460303337563431;136 137 138,0 0 0,1 0 0,0 0 0,0.39548762810372007;136 137 138,0 0 0,0 1 0,0 0 0,0.6674322209768;136 137 138,0 0 0,0 0 1,0 0 0,0.6080518938470172;
137 139,0 0,1 0,0 0,1.0;137 139,0 0,0 1,0 0,1.0;
139 140,0 0,1 0,0 0,1.0;139 140,0 0,0 1,0 0,1.0;
140 141 142 143,0 1 2 3,1 1 1 1,0 0 0 0,0.9168228032275375;140 141 142 143,0 0 1 2,1 0 1 1,0 0 0 0,0.6639635534893716;140 141 142 143,0 0 1 2,0 1 1 1,0 0 0 0,0.7984572539549141;140 141 142 143,0 1 0 2,1 1 0 1,0 0 0 0,0.8108259639845454;140 141 142 143,0 1 0 2,0 1 1 1,0 0 0 0,0.8717153035814134;140 141 142 143,0 1 1 2,1 1 0 1,0 0 0 0,0.8002961966549862;140 141 142 143,0 1 1 2,1 0 1 1,0 0 0 0,0.7266918357863115;140 141 142 143,0 0 0 1,1 0 0 1,0 0 0 0,0.6749400799814381;140 141 142 143,0 0 0 1,0 1 0 1,0 0 0 0,0.8042695558296564;140 141 142 143,0 0 0 1,0 0 1 1,0 0 0 0,0.7418142700372414;140 141 142 143,0 1 2 0,1 1 1 0,0 0 0 0,0.7527221133457127;140 141 142 143,0 1 2 0,0 1 1 1,0 0 0 0,0.8360739964826358;140 141 142 143,0 1 2 1,1 1 1 0,0 0 0 0,0.7944872994232863;140 141 142 143,0 1 2 1,1 0 1 1,0 0 0 0,0.743345482094667;140 141 142 143,0 1 2 2,1 1 1 0,0 0 0 0,0.7180604898812352;140 141 142 143,0 1 2 2,1 1 0 1,0 0 0 0,0.7405230334212904;140 141 142 143,0 0 1 0,1 0 1 0,0 0 0 0,0.6672942481130736;140 141 142 143,0 0 1 0,0 1 1 0,0 0 0 0,0.7865033364942013;140 141 142 143,0 0 1 0,0 0 1 1,0 0 0 0,0.7409991221875647;140 141 142 143,0 0 1 1,1 0 1 0,0 0 0 0,0.2506592167490127;140 141 142 143,0 0 1 1,1 0 0 1,0 0 0 0,0.27975313094284915;140 141 142 143,0 0 1 1,0 1 1 0,0 0 0 0,0.42355146698319823;140 141 142 143,0 0 1 1,0 1 0 1,0 0 0 0,0.4526453811770347;140 141 142 143,0 1 0 0,1 1 0 0,0 0 0 0,0.6762141256738354;140 141 142 143,0 1 0 0,0 1 1 0,0 0 0 0,0.7762307647051896;140 141 142 143,0 1 0 0,0 1 0 1,0 0 0 0,0.790234505562659;140 141 142 143,0 1 0 1,1 1 0 0,0 0 0 0,0.5694587208236788;140 141 142 143,0 1 0 1,1 0 0 1,0 0 0 0,0.5042804196956745;140 141 142 143,0 1 0 1,0 1 1 0,0 0 0 0,0.6480787557360237;140 141 142 143,0 1 0 1,0 0 1 1,0 0 0 0,0.5829004546080196;140 141 142 143,0 1 1 0,1 1 0 0,0 0 0 0,0.49101629071297925;140 141 142 143,0 1 1 0,1 0 1 0,0 0 0 0,0.39674407539113865;140 141 142 143,0 1 1 0,0 1 0 1,0 0 0 0,0.5987302398191607;140 141 142 143,0 1 1 0,0 0 1 1,0 0 0 0,0.50445802449732;140 141 142 143,0 1 1 1,1 1 0 0,0 0 0 0,0.7876714305015037;140 141 142 143,0 1 1 1,1 0 1 0,0 0 0 0,0.6653257152189097;140 141 142 143,0 1 1 1,1 0 0 1,0 0 0 0,0.6767340255652599;140 141 142 143,0 0 0 0,1 0 0 0,0 0 0 0,0.3760444623915752;140 141 142 143,0 0 0 0,0 1 0 0,0 0 0 0,0.6650317315803365;140 141 142 143,0 0 0 0,0 0 1 0,0 0 0 0,0.5126603285243254;140 141 142 143,0 0 0 0,0 0 0 1,0 0 0 0,0.5340360082648119;
141 144,0 0,0 1,0 0,1.0;141 144,0 0,1 0,0 0,1.0;
144 145,0 0,1 0,0 0,1.0;144 145,0 0,0 1,0 0,1.0;
125 146,0 0,0 1,0 0,1.0;125 146,0 0,1 0,0 0,1.0;
142 146,0 0,0 1,0 0,1.0;142 146,0 0,1 0,0 0,1.0;
143 147,0 0,0 1,0 0,1.0;143 147,0 0,1 0,0 0,1.0;
100 147,0 0,0 1,0 0,1.0;100 147,0 0,1 0,0 0,1.0;
101 148,0 0,0 1,0 0,1.0;101 148,0 0,1 0,0 0,1.0;
83 148,0 0,1 0,0 0,1.0;83 148,0 0,0 1,0 0,1.0;
84 149,0 0,1 0,0 0,1.0;84 149,0 0,0 1,0 0,1.0;
149 150,0 0,1 0,0 0,1.0;149 150,0 0,0 1,0 0,1.0;
150,0,1,0,0.8958956605757312;
115 151,0 0,1 0,0 0,1.0;115 151,0 0,0 1,0 0,1.0;
151 152 153,0 1 2,1 1 1,0 0 0,0.9357843127506619;151 152 153,0 0 1,0 1 1,0 0 0,0.6837645680509197;151 152 153,0 0 1,1 0 1,0 0 0,0.6209421751151308;151 152 153,0 1 0,0 1 1,0 0 0,0.7086141307394159;151 152 153,0 1 0,1 1 0,0 0 0,0.5999062583925068;151 152 153,0 1 1,1 1 0,0 0 0,0.7164835230631008;151 152 153,0 1 1,1 0 1,0 0 0,0.7623690024742212;151 152 153,0 0 0,0 1 0,0 0 0,0.5857187944069515;151 152 153,0 0 0,0 0 1,0 0 0,0.6726805746042726;151 152 153,0 0 0,1 0 0,0 0 0,0.5507371766489622;
152 154,0 0,1 0,0 0,1.0;152 154,0 0,0 1,0 0,1.0;
154 155,0 0,1 0,0 0,1.0;154 155,0 0,0 1,0 0,1.0;
156 157,0 0,1 0,0 0,1.0;156 157,0 0,0 1,0 0,1.0;
158 159,0 0,1 0,0 0,1.0;158 159,0 0,0 1,0 0,1.0;
158 160,0 0,0 1,0 0,1.0;158 160,0 0,1 0,0 0,1.0;
161 162,0 0,1 0,0 0,1.0;161 162,0 0,0 1,0 0,1.0;
161 163,0 0,1 0,0 0,1.0;161 163,0 0,0 1,0 0,1.0;
163,0,1,0,0.8581677048342726;
119 164,0 0,0 1,0 0,1.0;119 164,0 0,1 0,0 0,1.0;
164 165,0 0,1 0,0 0,1.0;164 165,0 0,0 1,0 0,1.0;
166 167 168 169,0 1 2 3,1 1 1 1,0 0 0 0,0.9280900317702585;166 167 168 169,0 0 1 2,1 0 1 1,0 0 0 0,0.8296034479346174;166 167 168 169,0 0 1 2,0 1 1 1,0 0 0 0,0.7517345989837569;166 167 168 169,0 1 0 2,0 1 1 1,0 0 0 0,0.7939417518078449;166 167 168 169,0 1 0 2,1 1 0 1,0 0 0 0,0.7606866886644812;166 167 168 169,0 1 1 2,1 0 1 1,0 0 0 0,0.7972833263646436;166 167 168 169,0 1 1 2,1 1 0 1,0 0 0 0,0.6861594142704195;166 167 168 169,0 0 0 1,0 0 1 1,0 0 0 0,0.7813956893093786;166 167 168 169,0 0 0 1,1 0 0 1,0 0 0 0,0.7327689865565812;166 167 168 169,0 0 0 1,0 1 0 1,0 0 0 0,0.6700954976405333;166 167 168 169,0 1 2 0,0 1 1 1,0 0 0 0,0.7172447601954152;166 167 168 169,0 1 2 0,1 1 1 0,0 0 0 0,0.7387889860923167;166 167 168 169,0 1 2 1,1 0 1 1,0 0 0 0,0.8762687485087866;166 167 168 169,0 1 2 1,1 1 1 0,0 0 0 0,0.8199441254548276;166 167 168 169,0 1 2 2,1 1 1 0,0 0 0 0,0.7972734554434494;166 167 168 169,0 1 2 2,1 1 0 1,0 0 0 0,0.7424741664031841;166 167 168 169,0 0 1 0,0 0 1 1,0 0 0 0,0.7935007647736366;166 167 168 169,0 0 1 0,1 0 1 0,0 0 0 0,0.7966877997690969;166 167 168 169,0 0 1 0,0 1 1 0,0 0 0 0,0.6663375456848284;166 167 168 169,0 0 1 1,1 0 1 0,0 0 0 0,0.5669824570283881;166 167 168 169,0 0 1 1,1 0 0 1,0 0 0 0,0.49556659855868324;166 167 168 169,0 0 1 1,0 1 1 0,0 0 0 0,0.4740583207664959;166 167 168 169,0 0 1 1,0 1 0 1,0 0 0 0,0.402642462296791;166 167 168 169,0 1 0 0,0 1 1 0,0 0 0 0,0.7873835042580875;166 167 168 169,0 1 0 0,0 1 0 1,0 0 0 0,0.6773639660268962;166 167 168 169,0 1 0 0,1 1 0 0,0 0 0 0,0.6839774882292595;166 167 168 169,0 1 0 1,0 0 1 1,0 0 0 0,0.6427659275269282;166 167 168 169,0 1 0 1,0 1 1 0,0 0 0 0,0.5713750550196952;166 167 168 169,0 1 0 1,1 0 0 1,0 0 0 0,0.5928833328118825;166 167 168 169,0 1 0 1,1 1 0 0,0 0 0 0,0.5214924603046497;166 167 168 169,0 1 1 0,0 0 1 1,0 0 0 0,0.4092423068920692;166 167 168 169,0 1 1 0,0 1 0 1,0 0 0 0,0.26643557591513134;166 167 168 169,0 1 1 0,1 0 1 0,0 0 0 0,0.43077557064672833;166 167 168 169,0 1 1 0,1 1 0 0,0 0 0 0,0.2879688396697907;166 167 168 169,0 1 1 1,1 0 1 0,0 0 0 0,0.796687799769097;166 167 168 169,0 1 1 1,1 0 0 1,0 0 0 0,0.7685594674161139;166 167 168 169,0 1 1 1,1 1 0 0,0 0 0 0,0.6816325052726748;166 167 168 169,0 0 0 0,0 0 1 0,0 0 0 0,0.6537247870730012;166 167 168 169,0 0 0 0,0 0 0 1,0 0 0 0,0.5387043487886087;166 167 168 169,0 0 0 0,1 0 0 0,0 0 0 0,0.5084962943302647;166 167 168 169,0 0 0 0,0 1 0 0,0 0 0 0,0.38120626354774634;
166 170,0 0,0 1,0 0,1.0;166 170,0 0,1 0,0 0,1.0;
170 171,0 0,1 0,0 0,1.0;170 171,0 0,0 1,0 0,1.0;
171 172 173,0 1 2,1 1 1,0 0 0,0.9000376423954779;171 172 173,0 0 1,1 0 1,0 0 0,1.0;171 172 173,0 0 1,0 1 1,0 0 0,1.0;171 172 173,0 1 0,1 1 0,0 0 0,0.5968473082293844;171 172 173,0 1 0,0 1 1,0 0 0,0.7410412633628367;171 172 173,0 1 1,1 1 0,0 0 0,0.5425709856081646;171 172 173,0 1 1,1 0 1,0 0 0,0.6927675236256856;171 172 173,0 0 0,1 0 0,0 0 0,0.5211470208535839;171 172 173,0 0 0,0 1 0,0 0 0,0.5471907165261655;171 172 173,0 0 0,0 0 1,0 0 0,0.7350658774207732;
138 174,0 0,1 0,0 0,1.0;138 174,0 0,0 1,0 0,1.0;
120 174,0 0,1 0,0 0,1.0;120 174,0 0,0 1,0 0,1.0;
153 175,0 0,1 0,0 0,1.0;153 175,0 0,0 1,0 0,1.0;
175 176 177,0 1 2,1 1 1,0 0 0,0.9344368674032982;175 176 177,0 0 1,0 1 1,0 0 0,0.7349003951855925;175 176 177,0 0 1,1 0 1,0 0 0,0.5745554206399872;175 176 177,0 1 0,0 1 1,0 0 0,0.780286531714689;175 176 177,0 1 0,1 1 0,0 0 0,0.6229164610873318;175 176 177,0 1 1,1 1 0,0 0 0,0.7104730933063728;175 176 177,0 1 1,1 0 1,0 0 0,0.7074981893881247;175 176 177,0 0 0,0 1 0,0 0 0,0.6263750531805652;175 176 177,0 0 0,0 0 1,0 0 0,0.627312115470118;175 176 177,0 0 0,1 0 0,0 0 0,0.43838239673024115;
176 178,0 0,1 0,0 0,1.0;176 178,0 0,0 1,0 0,1.0;
167 178,0 0,0 1,0 0,1.0;167 178,0 0,1 0,0 0,1.0;
168 179,0 0,1 0,0 0,1.0;168 179,0 0,0 1,0 0,1.0;
172 179,0 0,0 1,0 0,1.0;172 179,0 0,1 0,0 0,1.0;
180 181,0 0,1 0,0 0,1.0;180 181,0 0,0 1,0 0,1.0;
177 182,0 0,1 0,0 0,1.0;177 182,0 0,0 1,0 0,1.0;
182 183,0 0,1 0,0 0,1.0;182 183,0 0,0 1,0 0,1.0;
184 185,0 0,1 0,0 0,1.0;184 185,0 0,0 1,0 0,1.0;
129 184,0 0,0 1,0 0,1.0;129 184,0 0,1 0,0 0,1.0;
130 186,0 0,0 1,0 0,1.0;130 186,0 0,1 0,0 0,1.0;
122 187,0 0,1 0,0 0,1.0;122 187,0 0,0 1,0 0,1.0;
187 188,0 0,1 0,0 0,1.0;187 188,0 0,0 1,0 0,1.0;
188,0,1,0,0.876766257120852;
112 189,0 0,1 0,0 0,1.0;112 189,0 0,0 1,0 0,1.0;
189 190,0 0,1 0,0 0,1.0;189 190,0 0,0 1,0 0,1.0;
191 192,0 0,0 1,0 0,1.0;191 192,0 0,1 0,0 0,1.0;
191 193,0 0,0 1,0 0,1.0;191 193,0 0,1 0,0 0,1.0;
193,0,1,0,0.8977607924443123;
89 194,0 0,1 0,0 0,1.0;89 194,0 0,0 1,0 0,1.0;
194,0,1,0,0.8708217750288554;
86 195,0 0,0 1,0 0,1.0;86 195,0 0,1 0,0 0,1.0;
195,0,1,0,0.8647627179171266;
85 196,0 0,0 1,0 0,1.0;85 196,0 0,1 0,0 0,1.0;
196,0,1,0,0.8572612934335927;
102 197,0 0,0 1,0 0,1.0;102 197,0 0,1 0,0 0,1.0;
197 198 199 200,0 1 2 3,1 1 1 1,0 0 0 0,0.9189936358353227;197 198 199 200,0 0 1 2,1 0 1 1,0 0 0 0,1.0;197 198 199 200,0 0 1 2,0 1 1 1,0 0 0 0,1.0;197 198 199 200,0 1 0 2,1 1 0 1,0 0 0 0,1.0;197 198 199 200,0 1 0 2,0 1 1 1,0 0 0 0,1.0;197 198 199 200,0 1 1 2,1 1 0 1,0 0 0 0,1.0;197 198 199 200,0 1 1 2,1 0 1 1,0 0 0 0,1.0;197 198 199 200,0 0 0 1,1 0 0 1,0 0 0 0,1.0;197 198 199 200,0 0 0 1,0 1 0 1,0 0 0 0,1.0;197 198 199 200,0 0 0 1,0 0 1 1,0 0 0 0,1.0;197 198 199 200,0 1 2 0,0 1 1 1,0 0 0 0,1.0;197 198 199 200,0 1 2 0,1 1 1 0,0 0 0 0,1.0;197 198 199 200,0 1 2 1,1 0 1 1,0 0 0 0,1.0;197 198 199 200,0 1 2 1,1 1 1 0,0 0 0 0,1.0;197 198 199 200,0 1 2 2,1 1 0 1,0 0 0 0,1.0;197 198 199 200,0 1 2 2,1 1 1 0,0 0 0 0,1.0;197 198 199 200,0 0 1 0,0 0 1 1,0 0 0 0,0.762039772824511;197 198 199 200,0 0 1 0,1 0 1 0,0 0 0 0,0.6350136175328911;197 198 199 200,0 0 1 0,0 1 1 0,0 0 0 0,0.7302307552459157;197 198 199 200,0 0 1 1,1 0 0 1,0 0 0 0,0.44928211742540125;197 198 199 200,0 0 1 1,1 0 1 0,0 0 0 0,0.3445005329752163;197 198 199 200,0 0 1 1,0 1 0 1,0 0 0 0,0.5871848014617694;197 198 199 200,0 0 1 1,0 1 1 0,0 0 0 0,0.4824032170115845;197 198 199 200,0 1 0 0,0 1 0 1,0 0 0 0,1.0;197 198 199 200,0 1 0 0,1 1 0 0,0 0 0 0,1.0;197 198 199 200,0 1 0 0,0 1 1 0,0 0 0 0,1.0;197 198 199 200,0 1 0 1,1 0 0 1,0 0 0 0,1.0;197 198 199 200,0 1 0 1,1 1 0 0,0 0 0 0,1.0;197 198 199 200,0 1 0 1,0 0 1 1,0 0 0 0,1.0;197 198 199 200,0 1 0 1,0 1 1 0,0 0 0 0,1.0;197 198 199 200,0 1 1 0,0 1 0 1,0 0 0 0,0.5220744969244944;197 198 199 200,0 1 1 0,0 0 1 1,0 0 0 0,0.42602860628727734;197 198 199 200,0 1 1 0,1 1 0 0,0 0 0 0,0.37543611907515817;197 198 199 200,0 1 1 0,1 0 1 0,0 0 0 0,0.27939022843794126;197 198 199 200,0 1 1 1,1 0 0 1,0 0 0 0,0.7614146889220782;197 198 199 200,0 1 1 1,1 1 0 0,0 0 0 0,0.7134264910773082;197 198 199 200,0 1 1 1,1 0 1 0,0 0 0 0,0.6350136175328911;197 198 199 200,0 0 0 0,0 0 0 1,0 0 0 0,0.7296030663053986;197 198 199 200,0 0 0 0,1 0 0 0,0 0 0 0,0.49112541728209635;197 198 199 200,0 0 0 0,0 1 0 0,0 0 0 0,0.6710512218842082;197 198 199 200,0 0 0 0,0 0 1 0,0 0 0 0,0.5655677586832126;
198 201,0 0,0 1,0 0,1.0;198 201,0 0,1 0,0 0,1.0;
201 202,0 0,1 0,0 0,1.0;201 202,0 0,0 1,0 0,1.0;
202,0,1,0,0.8859647485191778;
199 203,0 0,0 1,0 0,1.0;199 203,0 0,1 0,0 0,1.0;
186 204,0 0,1 0,0 0,1.0;186 204,0 0,0 1,0 0,1.0;
200 205,0 0,1 0,0 0,1.0;200 205,0 0,0 1,0 0,1.0;
205 206,0 0,1 0,0 0,1.0;205 206,0 0,0 1,0 0,1.0;
206,0,1,0,0.8535071710616442;
207 208,0 0,0 1,0 0,1.0;207 208,0 0,1 0,0 0,1.0;
132 209,0 0,0 1,0 0,1.0;132 209,0 0,1 0,0 0,1.0;
209 210,0 0,1 0,0 0,1.0;209 210,0 0,0 1,0 0,1.0;
210,0,1,0,0.8773241463528811;
211 212,0 0,1 0,0 0,1.0;211 212,0 0,0 1,0 0,1.0;
211 213,0 0,1 0,0 0,1.0;211 213,0 0,0 1,0 0,1.0;
213,0,1,0,0.8921338321430192;
133 214,0 0,1 0,0 0,1.0;133 214,0 0,0 1,0 0,1.0;
214 215,0 0,1 0,0 0,1.0;214 215,0 0,0 1,0 0,1.0;
212 215 216,0 1 2,1 1 1,0 0 0,0.9234841315049142;212 215 216,0 0 1,1 0 1,0 0 0,1.0;212 215 216,0 0 1,0 1 1,0 0 0,1.0;212 215 216,0 1 0,0 1 1,0 0 0,1.0;212 215 216,0 1 0,1 1 0,0 0 0,1.0;212 215 216,0 1 1,1 0 1,0 0 0,1.0;212 215 216,0 1 1,1 1 0,0 0 0,1.0;212 215 216,0 0 0,0 0 1,0 0 0,1.0;212 215 216,0 0 0,1 0 0,0 0 0,1.0;212 215 216,0 0 0,0 1 0,0 0 0,1.0;
217 218 219,0 1 2,1 1 1,0 0 0,0.9208919596395886;217 218 219,0 0 1,1 0 1,0 0 0,1.0;217 218 219,0 0 1,0 1 1,0 0 0,1.0;217 218 219,0 1 0,1 1 0,0 0 0,1.0;217 218 219,0 1 0,0 1 1,0 0 0,1.0;217 218 219,0 1 1,1 1 0,0 0 0,1.0;217 218 219,0 1 1,1 0 1,0 0 0,1.0;217 218 219,0 0 0,1 0 0,0 0 0,1.0;217 218 219,0 0 0,0 1 0,0 0 0,1.0;217 218 219,0 0 0,0 0 1,0 0 0,1.0;
217 220,0 0,1 0,0 0,1.0;217 220,0 0,0 1,0 0,1.0;
220 221,0 0,1 0,0 0,1.0;220 221,0 0,0 1,0 0,1.0;
221 222 223,0 1 2,1 1 1,0 0 0,0.9156167203975092;221 222 223,0 0 1,1 0 1,0 0 0,1.0;221 222 223,0 0 1,0 1 1,0 0 0,1.0;221 222 223,0 1 0,1 1 0,0 0 0,1.0;221 222 223,0 1 0,0 1 1,0 0 0,1.0;221 222 223,0 1 1,1 1 0,0 0 0,1.0;221 222 223,0 1 1,1 0 1,0 0 0,1.0;221 222 223,0 0 0,1 0 0,0 0 0,1.0;221 222 223,0 0 0,0 1 0,0 0 0,1.0;221 222 223,0 0 0,0 0 1,0 0 0,1.0;
224 225 226,0 1 2,1 1 1,0 0 0,0.9246323867667798;224 225 226,0 0 1,1 0 1,0 0 0,1.0;224 225 226,0 0 1,0 1 1,0 0 0,1.0;224 225 226,0 1 0,1 1 0,0 0 0,1.0;224 225 226,0 1 0,0 1 1,0 0 0,1.0;224 225 226,0 1 1,1 1 0,0 0 0,1.0;224 225 226,0 1 1,1 0 1,0 0 0,1.0;224 225 226,0 0 0,1 0 0,0 0 0,1.0;224 225 226,0 0 0,0 1 0,0 0 0,1.0;224 225 226,0 0 0,0 0 1,0 0 0,1.0;
224 227,0 0,1 0,0 0,1.0;224 227,0 0,0 1,0 0,1.0;
227 228 229,0 1 2,1 1 1,0 0 0,0.930664167545817;227 228 229,0 0 1,1 0 1,0 0 0,1.0;227 228 229,0 0 1,0 1 1,0 0 0,1.0;227 228 229,0 1 0,1 1 0,0 0 0,1.0;227 228 229,0 1 0,0 1 1,0 0 0,1.0;227 228 229,0 1 1,1 1 0,0 0 0,1.0;227 228 229,0 1 1,1 0 1,0 0 0,1.0;227 228 229,0 0 0,1 0 0,0 0 0,1.0;227 228 229,0 0 0,0 1 0,0 0 0,1.0;227 228 229,0 0 0,0 0 1,0 0 0,1.0;
228 230,0 0,1 0,0 0,1.0;228 230,0 0,0 1,0 0,1.0;
230 231,0 0,1 0,0 0,1.0;230 231,0 0,0 1,0 0,1.0;
231 232 233,0 1 2,1 1 1,0 0 0,0.9213540941142009;231 232 233,0 0 1,0 1 1,0 0 0,1.0;231 232 233,0 0 1,1 0 1,0 0 0,1.0;231 232 233,0 1 0,0 1 1,0 0 0,1.0;231 232 233,0 1 0,1 1 0,0 0 0,1.0;231 232 233,0 1 1,1 1 0,0 0 0,1.0;231 232 233,0 1 1,1 0 1,0 0 0,1.0;231 232 233,0 0 0,0 1 0,0 0 0,1.0;231 232 233,0 0 0,0 0 1,0 0 0,1.0;231 232 233,0 0 0,1 0 0,0 0 0,1.0;
232 234,0 0,1 0,0 0,1.0;232 234,0 0,0 1,0 0,1.0;
225 235,0 0,1 0,0 0,1.0;225 235,0 0,0 1,0 0,1.0;
222 236,0 0,0 1,0 0,1.0;222 236,0 0,1 0,0 0,1.0;
236 237 238,0 1 2,1 1 1,0 0 0,0.9408090405609544;236 237 238,0 0 1,1 0 1,0 0 0,1.0;236 237 238,0 0 1,0 1 1,0 0 0,1.0;236 237 238,0 1 0,1 1 0,0 0 0,1.0;236 237 238,0 1 0,0 1 1,0 0 0,1.0;236 237 238,0 1 1,1 1 0,0 0 0,1.0;236 237 238,0 1 1,1 0 1,0 0 0,1.0;236 237 238,0 0 0,1 0 0,0 0 0,1.0;236 237 238,0 0 0,0 1 0,0 0 0,1.0;236 237 238,0 0 0,0 0 1,0 0 0,1.0;
237 239,0 0,1 0,0 0,1.0;237 239,0 0,0 1,0 0,1.0;
239 240,0 0,0 1,0 0,1.0;239 240,0 0,1 0,0 0,1.0;
240,0,1,0,0.9005634306188431;
241 242 243,0 1 2,1 1 1,0 0 0,0.9313064012959548;241 242 243,0 0 1,1 0 1,0 0 0,1.0;241 242 243,0 0 1,0 1 1,0 0 0,1.0;241 242 243,0 1 0,1 1 0,0 0 0,1.0;241 242 243,0 1 0,0 1 1,0 0 0,1.0;241 242 243,0 1 1,1 1 0,0 0 0,1.0;241 242 243,0 1 1,1 0 1,0 0 0,1.0;241 242 243,0 0 0,1 0 0,0 0 0,1.0;241 242 243,0 0 0,0 1 0,0 0 0,1.0;241 242 243,0 0 0,0 0 1,0 0 0,1.0;
241 244,0 0,1 0,0 0,1.0;241 244,0 0,0 1,0 0,1.0;
244 245,0 0,1 0,0 0,1.0;244 245,0 0,0 1,0 0,1.0;
245,0,1,0,0.8699598722583219;
242 246,0 0,1 0,0 0,1.0;242 246,0 0,0 1,0 0,1.0;
246 247,0 0,1 0,0 0,1.0;246 247,0 0,0 1,0 0,1.0;
247,0,1,0,0.8546368669925666;
233 248,0 0,0 1,0 0,1.0;233 248,0 0,1 0,0 0,1.0;
229 249,0 0,0 1,0 0,1.0;229 249,0 0,1 0,0 0,1.0;
249 250,0 0,1 0,0 0,1.0;249 250,0 0,0 1,0 0,1.0;
250,0,1,0,0.8737350818602231;
156 251,0 0,0 1,0 0,1.0;156 251,0 0,1 0,0 0,1.0;
251,0,1,0,0.8846648069219607;
180 252,0 0,1 0,0 0,1.0;180 252,0 0,0 1,0 0,1.0;
252,0,1,0,0.8668699187205557;
173 253,0 0,0 1,0 0,1.0;173 253,0 0,1 0,0 0,1.0;
253 254,0 0,1 0,0 0,1.0;253 254,0 0,0 1,0 0,1.0;
254,0,1,0,0.8681938962090823;
218 255,0 0,1 0,0 0,1.0;218 255,0 0,0 1,0 0,1.0;
255 256,0 0,0 1,0 0,1.0;255 256,0 0,1 0,0 0,1.0;
256,0,1,0,0.8986814124647999;
207 257,0 0,0 1,0 0,1.0;207 257,0 0,1 0,0 0,1.0;
257,0,1,0,0.8598274862367239;
234 258,0 0,1 0,0 0,1.0;234 258,0 0,0 1,0 0,1.0;
258 259 260 261,0 1 2 3,1 1 1 1,0 0 0 0,0.923918666731252;258 259 260 261,0 0 1 2,1 0 1 1,0 0 0 0,1.0;258 259 260 261,0 0 1 2,0 1 1 1,0 0 0 0,1.0;258 259 260 261,0 1 0 2,1 1 0 1,0 0 0 0,1.0;258 259 260 261,0 1 0 2,0 1 1 1,0 0 0 0,1.0;258 259 260 261,0 1 1 2,1 1 0 1,0 0 0 0,1.0;258 259 260 261,0 1 1 2,1 0 1 1,0 0 0 0,1.0;258 259 260 261,0 0 0 1,1 0 0 1,0 0 0 0,1.0;258 259 260 261,0 0 0 1,0 1 0 1,0 0 0 0,1.0;258 259 260 261,0 0 0 1,0 0 1 1,0 0 0 0,1.0;258 259 260 261,0 1 2 0,1 1 1 0,0 0 0 0,1.0;258 259 260 261,0 1 2 0,0 1 1 1,0 0 0 0,1.0;258 259 260 261,0 1 2 1,1 1 1 0,0 0 0 0,1.0;258 259 260 261,0 1 2 1,1 0 1 1,0 0 0 0,1.0;258 259 260 261,0 1 2 2,1 1 1 0,0 0 0 0,1.0;258 259 260 261,0 1 2 2,1 1 0 1,0 0 0 0,1.0;258 259 260 261,0 0 1 0,1 0 1 0,0 0 0 0,1.0;258 259 260 261,0 0 1 0,0 1 1 0,0 0 0 0,1.0;258 259 260 261,0 0 1 0,0 0 1 1,0 0 0 0,1.0;258 259 260 261,0 0 1 1,1 0 1 0,0 0 0 0,1.0;258 259 260 261,0 0 1 1,1 0 0 1,0 0 0 0,1.0;258 259 260 261,0 0 1 1,0 1 1 0,0 0 0 0,1.0;258 259 260 261,0 0 1 1,0 1 0 1,0 0 0 0,1.0;258 259 260 261,0 1 0 0,1 1 0 0,0 0 0 0,1.0;258 259 260 261,0 1 0 0,0 1 1 0,0 0 0 0,1.0;258 259 260 261,0 1 0 0,0 1 0 1,0 0 0 0,1.0;258 259 260 261,0 1 0 1,1 1 0 0,0 0 0 0,1.0;258 259 260 261,0 1 0 1,1 0 0 1,0 0 0 0,1.0;258 259 260 261,0 1 0 1,0 1 1 0,0 0 0 0,1.0;258 259 260 261,0 1 0 1,0 0 1 1,0 0 0 0,1.0;258 259 260 261,0 1 1 0,1 1 0 0,0 0 0 0,1.0;258 259 260 261,0 1 1 0,1 0 1 0,0 0 0 0,1.0;258 259 260 261,0 1 1 0,0 1 0 1,0 0 0 0,1.0;258 259 260 261,0 1 1 0,0 0 1 1,0 0 0 0,1.0;258 259 260 261,0 1 1 1,1 1 0 0,0 0 0 0,1.0;258 259 260 261,0 1 1 1,1 0 1 0,0 0 0 0,1.0;258 259 260 261,0 1 1 1,1 0 0 1,0 0 0 0,1.0;258 259 260 261,0 0 0 0,1 0 0 0,0 0 0 0,1.0;258 259 260 261,0 0 0 0,0 1 0 0,0 0 0 0,1.0;258 259 260 261,0 0 0 0,0 0 1 0,0 0 0 0,1.0;258 259 260 261,0 0 0 0,0 0 0 1,0 0 0 0,1.0;
259 262,0 0,1 0,0 0,1.0;259 262,0 0,0 1,0 0,1.0;
262 263 264,0 1 2,1 1 1,0 0 0,0.920554467590438;262 263 264,0 0 1,1 0 1,0 0 0,0.5427632991945891;262 263 264,0 0 1,0 1 1,0 0 0,0.7362439184678878;262 263 264,0 1 0,0 1 1,0 0 0,0.8425660892859659;262 263 264,0 1 0,1 1 0,0 0 0,0.7346063900568132;262 263 264,0 1 1,1 0 1,0 0 0,1.0;262 263 264,0 1 1,1 1 0,0 0 0,1.0;262 263 264,0 0 0,0 0 1,0 0 0,0.595135930908386;262 263 264,0 0 0,1 0 0,0 0 0,0.4128813142851123;262 263 264,0 0 0,0 1 0,0 0 0,0.6709858976683827;
263 265,0 0,0 1,0 0,1.0;263 265,0 0,1 0,0 0,1.0;
265 266 267,0 1 2,1 1 1,0 0 0,0.9162625055531255;265 266 267,0 0 1,1 0 1,0 0 0,1.0;265 266 267,0 0 1,0 1 1,0 0 0,1.0;265 266 267,0 1 0,1 1 0,0 0 0,0.5401127167654827;265 266 267,0 1 0,0 1 1,0 0 0,0.7322383905371175;265 266 267,0 1 1,1 1 0,0 0 0,0.632383717619972;265 266 267,0 1 1,1 0 1,0 0 0,0.72439453136827;265 266 267,0 0 0,1 0 0,0 0 0,0.4085322014815431;265 266 267,0 0 0,0 1 0,0 0 0,0.5919114423607772;265 266 267,0 0 0,0 0 1,0 0 0,0.6771909979557316;
268 269 270,0 1 2,1 1 1,0 0 0,0.9292656012551748;268 269 270,0 0 1,1 0 1,0 0 0,1.0;268 269 270,0 0 1,0 1 1,0 0 0,1.0;268 269 270,0 1 0,1 1 0,0 0 0,0.7439947567077516;268 269 270,0 1 0,0 1 1,0 0 0,0.5572470797942476;268 269 270,0 1 1,1 1 0,0 0 0,0.8161518452445093;268 269 270,0 1 1,1 0 1,0 0 0,0.6761168217613419;268 269 270,0 0 0,1 0 0,0 0 0,0.6375470152324082;268 269 270,0 0 0,0 1 0,0 0 0,0.5994396961982672;268 269 270,0 0 0,0 0 1,0 0 0,0.404046634326264;
268 271,0 0,1 0,0 0,1.0;268 271,0 0,0 1,0 0,1.0;
271 272 273,0 1 2,1 1 1,0 0 0,0.9212369877852673;271 272 273,0 0 1,0 1 1,0 0 0,1.0;271 272 273,0 0 1,1 0 1,0 0 0,1.0;271 272 273,0 1 0,0 1 1,0 0 0,0.8490651900832049;271 272 273,0 1 0,1 1 0,0 0 0,0.7559433357607798;271 272 273,0 1 1,1 1 0,0 0 0,0.7144912561669754;271 272 273,0 1 1,1 0 1,0 0 0,0.6121810399305105;271 272 273,0 0 0,0 1 0,0 0 0,0.6482969393298639;271 272 273,0 0 0,0 0 1,0 0 0,0.56908359396513;271 272 273,0 0 0,1 0 0,0 0 0,0.4734031870680202;
272 274,0 0,1 0,0 0,1.0;272 274,0 0,0 1,0 0,1.0;
274 275 276,0 1 2,1 1 1,0 0 0,0.9214122908651212;274 275 276,0 0 1,1 0 1,0 0 0,0.7315534040182874;274 275 276,0 0 1,0 1 1,0 0 0,0.8321824547970542;274 275 276,0 1 0,1 1 0,0 0 0,1.0;274 275 276,0 1 0,0 1 1,0 0 0,1.0;274 275 276,0 1 1,1 1 0,0 0 0,0.6393641347581827;274 275 276,0 1 1,1 0 1,0 0 0,0.7281891852969776;274 275 276,0 0 0,1 0 0,0 0 0,0.4801388439125224;274 275 276,0 0 0,0 1 0,0 0 0,0.5721146377056887;274 275 276,0 0 0,0 0 1,0 0 0,0.6143002590181573;
277 278 279,0 1 2,1 1 1,0 0 0,0.9194624634311926;277 278 279,0 0 1,1 0 1,0 0 0,0.7315096502517007;277 278 279,0 0 1,0 1 1,0 0 0,0.6630477945335297;277 278 279,0 1 0,1 1 0,0 0 0,0.7339626636007004;277 278 279,0 1 0,0 1 1,0 0 0,0.5447689201793086;277 278 279,0 1 1,1 1 0,0 0 0,1.0;277 278 279,0 1 1,1 0 1,0 0 0,1.0;277 278 279,0 0 0,1 0 0,0 0 0,0.6548231423951543;277 278 279,0 0 0,0 1 0,0 0 0,0.5948352124903422;277 278 279,0 0 0,0 0 1,0 0 0,0.4249443724462426;
277 280,0 0,0 1,0 0,1.0;277 280,0 0,1 0,0 0,1.0;
280 281 282,0 1 2,1 1 1,0 0 0,0.9223650122765087;280 281 282,0 0 1,1 0 1,0 0 0,1.0;280 281 282,0 0 1,0 1 1,0 0 0,1.0;280 281 282,0 1 0,1 1 0,0 0 0,1.0;280 281 282,0 1 0,0 1 1,0 0 0,1.0;280 281 282,0 1 1,1 1 0,0 0 0,1.0;280 281 282,0 1 1,1 0 1,0 0 0,1.0;280 281 282,0 0 0,1 0 0,0 0 0,1.0;280 281 282,0 0 0,0 1 0,0 0 0,1.0;280 281 282,0 0 0,0 0 1,0 0 0,1.0;
281 283,0 0,1 0,0 0,1.0;281 283,0 0,0 1,0 0,1.0;
283 284,0 0,1 0,0 0,1.0;283 284,0 0,0 1,0 0,1.0;
284 285 286,0 1 2,1 1 1,0 0 0,0.9217879388669784;284 285 286,0 0 1,1 0 1,0 0 0,1.0;284 285 286,0 0 1,0 1 1,0 0 0,1.0;284 285 286,0 1 0,1 1 0,0 0 0,1.0;284 285 286,0 1 0,0 1 1,0 0 0,1.0;284 285 286,0 1 1,1 1 0,0 0 0,1.0;284 285 286,0 1 1,1 0 1,0 0 0,1.0;284 285 286,0 0 0,1 0 0,0 0 0,1.0;284 285 286,0 0 0,0 1 0,0 0 0,1.0;284 285 286,0 0 0,0 0 1,0 0 0,1.0;
287 288 289,0 1 2,1 1 1,0 0 0,0.9122609472270159;287 288 289,0 0 1,0 1 1,0 0 0,1.0;287 288 289,0 0 1,1 0 1,0 0 0,1.0;287 288 289,0 1 0,0 1 1,0 0 0,1.0;287 288 289,0 1 0,1 1 0,0 0 0,1.0;287 288 289,0 1 1,1 1 0,0 0 0,1.0;287 288 289,0 1 1,1 0 1,0 0 0,1.0;287 288 289,0 0 0,0 1 0,0 0 0,1.0;287 288 289,0 0 0,0 0 1,0 0 0,1.0;287 288 289,0 0 0,1 0 0,0 0 0,1.0;
287 290,0 0,0 1,0 0,1.0;287 290,0 0,1 0,0 0,1.0;
290 291 292,0 1 2,1 1 1,0 0 0,0.9192002634133124;290 291 292,0 0 1,1 0 1,0 0 0,1.0;290 291 292,0 0 1,0 1 1,0 0 0,1.0;290 291 292,0 1 0,1 1 0,0 0 0,1.0;290 291 292,0 1 0,0 1 1,0 0 0,1.0;290 291 292,0 1 1,1 1 0,0 0 0,1.0;290 291 292,0 1 1,1 0 1,0 0 0,1.0;290 291 292,0 0 0,1 0 0,0 0 0,1.0;290 291 292,0 0 0,0 1 0,0 0 0,1.0;290 291 292,0 0 0,0 0 1,0 0 0,1.0;
291 293,0 0,1 0,0 0,1.0;291 293,0 0,0 1,0 0,1.0;
293 294 295 296,0 1 2 3,1 1 1 1,0 0 0 0,0.9212244129497726;293 294 295 296,0 0 1 2,1 0 1 1,0 0 0 0,1.0;293 294 295 296,0 0 1 2,0 1 1 1,0 0 0 0,1.0;293 294 295 296,0 1 0 2,1 1 0 1,0 0 0 0,1.0;293 294 295 296,0 1 0 2,0 1 1 1,0 0 0 0,1.0;293 294 295 296,0 1 1 2,1 1 0 1,0 0 0 0,1.0;293 294 295 296,0 1 1 2,1 0 1 1,0 0 0 0,1.0;293 294 295 296,0 0 0 1,1 0 0 1,0 0 0 0,1.0;293 294 295 296,0 0 0 1,0 1 0 1,0 0 0 0,1.0;293 294 295 296,0 0 0 1,0 0 1 1,0 0 0 0,1.0;293 294 295 296,0 1 2 0,0 1 1 1,0 0 0 0,1.0;293 294 295 296,0 1 2 0,1 1 1 0,0 0 0 0,1.0;293 294 295 296,0 1 2 1,1 0 1 1,0 0 0 0,1.0;293 294 295 296,0 1 2 1,1 1 1 0,0 0 0 0,1.0;293 294 295 296,0 1 2 2,1 1 0 1,0 0 0 0,1.0;293 294 295 296,0 1 2 2,1 1 1 0,0 0 0 0,1.0;293 294 295 296,0 0 1 0,0 0 1 1,0 0 0 0,1.0;293 294 295 296,0 0 1 0,1 0 1 0,0 0 0 0,1.0;293 294 295 296,0 0 1 0,0 1 1 0,0 0 0 0,1.0;293 294 295 296,0 0 1 1,1 0 0 1,0 0 0 0,1.0;293 294 295 296,0 0 1 1,1 0 1 0,0 0 0 0,1.0;293 294 295 296,0 0 1 1,0 1 0 1,0 0 0 0,1.0;293 294 295 296,0 0 1 1,0 1 1 0,0 0 0 0,1.0;293 294 295 296,0 1 0 0,0 1 0 1,0 0 0 0,1.0;293 294 295 296,0 1 0 0,1 1 0 0,0 0 0 0,1.0;293 294 295 296,0 1 0 0,0 1 1 0,0 0 0 0,1.0;293 294 295 296,0 1 0 1,1 0 0 1,0 0 0 0,1.0;293 294 295 296,0 1 0 1,1 1 0 0,0 0 0 0,1.0;293 294 295 296,0 1 0 1,0 0 1 1,0 0 0 0,1.0;293 294 295 296,0 1 0 1,0 1 1 0,0 0 0 0,1.0;293 294 295 296,0 1 1 0,0 1 0 1,0 0 0 0,1.0;293 294 295 296,0 1 1 0,0 0 1 1,0 0 0 0,1.0;293 294 295 296,0 1 1 0,1 1 0 0,0 0 0 0,1.0;293 294 295 296,0 1 1 0,1 0 1 0,0 0 0 0,1.0;293 294 295 296,0 1 1 1,1 0 0 1,0 0 0 0,1.0;293 294 295 296,0 1 1 1,1 1 0 0,0 0 0 0,1.0;293 294 295 296,0 1 1 1,1 0 1 0,0 0 0 0,1.0;293 294 295 296,0 0 0 0,0 0 0 1,0 0 0 0,1.0;293 294 295 296,0 0 0 0,1 0 0 0,0 0 0 0,1.0;293 294 295 296,0 0 0 0,0 1 0 0,0 0 0 0,1.0;293 294 295 296,0 0 0 0,0 0 1 0,0 0 0 0,1.0;
294 297,0 0,0 1,0 0,1.0;294 297,0 0,1 0,0 0,1.0;
297 298 299,0 1 2,1 1 1,0 0 0,0.9173359699940348;297 298 299,0 0 1,1 0 1,0 0 0,1.0;297 298 299,0 0 1,0 1 1,0 0 0,1.0;297 298 299,0 1 0,1 1 0,0 0 0,1.0;297 298 299,0 1 0,0 1 1,0 0 0,1.0;297 298 299,0 1 1,1 1 0,0 0 0,1.0;297 298 299,0 1 1,1 0 1,0 0 0,1.0;297 298 299,0 0 0,1 0 0,0 0 0,1.0;297 298 299,0 0 0,0 1 0,0 0 0,1.0;297 298 299,0 0 0,0 0 1,0 0 0,1.0;
300 301 302,0 1 2,1 1 1,0 0 0,0.9190871622155474;300 301 302,0 0 1,1 0 1,0 0 0,1.0;300 301 302,0 0 1,0 1 1,0 0 0,1.0;300 301 302,0 1 0,1 1 0,0 0 0,1.0;300 301 302,0 1 0,0 1 1,0 0 0,1.0;300 301 302,0 1 1,1 1 0,0 0 0,1.0;300 301 302,0 1 1,1 0 1,0 0 0,1.0;300 301 302,0 0 0,1 0 0,0 0 0,1.0;300 301 302,0 0 0,0 1 0,0 0 0,1.0;300 301 302,0 0 0,0 0 1,0 0 0,1.0;
300 303,0 0,1 0,0 0,1.0;300 303,0 0,0 1,0 0,1.0;
303 304,0 0,0 1,0 0,1.0;303 304,0 0,1 0,0 0,1.0;
235 305,0 0,0 1,0 0,1.0;235 305,0 0,1 0,0 0,1.0;
305,0,1,0,0.8868956148962223;
248 306,0 0,1 0,0 0,1.0;248 306,0 0,0 1,0 0,1.0;
306,0,1,0,0.8978236422654453;
260 307,0 0,0 1,0 0,1.0;260 307,0 0,1 0,0 0,1.0;
307 308,0 0,1 0,0 0,1.0;307 308,0 0,0 1,0 0,1.0;
308,0,1,0,0.8915795414543363;
261 309,0 0,0 1,0 0,1.0;261 309,0 0,1 0,0 0,1.0;
309 310,0 0,1 0,0 0,1.0;309 310,0 0,0 1,0 0,1.0;
310,0,1,0,0.905681760897097;
264 311,0 0,1 0,0 0,1.0;264 311,0 0,0 1,0 0,1.0;
311 312,0 0,0 1,0 0,1.0;311 312,0 0,1 0,0 0,1.0;
312 313 314,0 1 2,1 1 1,0 0 0,0.9125430322362824;312 313 314,0 0 1,1 0 1,0 0 0,0.6174853051548157;312 313 314,0 0 1,0 1 1,0 0 0,0.6552046281077337;312 313 314,0 1 0,1 1 0,0 0 0,1.0;312 313 314,0 1 0,0 1 1,0 0 0,1.0;312 313 314,0 1 1,1 1 0,0 0 0,0.6394131086985146;312 313 314,0 1 1,1 0 1,0 0 0,0.637668975343419;312 313 314,0 0 0,1 0 0,0 0 0,0.4478900332826956;312 313 314,0 0 0,0 1 0,0 0 0,0.6522686043351601;312 313 314,0 0 0,0 0 1,0 0 0,0.7476141401705906;
313 315,0 0,1 0,0 0,1.0;313 315,0 0,0 1,0 0,1.0;
315,0,1,0,0.9055260361279502;
266 316,0 0,1 0,0 0,1.0;266 316,0 0,0 1,0 0,1.0;
314 316,0 0,1 0,0 0,1.0;314 316,0 0,0 1,0 0,1.0;
273 317,0 0,1 0,0 0,1.0;273 317,0 0,0 1,0 0,1.0;
317 318,0 0,1 0,0 0,1.0;317 318,0 0,0 1,0 0,1.0;
318,0,1,0,0.9019425418565933;
275 319,0 0,1 0,0 0,1.0;275 319,0 0,0 1,0 0,1.0;
319 320,0 0,0 1,0 0,1.0;319 320,0 0,1 0,0 0,1.0;
320,0,1,0,0.8962148359439535;
269 321,0 0,0 1,0 0,1.0;269 321,0 0,1 0,0 0,1.0;
321 322,0 0,1 0,0 0,1.0;321 322,0 0,0 1,0 0,1.0;
278 323,0 0,0 1,0 0,1.0;278 323,0 0,1 0,0 0,1.0;
323 324,0 0,1 0,0 0,1.0;323 324,0 0,0 1,0 0,1.0;
322 324 325 326,0 1 2 3,1 1 1 1,0 0 0 0,0.921725327528219;322 324 325 326,0 0 1 2,1 0 1 1,0 0 0 0,1.0;322 324 325 326,0 0 1 2,0 1 1 1,0 0 0 0,1.0;322 324 325 326,0 1 0 2,1 1 0 1,0 0 0 0,1.0;322 324 325 326,0 1 0 2,0 1 1 1,0 0 0 0,1.0;322 324 325 326,0 1 1 2,1 1 0 1,0 0 0 0,1.0;322 324 325 326,0 1 1 2,1 0 1 1,0 0 0 0,1.0;322 324 325 326,0 0 0 1,1 0 0 1,0 0 0 0,1.0;322 324 325 326,0 0 0 1,0 1 0 1,0 0 0 0,1.0;322 324 325 326,0 0 0 1,0 0 1 1,0 0 0 0,1.0;322 324 325 326,0 1 2 0,1 1 1 0,0 0 0 0,1.0;322 324 325 326,0 1 2 0,0 1 1 1,0 0 0 0,1.0;322 324 325 326,0 1 2 1,1 1 1 0,0 0 0 0,1.0;322 324 325 326,0 1 2 1,1 0 1 1,0 0 0 0,1.0;322 324 325 326,0 1 2 2,1 1 1 0,0 0 0 0,1.0;322 324 325 326,0 1 2 2,1 1 0 1,0 0 0 0,1.0;322 324 325 326,0 0 1 0,1 0 1 0,0 0 0 0,1.0;322 324 325 326,0 0 1 0,0 1 1 0,0 0 0 0,1.0;322 324 325 326,0 0 1 0,0 0 1 1,0 0 0 0,1.0;322 324 325 326,0 0 1 1,1 0 1 0,0 0 0 0,1.0;322 324 325 326,0 0 1 1,1 0 0 1,0 0 0 0,1.0;322 324 325 326,0 0 1 1,0 1 1 0,0 0 0 0,1.0;322 324 325 326,0 0 1 1,0 1 0 1,0 0 0 0,1.0;322 324 325 326,0 1 0 0,1 1 0 0,0 0 0 0,0.6772627718616842;322 324 325 326,0 1 0 0,0 1 1 0,0 0 0 0,0.736370712474087;322 324 325 326,0 1 0 0,0 1 0 1,0 0 0 0,0.7852148450615795;322 324 325 326,0 1 0 1,1 1 0 0,0 0 0 0,0.3934056950281557;322 324 325 326,0 1 0 1,1 0 0 1,0 0 0 0,0.49325321190099514;322 324 325 326,0 1 0 1,0 1 1 0,0 0 0 0,0.4913910198356324;322 324 325 326,0 1 0 1,0 0 1 1,0 0 0 0,0.5912385367084719;322 324 325 326,0 1 1 0,1 1 0 0,0 0 0 0,0.2593027042064673;322 324 325 326,0 1 1 0,1 0 1 0,0 0 0 0,0.2962546457990095;322 324 325 326,0 1 1 0,0 1 0 1,0 0 0 0,0.4201836042942412;322 324 325 326,0 1 1 0,0 0 1 1,0 0 0 0,0.4571355458867834;322 324 325 326,0 1 1 1,1 1 0 0,0 0 0 0,0.6781721452251677;322 324 325 326,0 1 1 1,1 0 1 0,0 0 0 0,0.6971184667162598;322 324 325 326,0 1 1 1,1 0 0 1,0 0 0 0,0.7928341526801261;322 324 325 326,0 0 0 0,1 0 0 0,0 0 0 0,0.3893604248485729;322 324 325 326,0 0 0 0,0 1 0 0,0 0 0 0,0.504089528525395;322 324 325 326,0 0 0 0,0 0 1 0,0 0 0 0,0.5362646497673608;322 324 325 326,0 0 0 0,0 0 0 1,0 0 0 0,0.6596230273533532;
325 327,0 0,1 0,0 0,1.0;325 327,0 0,0 1,0 0,1.0;
327,0,1,0,0.8934762343506182;
282 328,0 0,0 1,0 0,1.0;282 328,0 0,1 0,0 0,1.0;
328 329,0 0,1 0,0 0,1.0;328 329,0 0,0 1,0 0,1.0;
329,0,1,0,0.8967938793177459;
330 331 332,0 1 2,1 1 1,0 0 0,0.9253011022781893;330 331 332,0 0 1,1 0 1,0 0 0,1.0;330 331 332,0 0 1,0 1 1,0 0 0,1.0;330 331 332,0 1 0,1 1 0,0 0 0,1.0;330 331 332,0 1 0,0 1 1,0 0 0,1.0;330 331 332,0 1 1,1 1 0,0 0 0,1.0;330 331 332,0 1 1,1 0 1,0 0 0,1.0;330 331 332,0 0 0,1 0 0,0 0 0,1.0;330 331 332,0 0 0,0 1 0,0 0 0,1.0;330 331 332,0 0 0,0 0 1,0 0 0,1.0;
330 333,0 0,1 0,0 0,1.0;330 333,0 0,0 1,0 0,1.0;
333 334,0 0,1 0,0 0,1.0;333 334,0 0,0 1,0 0,1.0;
334,0,1,0,0.913176292199494;
331 335,0 0,1 0,0 0,1.0;331 335,0 0,0 1,0 0,1.0;
335 336,0 0,0 1,0 0,1.0;335 336,0 0,1 0,0 0,1.0;
336,0,1,0,0.8976758225493249;
285 337,0 0,0 1,0 0,1.0;285 337,0 0,1 0,0 0,1.0;
337 338,0 0,1 0,0 0,1.0;337 338,0 0,0 1,0 0,1.0;
338,0,1,0,0.8986567813620322;
292 339,0 0,0 1,0 0,1.0;292 339,0 0,1 0,0 0,1.0;
339 340,0 0,1 0,0 0,1.0;339 340,0 0,0 1,0 0,1.0;
340,0,1,0,0.9058532550565475;
295 341,0 0,0 1,0 0,1.0;295 341,0 0,1 0,0 0,1.0;
341 342,0 0,1 0,0 0,1.0;341 342,0 0,0 1,0 0,1.0;
342,0,1,0,0.9062341909025469;
298 343,0 0,1 0,0 0,1.0;298 343,0 0,0 1,0 0,1.0;
343 344,0 0,0 1,0 0,1.0;343 344,0 0,1 0,0 0,1.0;
344,0,1,0,0.9102205589192592;
296 345,0 0,1 0,0 0,1.0;296 345,0 0,0 1,0 0,1.0;
345 346,0 0,1 0,0 0,1.0;345 346,0 0,0 1,0 0,1.0;
346,0,1,0,0.903816760519893;
301 347,0 0,0 1,0 0,1.0;301 347,0 0,1 0,0 0,1.0;
347 348,0 0,1 0,0 0,1.0;347 348,0 0,0 1,0 0,1.0;
348,0,1,0,0.9045622466644729;
304 349 350,0 1 2,1 1 1,0 0 0,0.9095179930101399;304 349 350,0 0 1,1 0 1,0 0 0,1.0;304 349 350,0 0 1,0 1 1,0 0 0,1.0;304 349 350,0 1 0,1 1 0,0 0 0,1.0;304 349 350,0 1 0,0 1 1,0 0 0,1.0;304 349 350,0 1 1,1 1 0,0 0 0,1.0;304 349 350,0 1 1,1 0 1,0 0 0,1.0;304 349 350,0 0 0,1 0 0,0 0 0,1.0;304 349 350,0 0 0,0 1 0,0 0 0,1.0;304 349 350,0 0 0,0 0 1,0 0 0,1.0;
351 352 353 354,0 1 2 3,1 1 1 1,0 0 0 0,0.9217277304412511;351 352 353 354,0 0 1 2,0 1 1 1,0 0 0 0,1.0;351 352 353 354,0 0 1 2,1 0 1 1,0 0 0 0,1.0;351 352 353 354,0 1 0 2,0 1 1 1,0 0 0 0,1.0;351 352 353 354,0 1 0 2,1 1 0 1,0 0 0 0,1.0;351 352 353 354,0 1 1 2,1 1 0 1,0 0 0 0,1.0;351 352 353 354,0 1 1 2,1 0 1 1,0 0 0 0,1.0;351 352 353 354,0 0 0 1,0 1 0 1,0 0 0 0,1.0;351 352 353 354,0 0 0 1,0 0 1 1,0 0 0 0,1.0;351 352 353 354,0 0 0 1,1 0 0 1,0 0 0 0,1.0;351 352 353 354,0 1 2 0,0 1 1 1,0 0 0 0,1.0;351 352 353 354,0 1 2 0,1 1 1 0,0 0 0 0,1.0;351 352 353 354,0 1 2 1,1 1 1 0,0 0 0 0,1.0;351 352 353 354,0 1 2 1,1 0 1 1,0 0 0 0,1.0;351 352 353 354,0 1 2 2,1 1 1 0,0 0 0 0,1.0;351 352 353 354,0 1 2 2,1 1 0 1,0 0 0 0,1.0;351 352 353 354,0 0 1 0,0 1 1 0,0 0 0 0,1.0;351 352 353 354,0 0 1 0,0 0 1 1,0 0 0 0,1.0;351 352 353 354,0 0 1 0,1 0 1 0,0 0 0 0,1.0;351 352 353 354,0 0 1 1,0 1 1 0,0 0 0 0,1.0;351 352 353 354,0 0 1 1,0 1 0 1,0 0 0 0,1.0;351 352 353 354,0 0 1 1,1 0 1 0,0 0 0 0,1.0;351 352 353 354,0 0 1 1,1 0 0 1,0 0 0 0,1.0;351 352 353 354,0 1 0 0,0 1 1 0,0 0 0 0,1.0;351 352 353 354,0 1 0 0,0 1 0 1,0 0 0 0,1.0;351 352 353 354,0 1 0 0,1 1 0 0,0 0 0 0,1.0;351 352 353 354,0 1 0 1,0 1 1 0,0 0 0 0,1.0;351 352 353 354,0 1 0 1,0 0 1 1,0 0 0 0,1.0;351 352 353 354,0 1 0 1,1 1 0 0,0 0 0 0,1.0;351 352 353 354,0 1 0 1,1 0 0 1,0 0 0 0,1.0;351 352 353 354,0 1 1 0,0 1 0 1,0 0 0 0,1.0;351 352 353 354,0 1 1 0,0 0 1 1,0 0 0 0,1.0;351 352 353 354,0 1 1 0,1 1 0 0,0 0 0 0,1.0;351 352 353 354,0 1 1 0,1 0 1 0,0 0 0 0,1.0;351 352 353 354,0 1 1 1,1 1 0 0,0 0 0 0,1.0;351 352 353 354,0 1 1 1,1 0 1 0,0 0 0 0,1.0;351 352 353 354,0 1 1 1,1 0 0 1,0 0 0 0,1.0;351 352 353 354,0 0 0 0,0 1 0 0,0 0 0 0,1.0;351 352 353 354,0 0 0 0,0 0 1 0,0 0 0 0,1.0;351 352 353 354,0 0 0 0,0 0 0 1,0 0 0 0,1.0;351 352 353 354,0 0 0 0,1 0 0 0,0 0 0 0,1.0;
351 355,0 0,0 1,0 0,1.0;351 355,0 0,1 0,0 0,1.0;
355 356,0 0,1 0,0 0,1.0;355 356,0 0,0 1,0 0,1.0;
356 357 358,0 1 2,1 1 1,0 0 0,0.914765724365967;356 357 358,0 0 1,1 0 1,0 0 0,1.0;356 357 358,0 0 1,0 1 1,0 0 0,1.0;356 357 358,0 1 0,1 1 0,0 0 0,1.0;356 357 358,0 1 0,0 1 1,0 0 0,1.0;356 357 358,0 1 1,1 1 0,0 0 0,1.0;356 357 358,0 1 1,1 0 1,0 0 0,1.0;356 357 358,0 0 0,1 0 0,0 0 0,1.0;356 357 358,0 0 0,0 1 0,0 0 0,1.0;356 357 358,0 0 0,0 0 1,0 0 0,1.0;
359 360 361,0 1 2,1 1 1,0 0 0,0.918468671408171;359 360 361,0 0 1,0 1 1,0 0 0,1.0;359 360 361,0 0 1,1 0 1,0 0 0,1.0;359 360 361,0 1 0,0 1 1,0 0 0,1.0;359 360 361,0 1 0,1 1 0,0 0 0,1.0;359 360 361,0 1 1,1 1 0,0 0 0,1.0;359 360 361,0 1 1,1 0 1,0 0 0,1.0;359 360 361,0 0 0,0 1 0,0 0 0,1.0;359 360 361,0 0 0,0 0 1,0 0 0,1.0;359 360 361,0 0 0,1 0 0,0 0 0,1.0;
359 362,0 0,0 1,0 0,1.0;359 362,0 0,1 0,0 0,1.0;
362 363,0 0,1 0,0 0,1.0;362 363,0 0,0 1,0 0,1.0;
363 364 365,0 1 2,1 1 1,0 0 0,0.9187942668845093;363 364 365,0 0 1,1 0 1,0 0 0,1.0;363 364 365,0 0 1,0 1 1,0 0 0,1.0;363 364 365,0 1 0,1 1 0,0 0 0,1.0;363 364 365,0 1 0,0 1 1,0 0 0,1.0;363 364 365,0 1 1,1 1 0,0 0 0,1.0;363 364 365,0 1 1,1 0 1,0 0 0,1.0;363 364 365,0 0 0,1 0 0,0 0 0,1.0;363 364 365,0 0 0,0 1 0,0 0 0,1.0;363 364 365,0 0 0,0 0 1,0 0 0,1.0;
364 366,0 0,1 0,0 0,1.0;364 366,0 0,0 1,0 0,1.0;
349 367,0 0,1 0,0 0,1.0;349 367,0 0,0 1,0 0,1.0;
367 368,0 0,0 1,0 0,1.0;367 368,0 0,1 0,0 0,1.0;
368,0,1,0,0.9227160462202018;
352 369,0 0,1 0,0 0,1.0;352 369,0 0,0 1,0 0,1.0;
369 370,0 0,1 0,0 0,1.0;369 370,0 0,0 1,0 0,1.0;
370,0,1,0,0.9149464462269455;
353 371,0 0,1 0,0 0,1.0;353 371,0 0,0 1,0 0,1.0;
371 372,0 0,1 0,0 0,1.0;371 372,0 0,0 1,0 0,1.0;
372,0,1,0,0.8939881864896739;
357 373,0 0,0 1,0 0,1.0;357 373,0 0,1 0,0 0,1.0;
373,0,1,0,0.9192431905366935;
360 374,0 0,1 0,0 0,1.0;360 374,0 0,0 1,0 0,1.0;
374,0,1,0,0.9057657587024917;
365 375,0 0,1 0,0 0,1.0;365 375,0 0,0 1,0 0,1.0;
375 376,0 0,0 1,0 0,1.0;375 376,0 0,1 0,0 0,1.0;
376,0,1,0,0.9161673218632228;
366 377,0 0,0 1,0 0,1.0;366 377,0 0,1 0,0 0,1.0;
377,0,1,0,0.854515722491048;
75 378,0 0,0 1,0 0,1.0;75 378,0 0,1 0,0 0,1.0;
378,0,1,0,0.8554461848309504;
379,0,1,0,0.8598823111864238;
145 203 204 208,0 1 2 3,1 1 1 1,0 0 0 0,0.9170801082355277;145 203 204 208,0 0 1 2,1 0 1 1,0 0 0 0,1.0;145 203 204 208,0 0 1 2,0 1 1 1,0 0 0 0,1.0;145 203 204 208,0 1 0 2,1 1 0 1,0 0 0 0,1.0;145 203 204 208,0 1 0 2,0 1 1 1,0 0 0 0,1.0;145 203 204 208,0 1 1 2,1 1 0 1,0 0 0 0,1.0;145 203 204 208,0 1 1 2,1 0 1 1,0 0 0 0,1.0;145 203 204 208,0 0 0 1,1 0 0 1,0 0 0 0,1.0;145 203 204 208,0 0 0 1,0 1 0 1,0 0 0 0,1.0;145 203 204 208,0 0 0 1,0 0 1 1,0 0 0 0,1.0;145 203 204 208,0 1 2 0,0 1 1 1,0 0 0 0,0.8168399611247694;145 203 204 208,0 1 2 0,1 1 1 0,0 0 0 0,0.7002075989646788;145 203 204 208,0 1 2 1,1 0 1 1,0 0 0 0,0.7705888993929568;145 203 204 208,0 1 2 1,1 1 1 0,0 0 0 0,0.7416547192496532;145 203 204 208,0 1 2 2,1 1 0 1,0 0 0 0,0.817853650536799;145 203 204 208,0 1 2 2,1 1 1 0,0 0 0 0,0.7404975777094301;145 203 204 208,0 0 1 0,0 0 1 1,0 0 0 0,0.7572881549833019;145 203 204 208,0 0 1 0,1 0 1 0,0 0 0 0,0.6243602593399616;145 203 204 208,0 0 1 0,0 1 1 0,0 0 0 0,0.7092656098297704;145 203 204 208,0 0 1 1,1 0 0 1,0 0 0 0,0.4779718838584256;145 203 204 208,0 0 1 1,1 0 1 0,0 0 0 0,0.3801739514326997;145 203 204 208,0 0 1 1,0 1 0 1,0 0 0 0,0.5888896385942463;145 203 204 208,0 0 1 1,0 1 1 0,0 0 0 0,0.4910917061685206;145 203 204 208,0 1 0 0,0 1 0 1,0 0 0 0,0.8528363209119443;145 203 204 208,0 1 0 0,1 1 0 0,0 0 0 0,0.7511730032542465;145 203 204 208,0 1 0 0,0 1 1 0,0 0 0 0,0.7102028834688083;145 203 204 208,0 1 0 1,1 0 0 1,0 0 0 0,0.5881095516051258;145 203 204 208,0 1 0 1,1 1 0 0,0 0 0 0,0.5524568551760702;145 203 204 208,0 1 0 1,0 0 1 1,0 0 0 0,0.6368820703442764;145 203 204 208,0 1 0 1,0 1 1 0,0 0 0 0,0.6012293739152208;145 203 204 208,0 1 1 0,0 1 0 1,0 0 0 0,0.49627871405124313;145 203 204 208,0 1 1 0,0 0 1 1,0 0 0 0,0.4341334780545729;145 203 204 208,0 1 1 0,1 1 0 0,0 0 0 0,0.3497082628863669;145 203 204 208,0 1 1 0,1 0 1 0,0 0 0 0,0.2875630268896966;145 203 204 208,0 1 1 1,1 0 0 1,0 0 0 0,0.7890752053560903;145 203 204 208,0 1 1 1,1 1 0 0,0 0 0 0,0.7238755650669056;145 203 204 208,0 1 1 1,1 0 1 0,0 0 0 0,0.6243602593399618;145 203 204 208,0 0 0 0,0 0 0 1,0 0 0 0,0.7009877402177227;145 203 204 208,0 0 0 0,1 0 0 0,0 0 0 0,0.462962251215425;145 203 204 208,0 0 0 0,0 1 0 0,0 0 0 0,0.60437256226345;145 203 204 208,0 0 0 0,0 0 1 0,0 0 0 0,0.541261513454768;
74 76 88 90,0 1 2 3,1 1 1 1,0 0 0 0,0.9155419596788511;74 76 88 90,0 0 1 2,1 0 1 1,0 0 0 0,1.0;74 76 88 90,0 0 1 2,0 1 1 1,0 0 0 0,1.0;74 76 88 90,0 1 0 2,0 1 1 1,0 0 0 0,1.0;74 76 88 90,0 1 0 2,1 1 0 1,0 0 0 0,1.0;74 76 88 90,0 1 1 2,1 0 1 1,0 0 0 0,1.0;74 76 88 90,0 1 1 2,1 1 0 1,0 0 0 0,1.0;74 76 88 90,0 0 0 1,0 0 1 1,0 0 0 0,1.0;74 76 88 90,0 0 0 1,1 0 0 1,0 0 0 0,1.0;74 76 88 90,0 0 0 1,0 1 0 1,0 0 0 0,1.0;74 76 88 90,0 1 2 0,1 1 1 0,0 0 0 0,1.0;74 76 88 90,0 1 2 0,0 1 1 1,0 0 0 0,1.0;74 76 88 90,0 1 2 1,1 0 1 1,0 0 0 0,1.0;74 76 88 90,0 1 2 1,1 1 1 0,0 0 0 0,1.0;74 76 88 90,0 1 2 2,1 1 1 0,0 0 0 0,1.0;74 76 88 90,0 1 2 2,1 1 0 1,0 0 0 0,1.0;74 76 88 90,0 0 1 0,1 0 1 0,0 0 0 0,0.677676163355019;74 76 88 90,0 0 1 0,0 1 1 0,0 0 0 0,0.7986927551880583;74 76 88 90,0 0 1 0,0 0 1 1,0 0 0 0,0.7479517535944921;74 76 88 90,0 0 1 1,1 0 1 0,0 0 0 0,0.21593050900051836;74 76 88 90,0 0 1 1,1 0 0 1,0 0 0 0,0.3330784517757679;74 76 88 90,0 0 1 1,0 1 1 0,0 0 0 0,0.3938415605397476;74 76 88 90,0 0 1 1,0 1 0 1,0 0 0 0,0.5109895033149972;74 76 88 90,0 1 0 0,0 1 1 0,0 0 0 0,1.0;74 76 88 90,0 1 0 0,1 1 0 0,0 0 0 0,1.0;74 76 88 90,0 1 0 0,0 1 0 1,0 0 0 0,1.0;74 76 88 90,0 1 0 1,0 0 1 1,0 0 0 0,1.0;74 76 88 90,0 1 0 1,0 1 1 0,0 0 0 0,1.0;74 76 88 90,0 1 0 1,1 0 0 1,0 0 0 0,1.0;74 76 88 90,0 1 0 1,1 1 0 0,0 0 0 0,1.0;74 76 88 90,0 1 1 0,1 0 1 0,0 0 0 0,0.2530987114128854;74 76 88 90,0 1 1 0,1 1 0 0,0 0 0 0,0.40828855586212864;74 76 88 90,0 1 1 0,0 0 1 1,0 0 0 0,0.3929678612781209;74 76 88 90,0 1 1 0,0 1 0 1,0 0 0 0,0.5481577057273641;74 76 88 90,0 1 1 1,1 0 1 0,0 0 0 0,0.677676163355019;74 76 88 90,0 1 1 1,1 0 0 1,0 0 0 0,0.7093057546856734;74 76 88 90,0 1 1 1,1 1 0 0,0 0 0 0,0.8000143107830322;74 76 88 90,0 0 0 0,0 0 1 0,0 0 0 0,0.5807187841269557;74 76 88 90,0 0 0 0,1 0 0 0,0 0 0 0,0.5239886606024502;74 76 88 90,0 0 0 0,0 1 0 0,0 0 0 0,0.7322411974513018;74 76 88 90,0 0 0 0,0 0 0 1,0 0 0 0,0.6761176777237853;
24 26 92 94,0 1 2 3,1 1 1 1,0 0 0 0,0.9163455973445769;24 26 92 94,0 0 1 2,1 0 1 1,0 0 0 0,1.0;24 26 92 94,0 0 1 2,0 1 1 1,0 0 0 0,1.0;24 26 92 94,0 1 0 2,1 1 0 1,0 0 0 0,1.0;24 26 92 94,0 1 0 2,0 1 1 1,0 0 0 0,1.0;24 26 92 94,0 1 1 2,1 1 0 1,0 0 0 0,1.0;24 26 92 94,0 1 1 2,1 0 1 1,0 0 0 0,1.0;24 26 92 94,0 0 0 1,1 0 0 1,0 0 0 0,1.0;24 26 92 94,0 0 0 1,0 1 0 1,0 0 0 0,1.0;24 26 92 94,0 0 0 1,0 0 1 1,0 0 0 0,1.0;24 26 92 94,0 1 2 0,1 1 1 0,0 0 0 0,0.7345438693649233;24 26 92 94,0 1 2 0,0 1 1 1,0 0 0 0,0.8250683269108334;24 26 92 94,0 1 2 1,1 1 1 0,0 0 0 0,0.7966287801475538;24 26 92 94,0 1 2 1,1 0 1 1,0 0 0 0,0.7582327955134873;24 26 92 94,0 1 2 2,1 1 1 0,0 0 0 0,0.705992018538341;24 26 92 94,0 1 2 2,1 1 0 1,0 0 0 0,0.7499527586088599;24 26 92 94,0 0 1 0,1 0 1 0,0 0 0 0,0.6939525175155294;24 26 92 94,0 0 1 0,0 1 1 0,0 0 0 0,0.8134208833643224;24 26 92 94,0 0 1 0,0 0 1 1,0 0 0 0,0.7402588424095204;24 26 92 94,0 0 1 1,1 0 1 0,0 0 0 0,0.24194568862740917;24 26 92 94,0 0 1 1,1 0 0 1,0 0 0 0,0.29595783386940633;24 26 92 94,0 0 1 1,0 1 1 0,0 0 0 0,0.4052660720408747;24 26 92 94,0 0 1 1,0 1 0 1,0 0 0 0,0.45927821728287177;24 26 92 94,0 1 0 0,1 1 0 0,0 0 0 0,0.7057999087914979;24 26 92 94,0 1 0 0,0 1 1 0,0 0 0 0,0.7843610145365346;24 26 92 94,0 1 0 0,0 1 0 1,0 0 0 0,0.8272570405821214;24 26 92 94,0 1 0 1,1 1 0 0,0 0 0 0,0.6100939293471357;24 26 92 94,0 1 0 1,1 0 0 1,0 0 0 0,0.5608403681852162;24 26 92 94,0 1 0 1,0 1 1 0,0 0 0 0,0.6701486063566846;24 26 92 94,0 1 0 1,0 0 1 1,0 0 0 0,0.6208950451947651;24 26 92 94,0 1 1 0,1 1 0 0,0 0 0 0,0.4386626209998794;24 26 92 94,0 1 1 0,1 0 1 0,0 0 0 0,0.33539691459596277;24 26 92 94,0 1 1 0,0 1 0 1,0 0 0 0,0.5527294432514254;24 26 92 94,0 1 1 0,0 0 1 1,0 0 0 0,0.44946373684750873;24 26 92 94,0 1 1 1,1 1 0 0,0 0 0 0,0.8140755242584834;24 26 92 94,0 1 1 1,1 0 1 0,0 0 0 0,0.6939525175155294;24 26 92 94,0 1 1 1,1 0 0 1,0 0 0 0,0.693696559158549;24 26 92 94,0 0 0 0,1 0 0 0,0 0 0 0,0.4183387000029303;24 26 92 94,0 0 0 0,0 1 0 0,0 0 0 0,0.6923306765630386;24 26 92 94,0 0 0 0,0 0 1 0,0 0 0 0,0.545679588007741;24 26 92 94,0 0 0 0,0 0 0 1,0 0 0 0,0.5568934961793723;
35 380,0 0,1 0,0 0,1.0;35 380,0 0,0 1,0 0,1.0;
105 380,0 0,1 0,0 0,1.0;105 380,0 0,0 1,0 0,1.0;
45 56 97 109 135,0 1 2 3 4,1 1 1 1 1,0 0 0 0 0,0.9238255961848979;45 56 97 109 135,0 0 1 2 3,0 1 1 1 1,0 0 0 0 0,0.901323604967214;45 56 97 109 135,0 0 1 2 3,1 0 1 1 1,0 0 0 0 0,0.9135404251531393;45 56 97 109 135,0 1 0 2 3,0 1 1 1 1,0 0 0 0 0,0.8974952654100372;45 56 97 109 135,0 1 0 2 3,1 1 0 1 1,0 0 0 0 0,0.842287550955354;45 56 97 109 135,0 1 1 2 3,1 1 0 1 1,0 0 0 0 0,0.8360282545653599;45 56 97 109 135,0 1 1 2 3,1 0 1 1 1,0 0 0 0 0,0.9034527892059685;45 56 97 109 135,0 0 0 1 2,0 1 0 1 1,0 0 0 0 0,0.8535247419898779;45 56 97 109 135,0 0 0 1 2,0 0 1 1 1,0 0 0 0 0,0.931905123914415;45 56 97 109 135,0 0 0 1 2,1 0 0 1 1,0 0 0 0 0,0.8312244185431206;45 56 97 109 135,0 1 2 0 3,0 1 1 1 1,0 0 0 0 0,0.8299874502074713;45 56 97 109 135,0 1 2 0 3,1 1 1 0 1,0 0 0 0 0,0.7572832317012834;45 56 97 109 135,0 1 2 1 3,1 1 1 0 1,0 0 0 0 0,0.7669232531901207;45 56 97 109 135,0 1 2 1 3,1 0 1 1 1,0 0 0 0 0,0.8518442918822338;45 56 97 109 135,0 1 2 2 3,1 1 1 0 1,0 0 0 0 0,0.7587363961722506;45 56 97 109 135,0 1 2 2 3,1 1 0 1 1,0 0 0 0 0,0.7762329002237552;45 56 97 109 135,0 0 1 0 2,0 1 1 0 1,0 0 0 0 0,0.7893308158761057;45 56 97 109 135,0 0 1 0 2,0 0 1 1 1,0 0 0 0 0,0.931905123914415;45 56 97 109 135,0 0 1 0 2,1 0 1 0 1,0 0 0 0 0,0.8737611925407757;45 56 97 109 135,0 0 1 1 2,0 1 1 0 1,0 0 0 0 0,0.6669970120830433;45 56 97 109 135,0 0 1 1 2,0 1 0 1 1,0 0 0 0 0,0.6927202267885895;45 56 97 109 135,0 0 1 1 2,1 0 1 0 1,0 0 0 0 0,0.6814325224752652;45 56 97 109 135,0 0 1 1 2,1 0 0 1 1,0 0 0 0 0,0.7071557371808115;45 56 97 109 135,0 1 0 0 2,0 1 1 0 1,0 0 0 0 0,0.8548951774623785;45 56 97 109 135,0 1 0 0 2,0 1 0 1 1,0 0 0 0 0,0.8535247419898779;45 56 97 109 135,0 1 0 0 2,1 1 0 0 1,0 0 0 0 0,0.7386912098551519;45 56 97 109 135,0 1 0 1 2,0 1 1 0 1,0 0 0 0 0,0.672808368697301;45 56 97 109 135,0 1 0 1 2,0 0 1 1 1,0 0 0 0 0,0.7727429166834818;45 56 97 109 135,0 1 0 1 2,1 1 0 0 1,0 0 0 0 0,0.6130325458088883;45 56 97 109 135,0 1 0 1 2,1 0 0 1 1,0 0 0 0 0,0.7129670937950692;45 56 97 109 135,0 1 1 0 2,0 1 0 1 1,0 0 0 0 0,0.6773324928977387;45 56 97 109 135,0 1 1 0 2,0 0 1 1 1,0 0 0 0 0,0.7515438261783736;45 56 97 109 135,0 1 1 0 2,1 1 0 0 1,0 0 0 0 0,0.5918334553037797;45 56 97 109 135,0 1 1 0 2,1 0 1 0 1,0 0 0 0 0,0.6660447885844145;45 56 97 109 135,0 1 1 1 2,1 1 0 0 1,0 0 0 0 0,0.7354233698780799;45 56 97 109 135,0 1 1 1 2,1 0 1 0 1,0 0 0 0 0,0.8367473678662425;45 56 97 109 135,0 1 1 1 2,1 0 0 1 1,0 0 0 0 0,0.8442516932189282;45 56 97 109 135,0 0 0 0 1,0 1 0 0 1,0 0 0 0 0,0.7575252154991101;45 56 97 109 135,0 0 0 0 1,0 0 1 0 1,0 0 0 0 0,0.853206440155965;45 56 97 109 135,0 0 0 0 1,0 0 0 1 1,0 0 0 0 0,0.8500705366386871;45 56 97 109 135,0 0 0 0 1,1 0 0 0 1,0 0 0 0 0,0.7401200378699297;45 56 97 109 135,0 1 2 3 0,1 1 1 1 0,0 0 0 0 0,0.7350874710459088;45 56 97 109 135,0 1 2 3 0,0 1 1 1 1,0 0 0 0 0,0.8282805714545483;45 56 97 109 135,0 1 2 3 1,1 1 1 1 0,0 0 0 0 0,0.7341135171036512;45 56 97 109 135,0 1 2 3 1,1 0 1 1 1,0 0 0 0 0,0.839523437698216;45 56 97 109 135,0 1 2 3 2,1 1 1 1 0,0 0 0 0 0,0.756572777092634;45 56 97 109 135,0 1 2 3 2,1 1 0 1 1,0 0 0 0 0,0.7945581630465903;45 56 97 109 135,0 1 2 3 3,1 1 1 1 0,0 0 0 0 0,0.8063999952198616;45 56 97 109 135,0 1 2 3 3,1 1 1 0 1,0 0 0 0 0,0.8268888771223133;45 56 97 109 135,0 0 1 2 0,0 1 1 1 0,0 0 0 0 0,0.7963394465300131;45 56 97 109 135,0 0 1 2 0,1 0 1 1 0,0 0 0 0 0,0.856737480884834;45 56 97 109 135,0 0 1 2 0,0 0 1 1 1,0 0 0 0 0,0.931905123914415;45 56 97 109 135,0 0 1 2 1,0 1 1 1 0,0 0 0 0 0,0.6674766436978615;45 56 97 109 135,0 0 1 2 1,0 1 0 1 1,0 0 0 0 0,0.7171539105523695;45 56 97 109 135,0 0 1 2 1,1 0 1 1 0,0 0 0 0 0,0.6819121540900834;45 56 97 109 135,0 0 1 2 1,1 0 0 1 1,0 0 0 0 0,0.7315894209445915;45 56 97 109 135,0 0 1 2 2,0 1 1 1 0,0 0 0 0 0,0.733912934534165;45 56 97 109 135,0 0 1 2 2,0 1 1 0 1,0 0 0 0 0,0.7578669866831267;45 56 97 109 135,0 0 1 2 2,1 0 1 1 0,0 0 0 0 0,0.7483484449263869;45 56 97 109 135,0 0 1 2 2,1 0 1 0 1,0 0 0 0 0,0.7723024970753487;45 56 97 109 135,0 1 0 2 0,0 1 1 1 0,0 0 0 0 0,0.837871465806437;45 56 97 109 135,0 1 0 2 0,1 1 0 1 0,0 0 0 0 0,0.7408172305734699;45 56 97 109 135,0 1 0 2 0,0 1 0 1 1,0 0 0 0 0,0.8535247419898779;45 56 97 109 135,0 1 0 2 1,0 1 1 1 0,0 0 0 0 0,0.6324265109696487;45 56 97 109 135,0 1 0 2 1,0 0 1 1 1,0 0 0 0 0,0.7563151111047915;45 56 97 109 135,0 1 0 2 1,1 1 0 1 0,0 0 0 0 0,0.5726506880812359;45 56 97 109 135,0 1 0 2 1,1 0 0 1 1,0 0 0 0 0,0.6965392882163788;45 56 97 109 135,0 1 0 2 2,0 1 1 1 0,0 0 0 0 0,0.7288084817912627;45 56 97 109 135,0 1 0 2 2,0 1 1 0 1,0 0 0 0 0,0.7527625339402244;45 56 97 109 135,0 1 0 2 2,1 1 0 1 0,0 0 0 0 0,0.6690326589028498;45 56 97 109 135,0 1 0 2 2,1 1 0 0 1,0 0 0 0 0,0.6929867110518116;45 56 97 109 135,0 1 1 2 0,1 1 0 1 0,0 0 0 0 0,0.5656035648175873;45 56 97 109 135,0 1 1 2 0,1 0 1 1 0,0 0 0 0 0,0.6398148980982221;45 56 97 109 135,0 1 1 2 0,0 1 0 1 1,0 0 0 0 0,0.6750566545605081;45 56 97 109 135,0 1 1 2 0,0 0 1 1 1,0 0 0 0 0,0.749267987841143;45 56 97 109 135,0 1 1 2 1,1 1 0 1 0,0 0 0 0 0,0.7456998405090595;45 56 97 109 135,0 1 1 2 1,1 0 1 1 0,0 0 0 0 0,0.819723656210301;45 56 97 109 135,0 1 1 2 1,1 0 0 1 1,0 0 0 0 0,0.8442516932189282;45 56 97 109 135,0 1 1 2 2,1 1 0 1 0,0 0 0 0 0,0.6606869303828578;45 56 97 109 135,0 1 1 2 2,1 1 0 0 1,0 0 0 0 0,0.6846409825318195;45 56 97 109 135,0 1 1 2 2,1 0 1 1 0,0 0 0 0 0,0.7348982636634924;45 56 97 109 135,0 1 1 2 2,1 0 1 0 1,0 0 0 0 0,0.7588523158124543;45 56 97 109 135,0 0 0 1 0,0 1 0 1 0,0 0 0 0 0,0.7758845185710574;45 56 97 109 135,0 0 0 1 0,0 0 1 1 0,0 0 0 0 0,0.8539669952792918;45 56 97 109 135,0 0 0 1 0,1 0 0 1 0,0 0 0 0 0,0.7408805929932564;45 56 97 109 135,0 0 0 1 0,0 0 0 1 1,0 0 0 0 0,0.8500705366386871;45 56 97 109 135,0 0 0 1 1,0 1 0 1 0,0 0 0 0 0,0.601808610028467;45 56 97 109 135,0 0 0 1 1,0 1 0 0 1,0 0 0 0 0,0.6326930026704491;45 56 97 109 135,0 0 0 1 1,0 0 1 1 0,0 0 0 0 0,0.6958471135550077;45 56 97 109 135,0 0 0 1 1,0 0 1 0 1,0 0 0 0 0,0.7267315061969898;45 56 97 109 135,0 0 0 1 1,1 0 0 1 0,0 0 0 0 0,0.5655777500748131;45 56 97 109 135,0 0 0 1 1,1 0 0 0 1,0 0 0 0 0,0.5964621427167953;45 56 97 109 135,0 1 2 0 0,0 1 1 1 0,0 0 0 0 0,0.8310254255919314;45 56 97 109 135,0 1 2 0 0,1 1 1 0 0,0 0 0 0 0,0.7761550699664258;45 56 97 109 135,0 1 2 0 0,0 1 1 0 1,0 0 0 0 0,0.8241598209132399;45 56 97 109 135,0 1 2 0 1,0 1 1 1 0,0 0 0 0 0,0.5424160906995608;45 56 97 109 135,0 1 2 0 1,0 0 1 1 1,0 0 0 0 0,0.6663046908347037;45 56 97 109 135,0 1 2 0 1,1 1 1 0 0,0 0 0 0 0,0.4569170531056018;45 56 97 109 135,0 1 2 0 1,1 0 1 0 1,0 0 0 0 0,0.5808056532407446;45 56 97 109 135,0 1 2 0 2,0 1 1 1 0,0 0 0 0 0,0.5723617706848714;45 56 97 109 135,0 1 2 0 2,0 1 0 1 1,0 0 0 0 0,0.6220390375393793;45 56 97 109 135,0 1 2 0 2,1 1 1 0 0,0 0 0 0 0,0.4868627330909123;45 56 97 109 135,0 1 2 0 2,1 1 0 0 1,0 0 0 0 0,0.5365399999454203;45 56 97 109 135,0 1 2 1 0,1 1 1 0 0,0 0 0 0 0,0.47106902034706166;45 56 97 109 135,0 1 2 1 0,1 0 1 1 0,0 0 0 0 0,0.5710035683332425;45 56 97 109 135,0 1 2 1 0,0 1 1 0 1,0 0 0 0 0,0.5805221100899824;45 56 97 109 135,0 1 2 1 0,0 0 1 1 1,0 0 0 0 0,0.6804566580761633;45 56 97 109 135,0 1 2 1 1,1 1 1 0 0,0 0 0 0 0,0.7761550699664258;45 56 97 109 135,0 1 2 1 1,1 0 1 1 0,0 0 0 0 0,0.8410235555715602;45 56 97 109 135,0 1 2 1 1,1 0 1 0 1,0 0 0 0 0,0.8301658000032717;45 56 97 109 135,0 1 2 1 2,1 1 1 0 0,0 0 0 0 0,0.49971609507602865;45 56 97 109 135,0 1 2 1 2,1 1 0 0 1,0 0 0 0 0,0.5493933619305367;45 56 97 109 135,0 1 2 1 2,1 0 1 1 0,0 0 0 0 0,0.5996506430622095;45 56 97 109 135,0 1 2 1 2,1 0 0 1 1,0 0 0 0 0,0.6493279099167175;45 56 97 109 135,0 1 2 2 0,1 1 1 0 0,0 0 0 0 0,0.4601532109899016;45 56 97 109 135,0 1 2 2 0,1 1 0 1 0,0 0 0 0 0,0.48587642569544776;45 56 97 109 135,0 1 2 2 0,0 1 1 0 1,0 0 0 0 0,0.5696063007328225;45 56 97 109 135,0 1 2 2 0,0 1 0 1 1,0 0 0 0 0,0.5953295154383687;45 56 97 109 135,0 1 2 2 1,1 1 1 0 0,0 0 0 0 0,0.4588546057335581;45 56 97 109 135,0 1 2 2 1,1 1 0 1 0,0 0 0 0 0,0.48457782043910425;45 56 97 109 135,0 1 2 2 1,1 0 1 0 1,0 0 0 0 0,0.5827432058687008;45 56 97 109 135,0 1 2 2 1,1 0 0 1 1,0 0 0 0 0,0.608466420574247;45 56 97 109 135,0 1 2 2 2,1 1 1 0 0,0 0 0 0 0,0.7761550699664258;45 56 97 109 135,0 1 2 2 2,1 1 0 1 0,0 0 0 0 0,0.7803858195709777;45 56 97 109 135,0 1 2 2 2,1 1 0 0 1,0 0 0 0 0,0.7832357572619135;45 56 97 109 135,0 0 1 0 0,0 1 1 0 0,0 0 0 0 0,0.7404840341097421;45 56 97 109 135,0 0 1 0 0,0 0 1 1 0,0 0 0 0 0,0.8292912882867389;45 56 97 109 135,0 0 1 0 0,1 0 1 0 0,0 0 0 0 0,0.7656331002116432;45 56 97 109 135,0 0 1 0 0,0 0 1 0 1,0 0 0 0 0,0.8637597406503326;45 56 97 109 135,0 0 1 0 1,0 1 1 0 0,0 0 0 0 0,0.40227147064804325;45 56 97 109 135,0 0 1 0 1,0 1 0 0 1,0 0 0 0 0,0.47533249930365484;45 56 97 109 135,0 0 1 0 1,0 0 1 1 0,0 0 0 0 0,0.5961926773005526;45 56 97 109 135,0 0 1 0 1,0 0 0 1 1,0 0 0 0 0,0.6692537059561641;45 56 97 109 135,0 0 1 0 1,1 0 1 0 0,0 0 0 0 0,0.5261366608615305;45 56 97 109 135,0 0 1 0 1,1 0 0 0 1,0 0 0 0 0,0.5991976895171423;45 56 97 109 135,0 0 1 1 0,0 1 1 0 0,0 0 0 0 0,0.41206496920667735;45 56 97 109 135,0 0 1 1 0,0 1 0 1 0,0 0 0 0 0,0.45424160522030665;45 56 97 109 135,0 0 1 1 0,1 0 1 0 0,0 0 0 0 0,0.499881645955391;45 56 97 109 135,0 0 1 1 0,1 0 0 1 0,0 0 0 0 0,0.5420582819690203;45 56 97 109 135,0 0 1 1 0,0 0 1 0 1,0 0 0 0 0,0.5904265442968646;45 56 97 109 135,0 0 1 1 0,0 0 0 1 1,0 0 0 0 0,0.632603180310494;45 56 97 109 135,0 0 1 1 1,0 1 1 0 0,0 0 0 0 0,0.6498029413297857;45 56 97 109 135,0 0 1 1 1,0 1 0 1 0,0 0 0 0 0,0.6597408796919237;45 56 97 109 135,0 0 1 1 1,0 1 0 0 1,0 0 0 0 0,0.6589691006468666;45 56 97 109 135,0 0 1 1 1,1 0 1 0 0,0 0 0 0 0,0.6686758321346008;45 56 97 109 135,0 0 1 1 1,1 0 0 1 0,0 0 0 0 0,0.6786137704967389;45 56 97 109 135,0 0 1 1 1,1 0 0 0 1,0 0 0 0 0,0.6778419914516818;45 56 97 109 135,0 1 0 0 0,0 1 1 0 0,0 0 0 0 0,0.7665189332065366;45 56 97 109 135,0 1 0 0 0,0 1 0 1 0,0 0 0 0 0,0.7416575326033406;45 56 97 109 135,0 1 0 0 0,1 1 0 0 0,0 0 0 0 0,0.6813003297437568;45 56 97 109 135,0 1 0 0 0,0 1 0 0 1,0 0 0 0 0,0.8217251008648232;45 56 97 109 135,0 1 0 0 1,0 1 1 0 0,0 0 0 0 0,0.455699493049487;45 56 97 109 135,0 1 0 0 1,0 0 1 0 1,0 0 0 0 0,0.6165454522657857;45 56 97 109 135,0 1 0 0 1,0 1 0 1 0,0 0 0 0 0,0.457235653796046;45 56 97 109 135,0 1 0 0 1,0 0 0 1 1,0 0 0 0 0,0.6180816130123448;45 56 97 109 135,0 1 0 0 1,1 1 0 0 0,0 0 0 0 0,0.30214523621539424;45 56 97 109 135,0 1 0 0 1,1 0 0 0 1,0 0 0 0 0,0.462991195431693;45 56 97 109 135,0 1 0 1 0,0 1 1 0 0,0 0 0 0 0,0.49073671215705317;45 56 97 109 135,0 1 0 1 0,0 0 1 1 0,0 0 0 0 0,0.6206982787313696;45 56 97 109 135,0 1 0 1 0,1 1 0 0 0,0 0 0 0 0,0.36590705388434985;45 56 97 109 135,0 1 0 1 0,1 0 0 1 0,0 0 0 0 0,0.4958686204586663;45 56 97 109 135,0 1 0 1 0,0 1 0 0 1,0 0 0 0 0,0.5127617548060639;45 56 97 109 135,0 1 0 1 0,0 0 0 1 1,0 0 0 0 0,0.6427233213803805;45 56 97 109 135,0 1 0 1 1,0 1 1 0 0,0 0 0 0 0,0.6421462622154323;45 56 97 109 135,0 1 0 1 1,0 0 1 1 0,0 0 0 0 0,0.7195087352181788;45 56 97 109 135,0 1 0 1 1,0 0 1 0 1,0 0 0 0 0,0.6981754162842857;45 56 97 109 135,0 1 0 1 1,1 1 0 0 0,0 0 0 0 0,0.5732342224595603;45 56 97 109 135,0 1 0 1 1,1 0 0 1 0,0 0 0 0 0,0.6505966954623069;45 56 97 109 135,0 1 0 1 1,1 0 0 0 1,0 0 0 0 0,0.6292633765284137;45 56 97 109 135,0 1 1 0 0,0 1 0 1 0,0 0 0 0 0,0.6258612824963934;45 56 97 109 135,0 1 1 0 0,0 0 1 1 0,0 0 0 0 0,0.7136462130570806;45 56 97 109 135,0 1 1 0 0,1 1 0 0 0,0 0 0 0 0,0.5607156296795721;45 56 97 109 135,0 1 1 0 0,1 0 1 0 0,0 0 0 0 0,0.6485005602402593;45 56 97 109 135,0 1 1 0 0,0 1 0 0 1,0 0 0 0 0,0.6105161898968955;45 56 97 109 135,0 1 1 0 0,0 0 1 0 1,0 0 0 0 0,0.6983011204575826;45 56 97 109 135,0 1 1 0 1,0 1 0 1 0,0 0 0 0 0,0.4650396015795609;45 56 97 109 135,0 1 1 0 1,0 0 1 1 0,0 0 0 0 0,0.5525432557711583;45 56 97 109 135,0 1 1 0 1,0 0 0 1 1,0 0 0 0 0,0.5878804396579487;45 56 97 109 135,0 1 1 0 1,1 1 0 0 0,0 0 0 0 0,0.3539509258100595;45 56 97 109 135,0 1 1 0 1,1 0 1 0 0,0 0 0 0 0,0.44145458000165694;45 56 97 109 135,0 1 1 0 1,1 0 0 0 1,0 0 0 0 0,0.47679176388844724;45 56 97 109 135,0 1 1 1 0,1 1 0 0 0,0 0 0 0 0,0.29919138413430146;45 56 97 109 135,0 1 1 1 0,1 0 1 0 0,0 0 0 0 0,0.4276453117562804;45 56 97 109 135,0 1 1 1 0,1 0 0 1 0,0 0 0 0 0,0.44249361374061913;45 56 97 109 135,0 1 1 1 0,0 1 0 0 1,0 0 0 0 0,0.44116445254578507;45 56 97 109 135,0 1 1 1 0,0 0 1 0 1,0 0 0 0 0,0.569618380167764;45 56 97 109 135,0 1 1 1 0,0 0 0 1 1,0 0 0 0 0,0.5844666821521027;45 56 97 109 135,0 1 1 1 1,1 1 0 0 0,0 0 0 0 0,0.6628484084059723;45 56 97 109 135,0 1 1 1 1,1 0 1 0 0,0 0 0 0 0,0.7491903810231946;45 56 97 109 135,0 1 1 1 1,1 0 0 1 0,0 0 0 0 0,0.7516556625829693;45 56 97 109 135,0 1 1 1 1,1 0 0 0 1,0 0 0 0 0,0.7937707109191261;45 56 97 109 135,0 0 0 0 0,0 0 1 0 0,0 0 0 0 0,0.6850127122932412;45 56 97 109 135,0 0 0 0 0,0 0 0 0 1,0 0 0 0 0,0.7663670921545205;45 56 97 109 135,0 0 0 0 0,0 0 0 1 0,0 0 0 0 0,0.6320005084709914;45 56 97 109 135,0 0 0 0 0,1 0 0 0 0,0 0 0 0 0,0.5361348034409354;45 56 97 109 135,0 0 0 0 0,0 1 0 0 0,0 0 0 0 0,0.5630714794227272;
155 157 160 162,0 1 2 3,1 1 1 1,0 0 0 0,0.9179794600858238;155 157 160 162,0 0 1 2,1 0 1 1,0 0 0 0,1.0;155 157 160 162,0 0 1 2,0 1 1 1,0 0 0 0,1.0;155 157 160 162,0 1 0 2,0 1 1 1,0 0 0 0,1.0;155 157 160 162,0 1 0 2,1 1 0 1,0 0 0 0,1.0;155 157 160 162,0 1 1 2,1 0 1 1,0 0 0 0,1.0;155 157 160 162,0 1 1 2,1 1 0 1,0 0 0 0,1.0;155 157 160 162,0 0 0 1,0 0 1 1,0 0 0 0,1.0;155 157 160 162,0 0 0 1,1 0 0 1,0 0 0 0,1.0;155 157 160 162,0 0 0 1,0 1 0 1,0 0 0 0,1.0;155 157 160 162,0 1 2 0,0 1 1 1,0 0 0 0,1.0;155 157 160 162,0 1 2 0,1 1 1 0,0 0 0 0,1.0;155 157 160 162,0 1 2 1,1 0 1 1,0 0 0 0,1.0;155 157 160 162,0 1 2 1,1 1 1 0,0 0 0 0,1.0;155 157 160 162,0 1 2 2,1 1 1 0,0 0 0 0,1.0;155 157 160 162,0 1 2 2,1 1 0 1,0 0 0 0,1.0;155 157 160 162,0 0 1 0,0 0 1 1,0 0 0 0,0.7842465108117578;155 157 160 162,0 0 1 0,1 0 1 0,0 0 0 0,0.7164571427387938;155 157 160 162,0 0 1 0,0 1 1 0,0 0 0 0,0.7511199341436673;155 157 160 162,0 0 1 1,1 0 1 0,0 0 0 0,0.2458233688433311;155 157 160 162,0 0 1 1,1 0 0 1,0 0 0 0,0.40680937587912036;155 157 160 162,0 0 1 1,0 1 1 0,0 0 0 0,0.3187700401983026;155 157 160 162,0 0 1 1,0 1 0 1,0 0 0 0,0.4797560472340917;155 157 160 162,0 1 0 0,0 1 1 0,0 0 0 0,1.0;155 157 160 162,0 1 0 0,0 1 0 1,0 0 0 0,1.0;155 157 160 162,0 1 0 0,1 1 0 0,0 0 0 0,1.0;155 157 160 162,0 1 0 1,0 0 1 1,0 0 0 0,1.0;155 157 160 162,0 1 0 1,0 1 1 0,0 0 0 0,1.0;155 157 160 162,0 1 0 1,1 0 0 1,0 0 0 0,1.0;155 157 160 162,0 1 0 1,1 1 0 0,0 0 0 0,1.0;155 157 160 162,0 1 1 0,0 0 1 1,0 0 0 0,0.4098691953873437;155 157 160 162,0 1 1 0,0 1 0 1,0 0 0 0,0.5362089355082902;155 157 160 162,0 1 1 0,1 0 1 0,0 0 0 0,0.3022762571175297;155 157 160 162,0 1 1 0,1 1 0 0,0 0 0 0,0.4286159972384763;155 157 160 162,0 1 1 1,1 0 1 0,0 0 0 0,0.7164571427387938;155 157 160 162,0 1 1 1,1 0 0 1,0 0 0 0,0.7615568947532556;155 157 160 162,0 1 1 1,1 1 0 0,0 0 0 0,0.7866644020162378;155 157 160 162,0 0 0 0,0 0 1 0,0 0 0 0,0.4727133697644901;155 157 160 162,0 0 0 0,0 0 0 1,0 0 0 0,0.7143092191536162;155 157 160 162,0 0 0 0,1 0 0 0,0 0 0 0,0.5860064171225573;155 157 160 162,0 0 0 0,0 1 0 0,0 0 0 0,0.6201853445362839;
63 159 190 192,0 1 2 3,1 1 1 1,0 0 0 0,0.919303116184011;63 159 190 192,0 0 1 2,0 1 1 1,0 0 0 0,1.0;63 159 190 192,0 0 1 2,1 0 1 1,0 0 0 0,1.0;63 159 190 192,0 1 0 2,0 1 1 1,0 0 0 0,1.0;63 159 190 192,0 1 0 2,1 1 0 1,0 0 0 0,1.0;63 159 190 192,0 1 1 2,1 0 1 1,0 0 0 0,1.0;63 159 190 192,0 1 1 2,1 1 0 1,0 0 0 0,1.0;63 159 190 192,0 0 0 1,0 1 0 1,0 0 0 0,1.0;63 159 190 192,0 0 0 1,0 0 1 1,0 0 0 0,1.0;63 159 190 192,0 0 0 1,1 0 0 1,0 0 0 0,1.0;63 159 190 192,0 1 2 0,0 1 1 1,0 0 0 0,0.8650822008337566;63 159 190 192,0 1 2 0,1 1 1 0,0 0 0 0,0.7866349057965359;63 159 190 192,0 1 2 1,1 0 1 1,0 0 0 0,0.7410606121678727;63 159 190 192,0 1 2 1,1 1 1 0,0 0 0 0,0.7960136705395857;63 159 190 192,0 1 2 2,1 1 0 1,0 0 0 0,0.7441549202942663;63 159 190 192,0 1 2 2,1 1 1 0,0 0 0 0,0.7233461305155167;63 159 190 192,0 0 1 0,0 1 1 0,0 0 0 0,0.7874956692622767;63 159 190 192,0 0 1 0,0 0 1 1,0 0 0 0,0.741133658100654;63 159 190 192,0 0 1 0,1 0 1 0,0 0 0 0,0.662516599586944;63 159 190 192,0 0 1 1,0 1 0 1,0 0 0 0,0.4586028094440723;63 159 190 192,0 0 1 1,0 1 1 0,0 0 0 0,0.43249988855539734;63 159 190 192,0 0 1 1,1 0 0 1,0 0 0 0,0.2872745043328637;63 159 190 192,0 0 1 1,1 0 1 0,0 0 0 0,0.261171583444189;63 159 190 192,0 1 0 0,0 1 0 1,0 0 0 0,0.8074024194613473;63 159 190 192,0 1 0 0,0 1 1 0,0 0 0 0,0.7786175600240589;63 159 190 192,0 1 0 0,1 1 0 0,0 0 0 0,0.6788891886887365;63 159 190 192,0 1 0 1,0 0 1 1,0 0 0 0,0.5798602505028416;63 159 190 192,0 1 0 1,0 1 1 0,0 0 0 0,0.652451857929798;63 159 190 192,0 1 0 1,1 0 0 1,0 0 0 0,0.5072264737072643;63 159 190 192,0 1 0 1,1 1 0 0,0 0 0 0,0.5798180811342207;63 159 190 192,0 1 1 0,0 0 1 1,0 0 0 0,0.5181169723901458;63 159 190 192,0 1 1 0,0 1 0 1,0 0 0 0,0.6168115007057771;63 159 190 192,0 1 1 0,1 0 1 0,0 0 0 0,0.4193802747058937;63 159 190 192,0 1 1 0,1 1 0 0,0 0 0 0,0.5180748030215248;63 159 190 192,0 1 1 1,1 0 0 1,0 0 0 0,0.6769167152053774;63 159 190 192,0 1 1 1,1 0 1 0,0 0 0 0,0.6712709363919418;63 159 190 192,0 1 1 1,1 1 0 0,0 0 0 0,0.7840856403589611;63 159 190 192,0 0 0 0,0 1 0 0,0 0 0 0,0.6509323852678615;63 159 190 192,0 0 0 0,0 0 0 1,0 0 0 0,0.5309827626072521;63 159 190 192,0 0 0 0,0 0 1 0,0 0 0 0,0.4960887674429937;63 159 190 192,0 0 0 0,1 0 0 0,0 0 0 0,0.3722546181581571;
165 181 183 185 381,0 1 2 3 4,1 1 1 1 1,0 0 0 0 0,0.910051025711777;165 181 183 185 381,0 0 1 2 3,1 0 1 1 1,0 0 0 0 0,0.7407966763124791;165 181 183 185 381,0 0 1 2 3,0 1 1 1 1,0 0 0 0 0,0.8128106221733322;165 181 183 185 381,0 1 0 2 3,1 1 0 1 1,0 0 0 0 0,1.0;165 181 183 185 381,0 1 0 2 3,0 1 1 1 1,0 0 0 0 0,1.0;165 181 183 185 381,0 1 1 2 3,1 1 0 1 1,0 0 0 0 0,0.8190160480270531;165 181 183 185 381,0 1 1 2 3,1 0 1 1 1,0 0 0 0 0,0.7257764057342933;165 181 183 185 381,0 0 0 1 2,0 0 1 1 1,0 0 0 0 0,0.7685739993136952;165 181 183 185 381,0 0 0 1 2,1 0 0 1 1,0 0 0 0 0,0.8407635518152037;165 181 183 185 381,0 0 0 1 2,0 1 0 1 1,0 0 0 0 0,0.8895944411197426;165 181 183 185 381,0 1 2 0 3,0 1 1 1 1,0 0 0 0 0,1.0;165 181 183 185 381,0 1 2 0 3,1 1 1 0 1,0 0 0 0 0,1.0;165 181 183 185 381,0 1 2 1 3,1 0 1 1 1,0 0 0 0 0,0.7838168855076517;165 181 183 185 381,0 1 2 1 3,1 1 1 0 1,0 0 0 0 0,0.8155730978102931;165 181 183 185 381,0 1 2 2 3,1 1 0 1 1,0 0 0 0 0,1.0;165 181 183 185 381,0 1 2 2 3,1 1 1 0 1,0 0 0 0 0,1.0;165 181 183 185 381,0 0 1 0 2,0 0 1 1 1,0 0 0 0 0,0.8043666518552746;165 181 183 185 381,0 0 1 0 2,1 0 1 0 1,0 0 0 0 0,0.7382186411117622;165 181 183 185 381,0 0 1 0 2,0 1 1 0 1,0 0 0 0 0,0.8064598823297209;165 181 183 185 381,0 0 1 1 2,1 0 0 1 1,0 0 0 0 0,0.6153808205253954;165 181 183 185 381,0 0 1 1 2,1 0 1 0 1,0 0 0 0 0,0.5432291613302136;165 181 183 185 381,0 0 1 1 2,0 1 0 1 1,0 0 0 0 0,0.7008211805243716;165 181 183 185 381,0 0 1 1 2,0 1 1 0 1,0 0 0 0 0,0.6286695213291897;165 181 183 185 381,0 1 0 0 2,0 1 0 1 1,0 0 0 0 0,1.0;165 181 183 185 381,0 1 0 0 2,1 1 0 0 1,0 0 0 0 0,1.0;165 181 183 185 381,0 1 0 0 2,0 1 1 0 1,0 0 0 0 0,1.0;165 181 183 185 381,0 1 0 1 2,1 0 0 1 1,0 0 0 0 0,0.7088044290916069;165 181 183 185 381,0 1 0 1 2,1 1 0 0 1,0 0 0 0 0,0.7467484572226968;165 181 183 185 381,0 1 0 1 2,0 0 1 1 1,0 0 0 0 0,0.6841491017643112;165 181 183 185 381,0 1 0 1 2,0 1 1 0 1,0 0 0 0 0,0.7220931298954011;165 181 183 185 381,0 1 1 0 2,0 1 0 1 1,0 0 0 0 0,0.703428954760313;165 181 183 185 381,0 1 1 0 2,0 0 1 1 1,0 0 0 0 0,0.5933332674340412;165 181 183 185 381,0 1 1 0 2,1 1 0 0 1,0 0 0 0 0,0.6559326228924267;165 181 183 185 381,0 1 1 0 2,1 0 1 0 1,0 0 0 0 0,0.545836935566155;165 181 183 185 381,0 1 1 1 2,1 0 0 1 1,0 0 0 0 0,0.7996651147161655;165 181 183 185 381,0 1 1 1 2,1 1 0 0 1,0 0 0 0 0,0.8181406458187714;165 181 183 185 381,0 1 1 1 2,1 0 1 0 1,0 0 0 0 0,0.7382186411117622;165 181 183 185 381,0 0 0 0 1,0 0 1 0 1,0 0 0 0 0,0.7488423398370896;165 181 183 185 381,0 0 0 0 1,0 0 0 1 1,0 0 0 0 0,0.8364277564878435;165 181 183 185 381,0 0 0 0 1,1 0 0 0 1,0 0 0 0 0,0.751643784478004;165 181 183 185 381,0 0 0 0 1,0 1 0 0 1,0 0 0 0 0,0.804195948846634;165 181 183 185 381,0 1 2 3 0,0 1 1 1 1,0 0 0 0 0,1.0;165 181 183 185 381,0 1 2 3 0,1 1 1 1 0,0 0 0 0 0,1.0;165 181 183 185 381,0 1 2 3 1,1 0 1 1 1,0 0 0 0 0,0.7738559523699571;165 181 183 185 381,0 1 2 3 1,1 1 1 1 0,0 0 0 0 0,0.8248391315685276;165 181 183 185 381,0 1 2 3 2,1 1 0 1 1,0 0 0 0 0,1.0;165 181 183 185 381,0 1 2 3 2,1 1 1 1 0,0 0 0 0 0,1.0;165 181 183 185 381,0 1 2 3 3,1 1 1 1 0,0 0 0 0 0,1.0;165 181 183 185 381,0 1 2 3 3,1 1 1 0 1,0 0 0 0 0,1.0;165 181 183 185 381,0 0 1 2 0,0 0 1 1 1,0 0 0 0 0,0.7563151268890035;165 181 183 185 381,0 0 1 2 0,1 0 1 1 0,0 0 0 0 0,0.7422881254053515;165 181 183 185 381,0 0 1 2 0,0 1 1 1 0,0 0 0 0 0,0.8157134665045747;165 181 183 185 381,0 0 1 2 1,1 0 0 1 1,0 0 0 0 0,0.6062227017914998;165 181 183 185 381,0 0 1 2 1,1 0 1 1 0,0 0 0 0 0,0.5570712500710525;165 181 183 185 381,0 0 1 2 1,0 1 0 1 1,0 0 0 0 0,0.691663061790476;165 181 183 185 381,0 0 1 2 1,0 1 1 1 0,0 0 0 0 0,0.6425116100700285;165 181 183 185 381,0 0 1 2 2,1 0 1 1 0,0 0 0 0 0,0.5102364769515659;165 181 183 185 381,0 0 1 2 2,1 0 1 0 1,0 0 0 0 0,0.4872362694768314;165 181 183 185 381,0 0 1 2 2,0 1 1 1 0,0 0 0 0 0,0.5956768369505421;165 181 183 185 381,0 0 1 2 2,0 1 1 0 1,0 0 0 0 0,0.5726766294758074;165 181 183 185 381,0 1 0 2 0,0 1 0 1 1,0 0 0 0 0,1.0;165 181 183 185 381,0 1 0 2 0,1 1 0 1 0,0 0 0 0 0,1.0;165 181 183 185 381,0 1 0 2 0,0 1 1 1 0,0 0 0 0 0,1.0;165 181 183 185 381,0 1 0 2 1,1 0 0 1 1,0 0 0 0 0,0.6955231849080138;165 181 183 185 381,0 1 0 2 1,1 1 0 1 0,0 0 0 0 0,0.7564674205138384;165 181 183 185 381,0 1 0 2 1,0 0 1 1 1,0 0 0 0 0,0.6708678575807181;165 181 183 185 381,0 1 0 2 1,0 1 1 1 0,0 0 0 0 0,0.7318120931865426;165 181 183 185 381,0 1 0 2 2,1 1 0 1 0,0 0 0 0 0,1.0;165 181 183 185 381,0 1 0 2 2,1 1 0 0 1,0 0 0 0 0,1.0;165 181 183 185 381,0 1 0 2 2,0 1 1 1 0,0 0 0 0 0,1.0;165 181 183 185 381,0 1 0 2 2,0 1 1 0 1,0 0 0 0 0,1.0;165 181 183 185 381,0 1 1 2 0,0 1 0 1 1,0 0 0 0 0,0.642119996585103;165 181 183 185 381,0 1 1 2 0,0 0 1 1 1,0 0 0 0 0,0.5320243092588313;165 181 183 185 381,0 1 1 2 0,1 1 0 1 0,0 0 0 0 0,0.6176238721919516;165 181 183 185 381,0 1 1 2 0,1 0 1 1 0,0 0 0 0 0,0.5075281848656796;165 181 183 185 381,0 1 1 2 1,1 0 0 1 1,0 0 0 0 0,0.7863700648502132;165 181 183 185 381,0 1 1 2 1,1 1 0 1 0,0 0 0 0 0,0.8406872375074821;165 181 183 185 381,0 1 1 2 1,1 0 1 1 0,0 0 0 0 0,0.7422881254053515;165 181 183 185 381,0 1 1 2 2,1 1 0 1 0,0 0 0 0 0,0.6003051368402565;165 181 183 185 381,0 1 1 2 2,1 1 0 0 1,0 0 0 0 0,0.5773049293655219;165 181 183 185 381,0 1 1 2 2,1 0 1 1 0,0 0 0 0 0,0.4902094495139848;165 181 183 185 381,0 1 1 2 2,1 0 1 0 1,0 0 0 0 0,0.4672092420392502;165 181 183 185 381,0 0 0 1 0,0 0 1 1 0,0 0 0 0 0,0.6765374846312441;165 181 183 185 381,0 0 0 1 0,0 0 0 1 1,0 0 0 0 0,0.7750891449246802;165 181 183 185 381,0 0 0 1 0,1 0 0 1 0,0 0 0 0 0,0.7708187858592193;165 181 183 185 381,0 0 0 1 0,0 1 0 1 0,0 0 0 0 0,0.8528814835816955;165 181 183 185 381,0 0 0 1 1,0 0 1 1 0,0 0 0 0 0,0.4297111250028126;165 181 183 185 381,0 0 0 1 1,0 0 1 0 1,0 0 0 0 0,0.3991644363704674;165 181 183 185 381,0 0 0 1 1,1 0 0 1 0,0 0 0 0 0,0.5325270518822052;165 181 183 185 381,0 0 0 1 1,1 0 0 0 1,0 0 0 0 0,0.5019803632498601;165 181 183 185 381,0 0 0 1 1,0 1 0 1 0,0 0 0 0 0,0.5899060341157717;165 181 183 185 381,0 0 0 1 1,0 1 0 0 1,0 0 0 0 0,0.5593593454834265;165 181 183 185 381,0 1 2 0 0,0 1 1 1 0,0 0 0 0 0,1.0;165 181 183 185 381,0 1 2 0 0,0 1 1 0 1,0 0 0 0 0,1.0;165 181 183 185 381,0 1 2 0 0,1 1 1 0 0,0 0 0 0 0,1.0;165 181 183 185 381,0 1 2 0 1,0 0 1 1 1,0 0 0 0 0,0.6574393296149263;165 181 183 185 381,0 1 2 0 1,0 1 1 1 0,0 0 0 0 0,0.7183835652207509;165 181 183 185 381,0 1 2 0 1,1 0 1 0 1,0 0 0 0 0,0.6099429977470401;165 181 183 185 381,0 1 2 0 1,1 1 1 0 0,0 0 0 0 0,0.6708872333528646;165 181 183 185 381,0 1 2 0 2,0 1 0 1 1,0 0 0 0 0,1.0;165 181 183 185 381,0 1 2 0 2,0 1 1 1 0,0 0 0 0 0,1.0;165 181 183 185 381,0 1 2 0 2,1 1 0 0 1,0 0 0 0 0,1.0;165 181 183 185 381,0 1 2 0 2,1 1 1 0 0,0 0 0 0 0,1.0;165 181 183 185 381,0 1 2 1 0,0 0 1 1 1,0 0 0 0 0,0.6094116156233094;165 181 183 185 381,0 1 2 1 0,0 1 1 0 1,0 0 0 0 0,0.6473556437543992;165 181 183 185 381,0 1 2 1 0,1 0 1 1 0,0 0 0 0 0,0.5849154912301577;165 181 183 185 381,0 1 2 1 0,1 1 1 0 0,0 0 0 0 0,0.6228595193612476;165 181 183 185 381,0 1 2 1 1,1 0 1 1 0,0 0 0 0 0,0.7490248739237642;165 181 183 185 381,0 1 2 1 1,1 0 1 0 1,0 0 0 0 0,0.7382186411117623;165 181 183 185 381,0 1 2 1 1,1 1 1 0 0,0 0 0 0 0,0.8201157682740632;165 181 183 185 381,0 1 2 1 2,1 0 0 1 1,0 0 0 0 0,0.6635829807183966;165 181 183 185 381,0 1 2 1 2,1 0 1 1 0,0 0 0 0 0,0.6144315289979494;165 181 183 185 381,0 1 2 1 2,1 1 0 0 1,0 0 0 0 0,0.7015270088494865;165 181 183 185 381,0 1 2 1 2,1 1 1 0 0,0 0 0 0 0,0.6523755571290393;165 181 183 185 381,0 1 2 2 0,0 1 0 1 1,0 0 0 0 0,1.0;165 181 183 185 381,0 1 2 2 0,0 1 1 0 1,0 0 0 0 0,1.0;165 181 183 185 381,0 1 2 2 0,1 1 0 1 0,0 0 0 0 0,1.0;165 181 183 185 381,0 1 2 2 0,1 1 1 0 0,0 0 0 0 0,1.0;165 181 183 185 381,0 1 2 2 1,1 0 0 1 1,0 0 0 0 0,0.6594598552686993;165 181 183 185 381,0 1 2 2 1,1 0 1 0 1,0 0 0 0 0,0.5873081960735174;165 181 183 185 381,0 1 2 2 1,1 1 0 1 0,0 0 0 0 0,0.7204040908745237;165 181 183 185 381,0 1 2 2 1,1 1 1 0 0,0 0 0 0 0,0.6482524316793419;165 181 183 185 381,0 1 2 2 2,1 1 0 1 0,0 0 0 0 0,1.0;165 181 183 185 381,0 1 2 2 2,1 1 0 0 1,0 0 0 0 0,1.0;165 181 183 185 381,0 1 2 2 2,1 1 1 0 0,0 0 0 0 0,1.0;165 181 183 185 381,0 0 1 0 0,0 0 1 1 0,0 0 0 0 0,0.747022191388335;165 181 183 185 381,0 0 1 0 0,0 0 1 0 1,0 0 0 0 0,0.6812587342415342;165 181 183 185 381,0 0 1 0 0,1 0 1 0 0,0 0 0 0 0,0.6622382193784957;165 181 183 185 381,0 0 1 0 0,0 1 1 0 0,0 0 0 0 0,0.7864520187860045;165 181 183 185 381,0 0 1 0 1,0 0 0 1 1,0 0 0 0 0,0.6165936924673747;165 181 183 185 381,0 0 1 0 1,0 0 1 1 0,0 0 0 0 0,0.5536522634944114;165 181 183 185 381,0 0 1 0 1,1 0 0 0 1,0 0 0 0 0,0.5266426456667004;165 181 183 185 381,0 0 1 0 1,1 0 1 0 0,0 0 0 0 0,0.4637012166937371;165 181 183 185 381,0 0 1 0 1,0 1 0 0 1,0 0 0 0 0,0.6131371557703965;165 181 183 185 381,0 0 1 0 1,0 1 1 0 0,0 0 0 0 0,0.5501957267974333;165 181 183 185 381,0 0 1 1 0,0 0 0 1 1,0 0 0 0 0,0.5582535831188117;165 181 183 185 381,0 0 1 1 0,0 0 1 0 1,0 0 0 0 0,0.4647654655135032;165 181 183 185 381,0 0 1 1 0,1 0 0 1 0,0 0 0 0 0,0.5425304276281712;165 181 183 185 381,0 0 1 1 0,1 0 1 0 0,0 0 0 0 0,0.44904231002286255;165 181 183 185 381,0 0 1 1 0,0 1 0 1 0,0 0 0 0 0,0.636801087553764;165 181 183 185 381,0 0 1 1 0,0 1 1 0 0,0 0 0 0 0,0.5433129699484553;165 181 183 185 381,0 0 1 1 1,1 0 0 1 0,0 0 0 0 0,0.4425216935811095;165 181 183 185 381,0 0 1 1 1,1 0 0 0 1,0 0 0 0 0,0.4249165908118967;165 181 183 185 381,0 0 1 1 1,1 0 1 0 0,0 0 0 0 0,0.34022562157537384;165 181 183 185 381,0 0 1 1 1,0 1 0 1 0,0 0 0 0 0,0.5548148818563319;165 181 183 185 381,0 0 1 1 1,0 1 0 0 1,0 0 0 0 0,0.5372097790871191;165 181 183 185 381,0 0 1 1 1,0 1 1 0 0,0 0 0 0 0,0.4525188098505961;165 181 183 185 381,0 1 0 0 0,0 1 0 1 0,0 0 0 0 0,1.0;165 181 183 185 381,0 1 0 0 0,0 1 0 0 1,0 0 0 0 0,1.0;165 181 183 185 381,0 1 0 0 0,1 1 0 0 0,0 0 0 0 0,1.0;165 181 183 185 381,0 1 0 0 0,0 1 1 0 0,0 0 0 0 0,1.0;165 181 183 185 381,0 1 0 0 1,0 0 0 1 1,0 0 0 0 0,0.6012237179930401;165 181 183 185 381,0 1 0 0 1,0 1 0 1 0,0 0 0 0 0,0.6820900664133724;165 181 183 185 381,0 1 0 0 1,1 0 0 0 1,0 0 0 0 0,0.5331664419197812;165 181 183 185 381,0 1 0 0 1,1 1 0 0 0,0 0 0 0 0,0.6140327903401137;165 181 183 185 381,0 1 0 0 1,0 0 1 0 1,0 0 0 0 0,0.4912612509954718;165 181 183 185 381,0 1 0 0 1,0 1 1 0 0,0 0 0 0 0,0.5721275994158043;165 181 183 185 381,0 1 0 1 0,0 0 0 1 1,0 0 0 0 0,0.6211455842684296;165 181 183 185 381,0 1 0 1 0,0 1 0 0 1,0 0 0 0 0,0.6714652440564168;165 181 183 185 381,0 1 0 1 0,1 0 0 1 0,0 0 0 0 0,0.6147497812334337;165 181 183 185 381,0 1 0 1 0,1 1 0 0 0,0 0 0 0 0,0.6650694410214208;165 181 183 185 381,0 1 0 1 0,0 0 1 1 0,0 0 0 0 0,0.4208231723386002;165 181 183 185 381,0 1 0 1 0,0 1 1 0 0,0 0 0 0 0,0.4711428321265875;165 181 183 185 381,0 1 0 1 1,1 0 0 1 0,0 0 0 0 0,0.6067305448647619;165 181 183 185 381,0 1 0 1 1,1 0 0 0 1,0 0 0 0 0,0.5944748182265158;165 181 183 185 381,0 1 0 1 1,1 1 0 0 0,0 0 0 0 0,0.7067705039815627;165 181 183 185 381,0 1 0 1 1,0 0 1 1 0,0 0 0 0 0,0.5752159557466887;165 181 183 185 381,0 1 0 1 1,0 0 1 0 1,0 0 0 0 0,0.5629602291084425;165 181 183 185 381,0 1 0 1 1,0 1 1 0 0,0 0 0 0 0,0.6752559148634893;165 181 183 185 381,0 1 1 0 0,0 1 0 1 0,0 0 0 0 0,0.5933496510129886;165 181 183 185 381,0 1 1 0 0,0 0 1 1 0,0 0 0 0 0,0.449541873619693;165 181 183 185 381,0 1 1 0 0,0 1 0 0 1,0 0 0 0 0,0.5389099351174398;165 181 183 185 381,0 1 1 0 0,0 0 1 0 1,0 0 0 0 0,0.39510215772414414;165 181 183 185 381,0 1 1 0 0,1 1 0 0 0,0 0 0 0 0,0.4539928578122976;165 181 183 185 381,0 1 1 0 0,1 0 1 0 0,0 0 0 0 0,0.31018508041900195;165 181 183 185 381,0 1 1 0 1,0 0 0 1 1,0 0 0 0 0,0.6003052015799667;165 181 183 185 381,0 1 1 0 1,0 1 0 1 0,0 0 0 0 0,0.6712309555774656;165 181 183 185 381,0 1 1 0 1,0 0 1 1 0,0 0 0 0 0,0.5449680410203817;165 181 183 185 381,0 1 1 0 1,1 0 0 0 1,0 0 0 0 0,0.5383316730927316;165 181 183 185 381,0 1 1 0 1,1 1 0 0 0,0 0 0 0 0,0.6092574270902305;165 181 183 185 381,0 1 1 0 1,1 0 1 0 0,0 0 0 0 0,0.4829945125331465;165 181 183 185 381,0 1 1 1 0,0 0 0 1 1,0 0 0 0 0,0.5282843391160802;165 181 183 185 381,0 1 1 1 0,0 1 0 0 1,0 0 0 0 0,0.5494012533613414;165 181 183 185 381,0 1 1 1 0,0 0 1 0 1,0 0 0 0 0,0.45085399989693975;165 181 183 185 381,0 1 1 1 0,1 0 0 1 0,0 0 0 0 0,0.49685749926119027;165 181 183 185 381,0 1 1 1 0,1 1 0 0 0,0 0 0 0 0,0.5179744135064515;165 181 183 185 381,0 1 1 1 0,1 0 1 0 0,0 0 0 0 0,0.41942716004204983;165 181 183 185 381,0 1 1 1 1,1 0 0 1 0,0 0 0 0 0,0.7201326372894088;165 181 183 185 381,0 1 1 1 1,1 0 0 0 1,0 0 0 0 0,0.6939122105257002;165 181 183 185 381,0 1 1 1 1,1 1 0 0 0,0 0 0 0 0,0.775809337688001;165 181 183 185 381,0 1 1 1 1,1 0 1 0 0,0 0 0 0 0,0.6337994727439742;165 181 183 185 381,0 0 0 0 0,1 0 0 0 0,0 0 0 0 0,0.5169412601902377;165 181 183 185 381,0 0 0 0 0,0 1 0 0 0,0 0 0 0 0,0.6727596439509724;165 181 183 185 381,0 0 0 0 0,0 0 1 0 0,0 0 0 0 0,0.43294607517670436;165 181 183 185 381,0 0 0 0 0,0 0 0 1 0,0 0 0 0 0,0.6348462488904026;165 181 183 185 381,0 0 0 0 0,0 0 0 0 1,0 0 0 0 0,0.5604639581959254;
2 4 8 19 28 47,0 0 0 0 0 0,0 0 0 0 0 0,0 0 0 0 0 0,0.5;
36 39,0 0,1 0,0 0,1.0;36 39,0 0,0 1,0 0,1.0;
70 73,0 0,0 1,0 0,1.0;70 73,0 0,1 0,0 0,1.0;
123 126,0 0,1 0,0 0,1.0;123 126,0 0,0 1,0 0,1.0;
169 381,0 0,1 0,0 0,1.0;169 381,0 0,0 1,0 0,1.0;
216 219,0 0,1 0,0 0,1.0;216 219,0 0,0 1,0 0,1.0;
223 226,0 0,0 1,0 0,1.0;223 226,0 0,1 0,0 0,1.0;
238 243,0 0,0 1,0 0,1.0;238 243,0 0,1 0,0 0,1.0;
267 270,0 0,1 0,0 0,1.0;267 270,0 0,0 1,0 0,1.0;
276 279,0 0,1 0,0 0,1.0;276 279,0 0,0 1,0 0,1.0;
286 288,0 0,0 1,0 0,1.0;286 288,0 0,1 0,0 0,1.0;
289 332,0 0,1 0,0 0,1.0;289 332,0 0,0 1,0 0,1.0;
299 302,0 0,1 0,0 0,1.0;299 302,0 0,0 1,0 0,1.0;
326 379,0 0,0 1,0 0,1.0;326 379,0 0,1 0,0 0,1.0;
350 354,0 0,0 1,0 0,1.0;350 354,0 0,1 0,0 0,1.0;
358 361,0 0,0 1,0 0,1.0;358 361,0 0,1 0,0 0,1.0;
