1 2 3,0 0 0,0 0 0,0 0 0,0.5;
4 5 6,0 1 2,1 1 1,0 0 0,0.9353154469828219;4 5 6,0 0 1,1 0 1,0 0 0,1.0;4 5 6,0 0 1,0 1 1,0 0 0,1.0;4 5 6,0 1 0,1 1 0,0 0 0,1.0;4 5 6,0 1 0,0 1 1,0 0 0,1.0;4 5 6,0 1 1,1 1 0,0 0 0,1.0;4 5 6,0 1 1,1 0 1,0 0 0,1.0;4 5 6,0 0 0,1 0 0,0 0 0,1.0;4 5 6,0 0 0,0 1 0,0 0 0,1.0;4 5 6,0 0 0,0 0 1,0 0 0,1.0;
4 7,0 0,1 0,0 0,1.0;4 7,0 0,0 1,0 0,1.0;
7 8,0 0,0 1,0 0,1.0;7 8,0 0,1 0,0 0,1.0;
8 9 10,0 1 2,1 1 1,0 0 0,0.9324060026650834;8 9 10,0 0 1,1 0 1,0 0 0,0.5512166270906228;8 9 10,0 0 1,0 1 1,0 0 0,0.7500286615978042;8 9 10,0 1 0,1 1 0,0 0 0,0.6801878500641174;8 9 10,0 1 0,0 1 1,0 0 0,0.8221285523262458;8 9 10,0 1 1,1 1 0,0 0 0,1.0;8 9 10,0 1 1,1 0 1,0 0 0,1.0;8 9 10,0 0 0,1 0 0,0 0 0,0.4187982121905406;8 9 10,0 0 0,0 1 0,0 0 0,0.65537894167834;8 9 10,0 0 0,0 0 1,0 0 0,0.5906700115038723;
9 11,0 0,1 0,0 0,1.0;9 11,0 0,0 1,0 0,1.0;
11 12,0 0,1 0,0 0,1.0;11 12,0 0,0 1,0 0,1.0;
13 14,0 0,1 0,0 0,1.0;13 14,0 0,0 1,0 0,1.0;
13 15 16,0 1 2,1 1 1,0 0 0,0.9169792029812806;13 15 16,0 0 1,1 0 1,0 0 0,0.6962108356202134;13 15 16,0 0 1,0 1 1,0 0 0,0.8149438418692904;13 15 16,0 1 0,0 1 1,0 0 0,0.7381623592418091;13 15 16,0 1 0,1 1 0,0 0 0,0.5460749574168946;13 15 16,0 1 1,1 0 1,0 0 0,0.7243214556131354;13 15 16,0 1 1,1 1 0,0 0 0,0.6509670600372981;13 15 16,0 0 0,0 0 1,0 0 0,0.6471223614148365;13 15 16,0 0 0,1 0 0,0 0 0,0.4012854399790041;13 15 16,0 0 0,0 1 0,0 0 0,0.5760873570828301;
17 18 19,0 1 2,1 1 1,0 0 0,0.9219696988077319;17 18 19,0 0 1,1 0 1,0 0 0,0.8228629754900281;17 18 19,0 0 1,0 1 1,0 0 0,0.7183756405561934;17 18 19,0 1 0,1 1 0,0 0 0,0.6696295645892575;17 18 19,0 1 0,0 1 1,0 0 0,0.741036420629623;17 18 19,0 1 1,1 1 0,0 0 0,1.0;17 18 19,0 1 1,1 0 1,0 0 0,1.0;17 18 19,0 0 0,1 0 0,0 0 0,0.5599569387218377;17 18 19,0 0 0,0 1 0,0 0 0,0.47724379151683893;17 18 19,0 0 0,0 0 1,0 0 0,0.6357510489366567;
20 21 22,0 1 2,1 1 1,0 0 0,0.9275435922438363;20 21 22,0 0 1,1 0 1,0 0 0,0.7002957295757735;20 21 22,0 0 1,0 1 1,0 0 0,0.6330705595155358;20 21 22,0 1 0,1 1 0,0 0 0,0.7313251992214809;20 21 22,0 1 0,0 1 1,0 0 0,0.5593432335048167;20 21 22,0 1 1,1 1 0,0 0 0,0.8497593788298109;20 21 22,0 1 1,1 0 1,0 0 0,0.7450025831733844;20 21 22,0 0 0,1 0 0,0 0 0,0.6635034524642311;20 21 22,0 0 0,0 1 0,0 0 0,0.6172089632792528;20 21 22,0 0 0,0 0 1,0 0 0,0.4354251516203337;
20 23,0 0,1 0,0 0,1.0;20 23,0 0,0 1,0 0,1.0;
1 24,0 0,0 1,0 0,1.0;1 24,0 0,1 0,0 0,1.0;
24 25,0 0,1 0,0 0,1.0;24 25,0 0,0 1,0 0,1.0;
25 26 27,0 1 2,1 1 1,0 0 0,0.9149572421839761;25 26 27,0 0 1,1 0 1,0 0 0,0.5398877135588419;25 26 27,0 0 1,0 1 1,0 0 0,0.7270112504786322;25 26 27,0 1 0,1 1 0,0 0 0,0.745022316251922;25 26 27,0 1 0,0 1 1,0 0 0,0.8268283440530733;25 26 27,0 1 1,1 1 0,0 0 0,1.0;25 26 27,0 1 1,1 0 1,0 0 0,1.0;25 26 27,0 0 0,1 0 0,0 0 0,0.427183817960598;25 26 27,0 0 0,0 1 0,0 0 0,0.6962192358332155;25 26 27,0 0 0,0 0 1,0 0 0,0.5575709160512916;
26 28,0 0,1 0,0 0,1.0;26 28,0 0,0 1,0 0,1.0;
28 29,0 0,1 0,0 0,1.0;28 29,0 0,0 1,0 0,1.0;
29 30 31 32,0 1 2 3,1 1 1 1,0 0 0 0,0.9191944240149841;29 30 31 32,0 0 1 2,1 0 1 1,0 0 0 0,1.0;29 30 31 32,0 0 1 2,0 1 1 1,0 0 0 0,1.0;29 30 31 32,0 1 0 2,1 1 0 1,0 0 0 0,1.0;29 30 31 32,0 1 0 2,0 1 1 1,0 0 0 0,1.0;29 30 31 32,0 1 1 2,1 1 0 1,0 0 0 0,1.0;29 30 31 32,0 1 1 2,1 0 1 1,0 0 0 0,1.0;29 30 31 32,0 0 0 1,1 0 0 1,0 0 0 0,1.0;29 30 31 32,0 0 0 1,0 1 0 1,0 0 0 0,1.0;29 30 31 32,0 0 0 1,0 0 1 1,0 0 0 0,1.0;29 30 31 32,0 1 2 0,0 1 1 1,0 0 0 0,0.8572746003918704;29 30 31 32,0 1 2 0,1 1 1 0,0 0 0 0,0.7674720518241426;29 30 31 32,0 1 2 1,1 0 1 1,0 0 0 0,0.7437477847463956;29 30 31 32,0 1 2 1,1 1 1 0,0 0 0 0,0.7806372247122573;29 30 31 32,0 1 2 2,1 1 0 1,0 0 0 0,0.7499757158945406;29 30 31 32,0 1 2 2,1 1 1 0,0 0 0 0,0.7064820609530185;29 30 31 32,0 0 1 0,0 0 1 1,0 0 0 0,0.7602428682481903;29 30 31 32,0 0 1 0,1 0 1 0,0 0 0 0,0.6625447738260657;29 30 31 32,0 0 1 0,0 1 1 0,0 0 0 0,0.7609028612452005;29 30 31 32,0 0 1 1,1 0 0 1,0 0 0 0,0.2960213293040528;29 30 31 32,0 0 1 1,1 0 1 0,0 0 0 0,0.24246125996071244;29 30 31 32,0 0 1 1,0 1 0 1,0 0 0 0,0.4568821813576276;29 30 31 32,0 0 1 1,0 1 1 0,0 0 0 0,0.40332211201428725;29 30 31 32,0 1 0 0,0 1 0 1,0 0 0 0,0.8051064637587713;29 30 31 32,0 1 0 0,1 1 0 0,0 0 0 0,0.6994793989862464;29 30 31 32,0 1 0 0,0 1 1 0,0 0 0 0,0.7859910741969671;29 30 31 32,0 1 0 1,1 0 0 1,0 0 0 0,0.5128969971191429;29 30 31 32,0 1 0 1,1 1 0 0,0 0 0 0,0.5626018834336954;29 30 31 32,0 1 0 1,0 0 1 1,0 0 0 0,0.5704928935148248;29 30 31 32,0 1 0 1,0 1 1 0,0 0 0 0,0.6201977798293774;29 30 31 32,0 1 1 0,0 1 0 1,0 0 0 0,0.629872469812498;29 30 31 32,0 1 1 0,0 0 1 1,0 0 0 0,0.5266075141546049;29 30 31 32,0 1 1 0,1 1 0 0,0 0 0 0,0.5187165040734758;29 30 31 32,0 1 1 0,1 0 1 0,0 0 0 0,0.41545154841558274;29 30 31 32,0 1 1 1,1 0 0 1,0 0 0 0,0.7148439651639827;29 30 31 32,0 1 1 1,1 1 0 0,0 0 0 0,0.7903590007807919;29 30 31 32,0 1 1 1,1 0 1 0,0 0 0 0,0.6438953605484237;29 30 31 32,0 0 0 0,0 0 0 1,0 0 0 0,0.5386598344218074;29 30 31 32,0 0 0 0,1 0 0 0,0 0 0 0,0.37283249453925726;29 30 31 32,0 0 0 0,0 1 0 0,0 0 0 0,0.619651393987706;29 30 31 32,0 0 0 0,0 0 1 0,0 0 0 0,0.470403173560227;
30 33,0 0,0 1,0 0,1.0;30 33,0 0,1 0,0 0,1.0;
27 34,0 0,0 1,0 0,1.0;27 34,0 0,1 0,0 0,1.0;
34 35 36,0 1 2,1 1 1,0 0 0,0.9542241735122315;34 35 36,0 0 1,1 0 1,0 0 0,0.6219059698070732;34 35 36,0 0 1,0 1 1,0 0 0,0.6855416845338271;34 35 36,0 1 0,1 1 0,0 0 0,0.7103712874858652;34 35 36,0 1 0,0 1 1,0 0 0,0.8012109470213744;34 35 36,0 1 1,1 1 0,0 0 0,0.6813322022624141;34 35 36,0 1 1,1 0 1,0 0 0,0.7085361470711692;34 35 36,0 0 0,1 0 0,0 0 0,0.4247333334980553;34 35 36,0 0 0,0 1 0,0 0 0,0.5176845046518844;34 35 36,0 0 0,0 0 1,0 0 0,0.6585991981365868;
35 37,0 0,1 0,0 0,1.0;35 37,0 0,0 1,0 0,1.0;
37 38,0 0,1 0,0 0,1.0;37 38,0 0,0 1,0 0,1.0;
38 39 40,0 1 2,1 1 1,0 0 0,0.9329913028323004;38 39 40,0 0 1,1 0 1,0 0 0,0.5549803777148539;38 39 40,0 0 1,0 1 1,0 0 0,0.7486358043387473;38 39 40,0 1 0,0 1 1,0 0 0,0.8520445985262719;38 39 40,0 1 0,1 1 0,0 0 0,0.7296693577558794;38 39 40,0 1 1,1 0 1,0 0 0,0.653863196586967;38 39 40,0 1 1,1 1 0,0 0 0,0.7251433824404678;38 39 40,0 0 0,0 0 1,0 0 0,0.5793307513138994;38 39 40,0 0 0,1 0 0,0 0 0,0.4650496339771669;38 39 40,0 0 0,0 1 0,0 0 0,0.606265956153444;
39 41,0 0,0 1,0 0,1.0;39 41,0 0,1 0,0 0,1.0;
41 42 43,0 1 2,1 1 1,0 0 0,0.9322798545097282;41 42 43,0 0 1,1 0 1,0 0 0,0.5533734339658226;41 42 43,0 0 1,0 1 1,0 0 0,0.7515807508316499;41 42 43,0 1 0,1 1 0,0 0 0,1.0;41 42 43,0 1 0,0 1 1,0 0 0,1.0;41 42 43,0 1 1,1 1 0,0 0 0,0.7114338546758174;41 42 43,0 1 1,1 0 1,0 0 0,0.6491158353048453;41 42 43,0 0 0,1 0 0,0 0 0,0.45920965941755465;41 42 43,0 0 0,0 1 0,0 0 0,0.5895960682299758;41 42 43,0 0 0,0 0 1,0 0 0,0.6030247693608015;
42 44,0 0,1 0,0 0,1.0;42 44,0 0,0 1,0 0,1.0;
44 45 46,0 1 2,1 1 1,0 0 0,0.9352803530189419;44 45 46,0 0 1,1 0 1,0 0 0,1.0;44 45 46,0 0 1,0 1 1,0 0 0,1.0;44 45 46,0 1 0,1 1 0,0 0 0,1.0;44 45 46,0 1 0,0 1 1,0 0 0,1.0;44 45 46,0 1 1,1 1 0,0 0 0,1.0;44 45 46,0 1 1,1 0 1,0 0 0,1.0;44 45 46,0 0 0,1 0 0,0 0 0,1.0;44 45 46,0 0 0,0 1 0,0 0 0,1.0;44 45 46,0 0 0,0 0 1,0 0 0,1.0;
45 47,0 0,1 0,0 0,1.0;45 47,0 0,0 1,0 0,1.0;
36 48,0 0,0 1,0 0,1.0;36 48,0 0,1 0,0 0,1.0;
48 49,0 0,1 0,0 0,1.0;48 49,0 0,0 1,0 0,1.0;
49 50 51,0 1 2,1 1 1,0 0 0,0.9160090213765455;49 50 51,0 0 1,1 0 1,0 0 0,0.7493703288073922;49 50 51,0 0 1,0 1 1,0 0 0,0.8423216113159064;49 50 51,0 1 0,1 1 0,0 0 0,1.0;49 50 51,0 1 0,0 1 1,0 0 0,1.0;49 50 51,0 1 1,1 1 0,0 0 0,0.6125909523219804;49 50 51,0 1 1,1 0 1,0 0 0,0.7157200357784312;49 50 51,0 0 0,1 0 0,0 0 0,0.4638032538599677;49 50 51,0 0 0,0 1 0,0 0 0,0.5633909211021761;49 50 51,0 0 0,0 0 1,0 0 0,0.6379323427095698;
52 53 54,0 1 2,1 1 1,0 0 0,0.9201161600012542;52 53 54,0 0 1,1 0 1,0 0 0,0.7335696255176365;52 53 54,0 0 1,0 1 1,0 0 0,0.6517734375628641;52 53 54,0 1 0,1 1 0,0 0 0,0.7365082568231813;52 53 54,0 1 0,0 1 1,0 0 0,0.5397998433008171;52 53 54,0 1 1,1 1 0,0 0 0,0.823754365081996;52 53 54,0 1 1,1 0 1,0 0 0,0.708842139514404;52 53 54,0 0 0,1 0 0,0 0 0,0.6196857913684866;52 53 54,0 0 0,0 1 0,0 0 0,0.5854392774626385;52 53 54,0 0 0,0 0 1,0 0 0,0.4625452326826509;
52 55,0 0,1 0,0 0,1.0;52 55,0 0,0 1,0 0,1.0;
55 56,0 0,0 1,0 0,1.0;55 56,0 0,1 0,0 0,1.0;
56 57 58,0 1 2,1 1 1,0 0 0,0.9193023636067047;56 57 58,0 0 1,1 0 1,0 0 0,1.0;56 57 58,0 0 1,0 1 1,0 0 0,1.0;56 57 58,0 1 0,1 1 0,0 0 0,0.737568743802782;56 57 58,0 1 0,0 1 1,0 0 0,0.8396452458927728;56 57 58,0 1 1,1 1 0,0 0 0,0.7291146258501895;56 57 58,0 1 1,1 0 1,0 0 0,0.6361443772190123;56 57 58,0 0 0,1 0 0,0 0 0,0.46173008056042364;56 57 58,0 0 0,0 1 0,0 0 0,0.614520111177643;56 57 58,0 0 0,0 0 1,0 0 0,0.5772092192090008;
57 59,0 0,1 0,0 0,1.0;57 59,0 0,0 1,0 0,1.0;
59 60 61,0 1 2,1 1 1,0 0 0,0.9249908998021709;59 60 61,0 0 1,1 0 1,0 0 0,1.0;59 60 61,0 0 1,0 1 1,0 0 0,1.0;59 60 61,0 1 0,1 1 0,0 0 0,0.6172862293053699;59 60 61,0 1 0,0 1 1,0 0 0,0.7655870543671283;59 60 61,0 1 1,1 1 0,0 0 0,0.6828986983472182;59 60 61,0 1 1,1 0 1,0 0 0,0.6702806711509818;59 60 61,0 0 0,1 0 0,0 0 0,0.32968409674658317;59 60 61,0 0 0,0 1 0,0 0 0,0.5612031917070407;59 60 61,0 0 0,0 0 1,0 0 0,0.5353616385109177;
60 62,0 0,1 0,0 0,1.0;60 62,0 0,0 1,0 0,1.0;
40 63,0 0,1 0,0 0,1.0;40 63,0 0,0 1,0 0,1.0;
63 64,0 0,0 1,0 0,1.0;63 64,0 0,1 0,0 0,1.0;
64 65 66,0 1 2,1 1 1,0 0 0,0.9281176846601539;64 65 66,0 0 1,1 0 1,0 0 0,0.5553812665150537;64 65 66,0 0 1,0 1 1,0 0 0,0.7280248824798722;64 65 66,0 1 0,1 1 0,0 0 0,0.6446470102908629;64 65 66,0 1 0,0 1 1,0 0 0,0.7749385930961874;64 65 66,0 1 1,1 1 0,0 0 0,0.7331008676960781;64 65 66,0 1 1,1 0 1,0 0 0,0.6907488345365842;64 65 66,0 0 0,1 0 0,0 0 0,0.4692180414073436;64 65 66,0 0 0,0 1 0,0 0 0,0.6227815622453139;64 65 66,0 0 0,0 0 1,0 0 0,0.6336284378964498;
65 67,0 0,1 0,0 0,1.0;65 67,0 0,0 1,0 0,1.0;
67 68 69,0 1 2,1 1 1,0 0 0,0.9278231314074401;67 68 69,0 0 1,1 0 1,0 0 0,0.5987355834251085;67 68 69,0 0 1,0 1 1,0 0 0,0.7717510851831803;67 68 69,0 1 0,1 1 0,0 0 0,0.6642753565377759;67 68 69,0 1 0,0 1 1,0 0 0,0.8044638027711795;67 68 69,0 1 1,1 1 0,0 0 0,0.6883499086254052;67 68 69,0 1 1,1 0 1,0 0 0,0.655522853100737;67 68 69,0 0 0,1 0 0,0 0 0,0.3337680946397621;67 68 69,0 0 0,0 1 0,0 0 0,0.5577646855276261;67 68 69,0 0 0,0 0 1,0 0 0,0.5302830035870678;
68 70,0 0,1 0,0 0,1.0;68 70,0 0,0 1,0 0,1.0;
43 71,0 0,1 0,0 0,1.0;43 71,0 0,0 1,0 0,1.0;
71 72,0 0,0 1,0 0,1.0;71 72,0 0,1 0,0 0,1.0;
10 73,0 0,0 1,0 0,1.0;10 73,0 0,1 0,0 0,1.0;
73 74,0 0,1 0,0 0,1.0;73 74,0 0,0 1,0 0,1.0;
74 75 76,0 1 2,1 1 1,0 0 0,0.9190585624653702;74 75 76,0 0 1,1 0 1,0 0 0,1.0;74 75 76,0 0 1,0 1 1,0 0 0,1.0;74 75 76,0 1 0,1 1 0,0 0 0,0.7283070910871924;74 75 76,0 1 0,0 1 1,0 0 0,0.8144074721563141;74 75 76,0 1 1,1 1 0,0 0 0,0.7416498259582289;74 75 76,0 1 1,1 0 1,0 0 0,0.6431881205162411;74 75 76,0 0 0,1 0 0,0 0 0,0.4227389711939461;74 75 76,0 0 0,0 1 0,0 0 0,0.6809156235603324;74 75 76,0 0 0,0 0 1,0 0 0,0.5609341922651122;
75 77,0 0,1 0,0 0,1.0;75 77,0 0,0 1,0 0,1.0;
77 78,0 0,1 0,0 0,1.0;77 78,0 0,0 1,0 0,1.0;
78 79 80,0 1 2,1 1 1,0 0 0,0.9157021338781683;78 79 80,0 0 1,1 0 1,0 0 0,1.0;78 79 80,0 0 1,0 1 1,0 0 0,1.0;78 79 80,0 1 0,0 1 1,0 0 0,0.8420262837293588;78 79 80,0 1 0,1 1 0,0 0 0,0.747576000610252;78 79 80,0 1 1,1 0 1,0 0 0,0.6204077648229605;78 79 80,0 1 1,1 1 0,0 0 0,0.7256121095425214;78 79 80,0 0 0,0 0 1,0 0 0,0.5816029676290828;78 79 80,0 0 0,1 0 0,0 0 0,0.4307779731090444;78 79 80,0 0 0,0 1 0,0 0 0,0.6891657193601571;
79 81,0 0,0 1,0 0,1.0;79 81,0 0,1 0,0 0,1.0;
81 82,0 0,1 0,0 0,1.0;81 82,0 0,0 1,0 0,1.0;
82 83 84,0 1 2,1 1 1,0 0 0,0.9085371917571903;82 83 84,0 0 1,1 0 1,0 0 0,0.7774229175421181;82 83 84,0 0 1,0 1 1,0 0 0,0.8401050487917998;82 83 84,0 1 0,1 1 0,0 0 0,0.5382925443600131;82 83 84,0 1 0,0 1 1,0 0 0,0.7208689241192687;82 83 84,0 1 1,1 1 0,0 0 0,0.6136590616484738;82 83 84,0 1 1,1 0 1,0 0 0,0.7335533101580476;82 83 84,0 0 0,1 0 0,0 0 0,0.515958097689508;82 83 84,0 0 0,0 1 0,0 0 0,0.5626858417965961;82 83 84,0 0 0,0 0 1,0 0 0,0.6845066625751314;
85 86 87 88,0 1 2 3,1 1 1 1,0 0 0 0,0.9143308554342271;85 86 87 88,0 0 1 2,1 0 1 1,0 0 0 0,1.0;85 86 87 88,0 0 1 2,0 1 1 1,0 0 0 0,1.0;85 86 87 88,0 1 0 2,1 1 0 1,0 0 0 0,0.7759591073616889;85 86 87 88,0 1 0 2,0 1 1 1,0 0 0 0,0.7184137286738159;85 86 87 88,0 1 1 2,1 1 0 1,0 0 0 0,0.7432213178344037;85 86 87 88,0 1 1 2,1 0 1 1,0 0 0 0,0.7682391322848963;85 86 87 88,0 0 0 1,1 0 0 1,0 0 0 0,0.7536434397647647;85 86 87 88,0 0 0 1,0 1 0 1,0 0 0 0,0.6387327288524691;85 86 87 88,0 0 0 1,0 0 1 1,0 0 0 0,0.6654268577675462;85 86 87 88,0 1 2 0,0 1 1 1,0 0 0 0,1.0;85 86 87 88,0 1 2 0,1 1 1 0,0 0 0 0,1.0;85 86 87 88,0 1 2 1,1 0 1 1,0 0 0 0,1.0;85 86 87 88,0 1 2 1,1 1 1 0,0 0 0 0,1.0;85 86 87 88,0 1 2 2,1 1 0 1,0 0 0 0,0.8004397186454484;85 86 87 88,0 1 2 2,1 1 1 0,0 0 0 0,0.866014223912656;85 86 87 88,0 0 1 0,0 0 1 1,0 0 0 0,1.0;85 86 87 88,0 0 1 0,1 0 1 0,0 0 0 0,1.0;85 86 87 88,0 0 1 0,0 1 1 0,0 0 0 0,1.0;85 86 87 88,0 0 1 1,1 0 0 1,0 0 0 0,0.5564664313507826;85 86 87 88,0 0 1 1,1 0 1 0,0 0 0 0,0.6394654015179534;85 86 87 88,0 0 1 1,0 1 0 1,0 0 0 0,0.44855143043353984;85 86 87 88,0 0 1 1,0 1 1 0,0 0 0 0,0.5315504006007108;85 86 87 88,0 1 0 0,0 1 0 1,0 0 0 0,0.6615408962699054;85 86 87 88,0 1 0 0,1 1 0 0,0 0 0 0,0.796965614326693;85 86 87 88,0 1 0 0,0 1 1 0,0 0 0 0,0.755537454700516;85 86 87 88,0 1 0 1,1 0 0 1,0 0 0 0,0.5805391383794234;85 86 87 88,0 1 0 1,1 1 0 0,0 0 0 0,0.6301271074280234;85 86 87 88,0 1 0 1,0 0 1 1,0 0 0 0,0.5060351385807516;85 86 87 88,0 1 0 1,0 1 1 0,0 0 0 0,0.5556231076293516;85 86 87 88,0 1 1 0,0 1 0 1,0 0 0 0,0.29691931435271346;85 86 87 88,0 1 1 0,0 0 1 1,0 0 0 0,0.33033031547128444;85 86 87 88,0 1 1 0,1 1 0 0,0 0 0 0,0.454422284318556;85 86 87 88,0 1 1 0,1 0 1 0,0 0 0 0,0.487833285437127;85 86 87 88,0 1 1 1,1 0 0 1,0 0 0 0,0.680552322186436;85 86 87 88,0 1 1 1,1 1 0 0,0 0 0 0,0.7983664744262157;85 86 87 88,0 1 1 1,1 0 1 0,0 0 0 0,0.8268256040489657;85 86 87 88,0 0 0 0,0 0 0 1,0 0 0 0,0.3935035937796133;85 86 87 88,0 0 0 0,1 0 0 0,0 0 0 0,0.6515110723410831;85 86 87 88,0 0 0 0,0 1 0 0,0 0 0 0,0.5089166503182263;85 86 87 88,0 0 0 0,0 0 1 0,0 0 0 0,0.557840580725671;
85 89,0 0,0 1,0 0,1.0;85 89,0 0,1 0,0 0,1.0;
89 90 91,0 1 2,1 1 1,0 0 0,0.919388275194121;89 90 91,0 0 1,1 0 1,0 0 0,1.0;89 90 91,0 0 1,0 1 1,0 0 0,1.0;89 90 91,0 1 0,1 1 0,0 0 0,0.6775416444359965;89 90 91,0 1 0,0 1 1,0 0 0,0.798359501808785;89 90 91,0 1 1,1 1 0,0 0 0,0.7208861092965302;89 90 91,0 1 1,1 0 1,0 0 0,0.6729001840573268;89 90 91,0 0 0,1 0 0,0 0 0,0.4111709597265625;89 90 91,0 0 0,0 1 0,0 0 0,0.6334132400838546;89 90 91,0 0 0,0 0 1,0 0 0,0.6021302610382386;
90 92,0 0,1 0,0 0,1.0;90 92,0 0,0 1,0 0,1.0;
92 93,0 0,1 0,0 0,1.0;92 93,0 0,0 1,0 0,1.0;
94 95,0 0,1 0,0 0,1.0;94 95,0 0,0 1,0 0,1.0;
94 96 97,0 1 2,1 1 1,0 0 0,0.9179344543123189;94 96 97,0 0 1,0 1 1,0 0 0,0.7944229075327285;94 96 97,0 0 1,1 0 1,0 0 0,0.7436546131212809;94 96 97,0 1 0,0 1 1,0 0 0,1.0;94 96 97,0 1 0,1 1 0,0 0 0,1.0;94 96 97,0 1 1,1 1 0,0 0 0,0.6354987451715258;94 96 97,0 1 1,1 0 1,0 0 0,0.7392622514752295;94 96 97,0 0 0,0 1 0,0 0 0,0.5028119283192791;94 96 97,0 0 0,0 0 1,0 0 0,0.6272904271860813;94 96 97,0 0 0,1 0 0,0 0 0,0.47202947710773746;
5 98,0 0,0 1,0 0,1.0;5 98,0 0,1 0,0 0,1.0;
98 99,0 0,1 0,0 0,1.0;98 99,0 0,0 1,0 0,1.0;
99,0,1,0,0.8549430832759755;
2 100,0 0,1 0,0 0,1.0;2 100,0 0,0 1,0 0,1.0;
100 101,0 0,1 0,0 0,1.0;100 101,0 0,0 1,0 0,1.0;
101,0,1,0,0.8525671379891275;
76 102,0 0,1 0,0 0,1.0;76 102,0 0,0 1,0 0,1.0;
102,0,1,0,0.914996809505196;
80 103,0 0,1 0,0 0,1.0;80 103,0 0,0 1,0 0,1.0;
103 104,0 0,0 1,0 0,1.0;103 104,0 0,1 0,0 0,1.0;
104,0,1,0,0.914037978672554;
105 106,0 0,1 0,0 0,1.0;105 106,0 0,0 1,0 0,1.0;
105 107,0 0,1 0,0 0,1.0;105 107,0 0,0 1,0 0,1.0;
107,0,1,0,0.9117638603470207;
17 108,0 0,1 0,0 0,1.0;17 108,0 0,0 1,0 0,1.0;
108 109,0 0,1 0,0 0,1.0;108 109,0 0,0 1,0 0,1.0;
109,0,1,0,0.8924375278943009;
21 110,0 0,1 0,0 0,1.0;21 110,0 0,0 1,0 0,1.0;
110 111,0 0,1 0,0 0,1.0;110 111,0 0,0 1,0 0,1.0;
112 113,0 0,1 0,0 0,1.0;112 113,0 0,0 1,0 0,1.0;
112 114,0 0,1 0,0 0,1.0;112 114,0 0,0 1,0 0,1.0;
114,0,1,0,0.8854890154041926;
91 115,0 0,0 1,0 0,1.0;91 115,0 0,1 0,0 0,1.0;
115 116,0 0,1 0,0 0,1.0;115 116,0 0,0 1,0 0,1.0;
116,0,1,0,0.8980248420366209;
117 118,0 0,1 0,0 0,1.0;117 118,0 0,0 1,0 0,1.0;
83 117,0 0,1 0,0 0,1.0;83 117,0 0,0 1,0 0,1.0;
15 119,0 0,0 1,0 0,1.0;15 119,0 0,1 0,0 0,1.0;
86 119,0 0,1 0,0 0,1.0;86 119,0 0,0 1,0 0,1.0;
87 120,0 0,0 1,0 0,1.0;87 120,0 0,1 0,0 0,1.0;
120 121,0 0,1 0,0 0,1.0;120 121,0 0,0 1,0 0,1.0;
121,0,1,0,0.9092389804863572;
46 122,0 0,0 1,0 0,1.0;46 122,0 0,1 0,0 0,1.0;
72 123 124,0 1 2,1 1 1,0 0 0,0.9103110261175161;72 123 124,0 0 1,1 0 1,0 0 0,0.5304512167825965;72 123 124,0 0 1,0 1 1,0 0 0,0.721202602555548;72 123 124,0 1 0,1 1 0,0 0 0,0.7903171179596351;72 123 124,0 1 0,0 1 1,0 0 0,0.849699923409918;72 123 124,0 1 1,1 1 0,0 0 0,0.7231478979394899;72 123 124,0 1 1,1 0 1,0 0 0,0.5917793176168212;72 123 124,0 0 0,1 0 0,0 0 0,0.5042427637574747;72 123 124,0 0 0,0 1 0,0 0 0,0.7036969216257576;72 123 124,0 0 0,0 0 1,0 0 0,0.5785302052462842;
123 125,0 0,1 0,0 0,1.0;123 125,0 0,0 1,0 0,1.0;
125 126,0 0,1 0,0 0,1.0;125 126,0 0,0 1,0 0,1.0;
126 127 128,0 1 2,1 1 1,0 0 0,0.9179033004460602;126 127 128,0 0 1,1 0 1,0 0 0,0.5419172187537385;126 127 128,0 0 1,0 1 1,0 0 0,0.7314121627390384;126 127 128,0 1 0,0 1 1,0 0 0,0.8139423198031519;126 127 128,0 1 0,1 1 0,0 0 0,0.7145152312162557;126 127 128,0 1 1,1 0 1,0 0 0,0.6561665810562665;126 127 128,0 1 1,1 1 0,0 0 0,0.7462344364546702;126 127 128,0 0 0,0 0 1,0 0 0,0.5692786342533989;126 127 128,0 0 0,1 0 0,0 0 0,0.48370179779446454;126 127 128,0 0 0,0 1 0,0 0 0,0.6438627683591425;
127 129,0 0,0 1,0 0,1.0;127 129,0 0,1 0,0 0,1.0;
70 130,0 0,0 1,0 0,1.0;70 130,0 0,1 0,0 0,1.0;
131 132,0 0,1 0,0 0,1.0;131 132,0 0,0 1,0 0,1.0;
133 134,0 0,1 0,0 0,1.0;133 134,0 0,0 1,0 0,1.0;
133 135,0 0,1 0,0 0,1.0;133 135,0 0,0 1,0 0,1.0;
135 136 137 138,0 1 2 3,1 1 1 1,0 0 0 0,0.9177857481212682;135 136 137 138,0 0 1 2,0 1 1 1,0 0 0 0,1.0;135 136 137 138,0 0 1 2,1 0 1 1,0 0 0 0,1.0;135 136 137 138,0 1 0 2,0 1 1 1,0 0 0 0,0.8593381898669847;135 136 137 138,0 1 0 2,1 1 0 1,0 0 0 0,0.7762697493316237;135 136 137 138,0 1 1 2,1 1 0 1,0 0 0 0,0.7751364107701426;135 136 137 138,0 1 1 2,1 0 1 1,0 0 0 0,0.7361448078055625;135 136 137 138,0 0 0 1,0 1 0 1,0 0 0 0,0.7499371673122546;135 136 137 138,0 0 0 1,0 0 1 1,0 0 0 0,0.7629395707987299;135 136 137 138,0 0 0 1,1 0 0 1,0 0 0 0,0.6652211670790581;135 136 137 138,0 1 2 0,0 1 1 1,0 0 0 0,1.0;135 136 137 138,0 1 2 0,1 1 1 0,0 0 0 0,1.0;135 136 137 138,0 1 2 1,1 1 1 0,0 0 0 0,1.0;135 136 137 138,0 1 2 1,1 0 1 1,0 0 0 0,1.0;135 136 137 138,0 1 2 2,1 1 1 0,0 0 0 0,0.7455020773000415;135 136 137 138,0 1 2 2,1 1 0 1,0 0 0 0,0.7126122638709917;135 136 137 138,0 0 1 0,0 1 1 0,0 0 0 0,1.0;135 136 137 138,0 0 1 0,0 0 1 1,0 0 0 0,1.0;135 136 137 138,0 0 1 0,1 0 1 0,0 0 0 0,1.0;135 136 137 138,0 0 1 1,0 1 1 0,0 0 0 0,0.44505740332574895;135 136 137 138,0 0 1 1,0 1 0 1,0 0 0 0,0.4082109759566289;135 136 137 138,0 0 1 1,1 0 1 0,0 0 0 0,0.29079998778803795;135 136 137 138,0 0 1 1,1 0 0 1,0 0 0 0,0.2539535604189178;135 136 137 138,0 1 0 0,0 1 1 0,0 0 0 0,0.7941532100110076;135 136 137 138,0 1 0 0,0 1 0 1,0 0 0 0,0.7624157682647439;135 136 137 138,0 1 0 0,1 1 0 0,0 0 0 0,0.6713418853447894;135 136 137 138,0 1 0 1,0 1 1 0,0 0 0 0,0.6575898485282567;135 136 137 138,0 1 0 1,0 0 1 1,0 0 0 0,0.5692279775615445;135 136 137 138,0 1 0 1,1 1 0 0,0 0 0 0,0.5548478765881377;135 136 137 138,0 1 0 1,1 0 0 1,0 0 0 0,0.4664860056214255;135 136 137 138,0 1 1 0,0 1 0 1,0 0 0 0,0.5729387299918496;135 136 137 138,0 1 1 0,0 0 1 1,0 0 0 0,0.5214232863942575;135 136 137 138,0 1 1 0,1 1 0 0,0 0 0 0,0.5070431854208506;135 136 137 138,0 1 1 0,1 0 1 0,0 0 0 0,0.4555277418232584;135 136 137 138,0 1 1 1,1 1 0 0,0 0 0 0,0.7805508885245782;135 136 137 138,0 1 1 1,1 0 1 0,0 0 0 0,0.6925814275458234;135 136 137 138,0 1 1 1,1 0 0 1,0 0 0 0,0.6504877284398577;135 136 137 138,0 0 0 0,0 1 0 0,0 0 0 0,0.6427365772155202;135 136 137 138,0 0 0 0,0 0 1 0,0 0 0 0,0.5408773043921893;135 136 137 138,0 0 0 0,0 0 0 1,0 0 0 0,0.47113067472010295;135 136 137 138,0 0 0 0,1 0 0 0,0 0 0 0,0.37506452947586066;
136 139,0 0,1 0,0 0,1.0;136 139,0 0,0 1,0 0,1.0;
139 140,0 0,1 0,0 0,1.0;139 140,0 0,0 1,0 0,1.0;
140 141 142,0 1 2,1 1 1,0 0 0,0.9260309202806012;140 141 142,0 0 1,1 0 1,0 0 0,1.0;140 141 142,0 0 1,0 1 1,0 0 0,1.0;140 141 142,0 1 0,1 1 0,0 0 0,0.6706955668896661;140 141 142,0 1 0,0 1 1,0 0 0,0.8056684428178259;140 141 142,0 1 1,1 1 0,0 0 0,0.7289645483590041;140 141 142,0 1 1,1 0 1,0 0 0,0.6749276194918884;140 141 142,0 0 0,1 0 0,0 0 0,0.44710411433724984;140 141 142,0 0 0,0 1 0,0 0 0,0.6354760031029034;140 141 142,0 0 0,0 0 1,0 0 0,0.5990331615403253;
33 143,0 0,1 0,0 0,1.0;33 143,0 0,0 1,0 0,1.0;
143 144 145,0 1 2,1 1 1,0 0 0,0.9073222848344459;143 144 145,0 0 1,0 1 1,0 0 0,0.7185793355370113;143 144 145,0 0 1,1 0 1,0 0 0,0.5287021979175872;143 144 145,0 1 0,0 1 1,0 0 0,1.0;143 144 145,0 1 0,1 1 0,0 0 0,1.0;143 144 145,0 1 1,1 1 0,0 0 0,0.721430346630217;143 144 145,0 1 1,1 0 1,0 0 0,0.5750019195772652;143 144 145,0 0 0,0 1 0,0 0 0,0.7423551331750073;143 144 145,0 0 0,0 0 1,0 0 0,0.5583368652338943;143 144 145,0 0 0,1 0 0,0 0 0,0.5414777042561171;
144 146,0 0,1 0,0 0,1.0;144 146,0 0,0 1,0 0,1.0;
23 147,0 0,0 1,0 0,1.0;23 147,0 0,1 0,0 0,1.0;
147 148 149 150,0 1 2 3,1 1 1 1,0 0 0 0,0.9190853208559904;147 148 149 150,0 0 1 2,1 0 1 1,0 0 0 0,1.0;147 148 149 150,0 0 1 2,0 1 1 1,0 0 0 0,1.0;147 148 149 150,0 1 0 2,1 1 0 1,0 0 0 0,0.7694763014955661;147 148 149 150,0 1 0 2,0 1 1 1,0 0 0 0,0.8438351343778117;147 148 149 150,0 1 1 2,1 1 0 1,0 0 0 0,0.80579542591577;147 148 149 150,0 1 1 2,1 0 1 1,0 0 0 0,0.7543793024513978;147 148 149 150,0 0 0 1,1 0 0 1,0 0 0 0,0.687942960861715;147 148 149 150,0 0 0 1,0 1 0 1,0 0 0 0,0.8008024909481584;147 148 149 150,0 0 0 1,0 0 1 1,0 0 0 0,0.742882983488953;147 148 149 150,0 1 2 0,1 1 1 0,0 0 0 0,1.0;147 148 149 150,0 1 2 0,0 1 1 1,0 0 0 0,1.0;147 148 149 150,0 1 2 1,1 1 1 0,0 0 0 0,1.0;147 148 149 150,0 1 2 1,1 0 1 1,0 0 0 0,1.0;147 148 149 150,0 1 2 2,1 1 1 0,0 0 0 0,0.7316605626381089;147 148 149 150,0 1 2 2,1 1 0 1,0 0 0 0,0.7293457418295538;147 148 149 150,0 0 1 0,1 0 1 0,0 0 0 0,1.0;147 148 149 150,0 0 1 0,0 1 1 0,0 0 0 0,1.0;147 148 149 150,0 0 1 0,0 0 1 1,0 0 0 0,1.0;147 148 149 150,0 0 1 1,1 0 1 0,0 0 0 0,0.27517644206208003;147 148 149 150,0 0 1 1,1 0 0 1,0 0 0 0,0.27315076367295776;147 148 149 150,0 0 1 1,0 1 1 0,0 0 0 0,0.43623041319149247;147 148 149 150,0 0 1 1,0 1 0 1,0 0 0 0,0.4342047348023702;147 148 149 150,0 1 0 0,1 1 0 0,0 0 0 0,0.6566420865275888;147 148 149 150,0 1 0 0,0 1 1 0,0 0 0 0,0.7623880021992715;147 148 149 150,0 1 0 0,0 1 0 1,0 0 0 0,0.7765981811307074;147 148 149 150,0 1 0 1,1 1 0 0,0 0 0 0,0.4978990440443172;147 148 149 150,0 1 0 1,1 0 0 1,0 0 0 0,0.42979387426590165;147 148 149 150,0 1 0 1,0 1 1 0,0 0 0 0,0.5928735237844363;147 148 149 150,0 1 0 1,0 0 1 1,0 0 0 0,0.5247683540060207;147 148 149 150,0 1 1 0,1 1 0 0,0 0 0 0,0.5497255425263461;147 148 149 150,0 1 1 0,1 0 1 0,0 0 0 0,0.4836460511370527;147 148 149 150,0 1 1 0,0 1 0 1,0 0 0 0,0.6426743438773431;147 148 149 150,0 1 1 0,0 0 1 1,0 0 0 0,0.5765948524880496;147 148 149 150,0 1 1 1,1 1 0 0,0 0 0 0,0.8010578140867423;147 148 149 150,0 1 1 1,1 0 1 0,0 0 0 0,0.6556803235421425;147 148 149 150,0 1 1 1,1 0 0 1,0 0 0 0,0.6865362281673928;147 148 149 150,0 0 0 0,1 0 0 0,0 0 0 0,0.37400240707096444;147 148 149 150,0 0 0 0,0 1 0 0,0 0 0 0,0.6600592537398512;147 148 149 150,0 0 0 0,0 0 1 0,0 0 0 0,0.4986982514234657;147 148 149 150,0 0 0 0,0 0 0 1,0 0 0 0,0.5238657220354295;
148 151,0 0,1 0,0 0,1.0;148 151,0 0,0 1,0 0,1.0;
151 152,0 0,0 1,0 0,1.0;151 152,0 0,1 0,0 0,1.0;
152 153 154,0 1 2,1 1 1,0 0 0,0.9227581270272048;152 153 154,0 0 1,1 0 1,0 0 0,1.0;152 153 154,0 0 1,0 1 1,0 0 0,1.0;152 153 154,0 1 0,1 1 0,0 0 0,0.7436062203171704;152 153 154,0 1 0,0 1 1,0 0 0,0.8443319125843777;152 153 154,0 1 1,1 1 0,0 0 0,0.7135348560236697;152 153 154,0 1 1,1 0 1,0 0 0,0.6349661678684009;152 153 154,0 0 0,1 0 0,0 0 0,0.43183122380372874;152 153 154,0 0 0,0 1 0,0 0 0,0.6577884839617201;152 153 154,0 0 0,0 0 1,0 0 0,0.5974648707443504;
153 155,0 0,1 0,0 0,1.0;153 155,0 0,0 1,0 0,1.0;
155 156 157,0 1 2,1 1 1,0 0 0,0.9221053218537669;155 156 157,0 0 1,1 0 1,0 0 0,1.0;155 156 157,0 0 1,0 1 1,0 0 0,1.0;155 156 157,0 1 0,1 1 0,0 0 0,0.7111911271188021;155 156 157,0 1 0,0 1 1,0 0 0,0.8293078322662326;155 156 157,0 1 1,1 1 0,0 0 0,0.7160858750821286;155 156 157,0 1 1,1 0 1,0 0 0,0.6576010699062971;155 156 157,0 0 0,1 0 0,0 0 0,0.3974980890549372;155 156 157,0 0 0,0 1 0,0 0 0,0.6501473914895421;155 156 157,0 0 0,0 0 1,0 0 0,0.6059195874966203;
156 158,0 0,1 0,0 0,1.0;156 158,0 0,0 1,0 0,1.0;
159 160 161,0 1 2,1 1 1,0 0 0,0.9158529984657117;159 160 161,0 0 1,0 1 1,0 0 0,0.6388266708093029;159 160 161,0 0 1,1 0 1,0 0 0,0.7422114416873495;159 160 161,0 1 0,0 1 1,0 0 0,0.5423592717682671;159 160 161,0 1 0,1 1 0,0 0 0,0.7215227721412463;159 160 161,0 1 1,1 1 0,0 0 0,0.8155065833442647;159 160 161,0 1 1,1 0 1,0 0 0,0.7397278538493324;159 160 161,0 0 0,0 1 0,0 0 0,0.5550258647002773;159 160 161,0 0 0,0 0 1,0 0 0,0.49257966159750977;159 160 161,0 0 0,1 0 0,0 0 0,0.6221469194919576;
159 162,0 0,0 1,0 0,1.0;159 162,0 0,1 0,0 0,1.0;
50 163,0 0,1 0,0 0,1.0;50 163,0 0,0 1,0 0,1.0;
163 164,0 0,1 0,0 0,1.0;163 164,0 0,0 1,0 0,1.0;
164,0,1,0,0.9123252893332923;
53 165,0 0,1 0,0 0,1.0;53 165,0 0,0 1,0 0,1.0;
31 165,0 0,0 1,0 0,1.0;31 165,0 0,1 0,0 0,1.0;
58 166,0 0,1 0,0 0,1.0;58 166,0 0,0 1,0 0,1.0;
166 167,0 0,1 0,0 0,1.0;166 167,0 0,0 1,0 0,1.0;
167,0,1,0,0.9061828836105068;
168 169,0 0,1 0,0 0,1.0;168 169,0 0,0 1,0 0,1.0;
145 168,0 0,0 1,0 0,1.0;145 168,0 0,1 0,0 0,1.0;
32 170,0 0,1 0,0 0,1.0;32 170,0 0,0 1,0 0,1.0;
170 171,0 0,1 0,0 0,1.0;170 171,0 0,0 1,0 0,1.0;
171,0,1,0,0.8824408554159987;
69 172,0 0,0 1,0 0,1.0;69 172,0 0,1 0,0 0,1.0;
172 173,0 0,1 0,0 0,1.0;172 173,0 0,0 1,0 0,1.0;
61 174,0 0,1 0,0 0,1.0;61 174,0 0,0 1,0 0,1.0;
174 175,0 0,1 0,0 0,1.0;174 175,0 0,0 1,0 0,1.0;
175,0,1,0,0.8831466151070442;
62 134 169 173,0 1 2 3,1 1 1 1,0 0 0 0,0.915216734317048;62 134 169 173,0 0 1 2,0 1 1 1,0 0 0 0,0.7986672104080584;62 134 169 173,0 0 1 2,1 0 1 1,0 0 0 0,0.6648819108078049;62 134 169 173,0 1 0 2,0 1 1 1,0 0 0 0,0.8223089668860026;62 134 169 173,0 1 0 2,1 1 0 1,0 0 0 0,0.719408454063673;62 134 169 173,0 1 1 2,1 0 1 1,0 0 0 0,0.7514686294980093;62 134 169 173,0 1 1 2,1 1 0 1,0 0 0 0,0.7823534162759332;62 134 169 173,0 0 0 1,0 0 1 1,0 0 0 0,0.7408405788831423;62 134 169 173,0 0 0 1,0 1 0 1,0 0 0 0,0.7866172708726982;62 134 169 173,0 0 0 1,1 0 0 1,0 0 0 0,0.665374448787728;62 134 169 173,0 1 2 0,0 1 1 1,0 0 0 0,0.8959257008115247;62 134 169 173,0 1 2 0,1 1 1 0,0 0 0 0,0.8729842090534539;62 134 169 173,0 1 2 1,1 0 1 1,0 0 0 0,0.6777465365539721;62 134 169 173,0 1 2 1,1 1 1 0,0 0 0 0,0.788590344396155;62 134 169 173,0 1 2 2,1 1 1 0,0 0 0 0,0.7807862149135215;62 134 169 173,0 1 2 2,1 1 0 1,0 0 0 0,0.7008271938492625;62 134 169 173,0 0 1 0,0 1 1 0,0 0 0 0,0.8986346575494771;62 134 169 173,0 0 1 0,0 0 1 1,0 0 0 0,0.7350418149060529;62 134 169 173,0 0 1 0,1 0 1 0,0 0 0 0,0.7839381183085498;62 134 169 173,0 0 1 1,0 1 1 0,0 0 0 0,0.5101589592159707;62 134 169 173,0 0 1 1,0 1 0 1,0 0 0 0,0.4061717826532637;62 134 169 173,0 0 1 1,1 0 1 0,0 0 0 0,0.3381961388970647;62 134 169 173,0 0 1 1,1 0 0 1,0 0 0 0,0.23420896233435784;62 134 169 173,0 1 0 0,0 1 1 0,0 0 0 0,0.8986346575494772;62 134 169 173,0 1 0 0,0 1 0 1,0 0 0 0,0.7509270555750454;62 134 169 173,0 1 0 0,1 1 0 0,0 0 0 0,0.7784563319691948;62 134 169 173,0 1 0 1,0 0 1 1,0 0 0 0,0.4138289534714311;62 134 169 173,0 1 0 1,0 1 1 0,0 0 0 0,0.557327788156837;62 134 169 173,0 1 0 1,1 0 0 1,0 0 0 0,0.2813777912752242;62 134 169 173,0 1 0 1,1 1 0 0,0 0 0 0,0.42487662596063025;62 134 169 173,0 1 1 0,0 0 1 1,0 0 0 0,0.6348371937757702;62 134 169 173,0 1 1 0,0 1 0 1,0 0 0 0,0.6743488518984693;62 134 169 173,0 1 1 0,1 0 1 0,0 0 0 0,0.6063732081422699;62 134 169 173,0 1 1 0,1 1 0 0,0 0 0 0,0.6458848662649689;62 134 169 173,0 1 1 1,1 0 1 0,0 0 0 0,0.7038017002156761;62 134 169 173,0 1 1 1,1 0 0 1,0 0 0 0,0.6653744487877279;62 134 169 173,0 1 1 1,1 1 0 0,0 0 0 0,0.7830045076786303;62 134 169 173,0 0 0 0,0 0 1 0,0 0 0 0,0.6736271677078913;62 134 169 173,0 0 0 0,0 1 0 0,0 0 0 0,0.7275986218101373;62 134 169 173,0 0 0 0,0 0 0 1,0 0 0 0,0.5572022854732559;62 134 169 173,0 0 0 0,1 0 0 0,0 0 0 0,0.5279891382923732;
137 176,0 0,0 1,0 0,1.0;137 176,0 0,1 0,0 0,1.0;
176 177,0 0,1 0,0 0,1.0;176 177,0 0,0 1,0 0,1.0;
177,0,1,0,0.8860715070688882;
178 179,0 0,1 0,0 0,1.0;178 179,0 0,0 1,0 0,1.0;
128 178,0 0,1 0,0 0,1.0;128 178,0 0,0 1,0 0,1.0;
66 180,0 0,1 0,0 0,1.0;66 180,0 0,0 1,0 0,1.0;
124 180,0 0,0 1,0 0,1.0;124 180,0 0,1 0,0 0,1.0;
93 95 111 113,0 1 2 3,1 1 1 1,0 0 0 0,0.9144817401446405;93 95 111 113,0 0 1 2,1 0 1 1,0 0 0 0,1.0;93 95 111 113,0 0 1 2,0 1 1 1,0 0 0 0,1.0;93 95 111 113,0 1 0 2,1 1 0 1,0 0 0 0,1.0;93 95 111 113,0 1 0 2,0 1 1 1,0 0 0 0,1.0;93 95 111 113,0 1 1 2,1 0 1 1,0 0 0 0,1.0;93 95 111 113,0 1 1 2,1 1 0 1,0 0 0 0,1.0;93 95 111 113,0 0 0 1,0 0 1 1,0 0 0 0,1.0;93 95 111 113,0 0 0 1,1 0 0 1,0 0 0 0,1.0;93 95 111 113,0 0 0 1,0 1 0 1,0 0 0 0,1.0;93 95 111 113,0 1 2 0,0 1 1 1,0 0 0 0,0.8189585927791294;93 95 111 113,0 1 2 0,1 1 1 0,0 0 0 0,0.7270527039890227;93 95 111 113,0 1 2 1,1 0 1 1,0 0 0 0,0.7629095290207577;93 95 111 113,0 1 2 1,1 1 1 0,0 0 0 0,0.7754333456611398;93 95 111 113,0 1 2 2,1 1 0 1,0 0 0 0,0.7736766128940427;93 95 111 113,0 1 2 2,1 1 1 0,0 0 0 0,0.6893610909856951;93 95 111 113,0 0 1 0,0 0 1 1,0 0 0 0,0.7722678836533466;93 95 111 113,0 0 1 0,1 0 1 0,0 0 0 0,0.6601346943421234;93 95 111 113,0 0 1 0,0 1 1 0,0 0 0 0,0.7587725575989015;93 95 111 113,0 0 1 1,1 0 0 1,0 0 0 0,0.34267064425608695;93 95 111 113,0 0 1 1,1 0 1 0,0 0 0 0,0.23174705657463457;93 95 111 113,0 0 1 1,0 1 0 1,0 0 0 0,0.4762871933088082;93 95 111 113,0 0 1 1,0 1 1 0,0 0 0 0,0.3653636056273558;93 95 111 113,0 1 0 0,0 1 0 1,0 0 0 0,0.8627091903169763;93 95 111 113,0 1 0 0,1 1 0 0,0 0 0 0,0.7195343339937862;93 95 111 113,0 1 0 0,0 1 1 0,0 0 0 0,0.7739839352950733;93 95 111 113,0 1 0 1,1 0 0 1,0 0 0 0,0.6060962062857458;93 95 111 113,0 1 0 1,1 1 0 0,0 0 0 0,0.6212248393239896;93 95 111 113,0 1 0 1,0 0 1 1,0 0 0 0,0.6136605346187709;93 95 111 113,0 1 0 1,0 1 1 0,0 0 0 0,0.6287891676570148;93 95 111 113,0 1 1 0,0 0 1 1,0 0 0 0,0.44750742602140337;93 95 111 113,0 1 1 0,0 1 0 1,0 0 0 0,0.5735596467410994;93 95 111 113,0 1 1 0,1 0 1 0,0 0 0 0,0.32901951000692575;93 95 111 113,0 1 1 0,1 1 0 0,0 0 0 0,0.4550717307266219;93 95 111 113,0 1 1 1,1 0 0 1,0 0 0 0,0.746872615850916;93 95 111 113,0 1 1 1,1 0 1 0,0 0 0 0,0.6601346943421234;93 95 111 113,0 1 1 1,1 1 0 0,0 0 0 0,0.7607889816744715;93 95 111 113,0 0 0 0,0 0 0 1,0 0 0 0,0.6210008365039994;93 95 111 113,0 0 0 0,0 0 1 0,0 0 0 0,0.48440042668996286;93 95 111 113,0 0 0 0,1 0 0 0,0 0 0 0,0.47398459661137604;93 95 111 113,0 0 0 0,0 1 0 0,0 0 0 0,0.6334204989494452;
12 14 106 118,0 1 2 3,1 1 1 1,0 0 0 0,0.9211626104412969;12 14 106 118,0 0 1 2,1 0 1 1,0 0 0 0,1.0;12 14 106 118,0 0 1 2,0 1 1 1,0 0 0 0,1.0;12 14 106 118,0 1 0 2,0 1 1 1,0 0 0 0,0.8922894338093008;12 14 106 118,0 1 0 2,1 1 0 1,0 0 0 0,0.8338395497889591;12 14 106 118,0 1 1 2,1 0 1 1,0 0 0 0,0.7011720800945398;12 14 106 118,0 1 1 2,1 1 0 1,0 0 0 0,0.7840748061041013;12 14 106 118,0 0 0 1,0 0 1 1,0 0 0 0,0.7609523745053045;12 14 106 118,0 0 0 1,1 0 0 1,0 0 0 0,0.7025334891780293;12 14 106 118,0 0 0 1,0 1 0 1,0 0 0 0,0.8301239042389803;12 14 106 118,0 1 2 0,1 1 1 0,0 0 0 0,1.0;12 14 106 118,0 1 2 0,0 1 1 1,0 0 0 0,1.0;12 14 106 118,0 1 2 1,1 0 1 1,0 0 0 0,1.0;12 14 106 118,0 1 2 1,1 1 1 0,0 0 0 0,1.0;12 14 106 118,0 1 2 2,1 1 1 0,0 0 0 0,0.7436064342674715;12 14 106 118,0 1 2 2,1 1 0 1,0 0 0 0,0.7617215485682126;12 14 106 118,0 0 1 0,0 0 1 1,0 0 0 0,1.0;12 14 106 118,0 0 1 0,1 0 1 0,0 0 0 0,1.0;12 14 106 118,0 0 1 0,0 1 1 0,0 0 0 0,1.0;12 14 106 118,0 0 1 1,1 0 1 0,0 0 0 0,0.2825540651505323;12 14 106 118,0 0 1 1,1 0 0 1,0 0 0 0,0.3064143802680799;12 14 106 118,0 0 1 1,0 1 1 0,0 0 0 0,0.4637729476778837;12 14 106 118,0 0 1 1,0 1 0 1,0 0 0 0,0.4876332627954313;12 14 106 118,0 1 0 0,0 1 1 0,0 0 0 0,0.8157728953614676;12 14 106 118,0 1 0 0,1 1 0 0,0 0 0 0,0.6606156069614887;12 14 106 118,0 1 0 0,0 1 0 1,0 0 0 0,0.8301239042389803;12 14 106 118,0 1 0 1,0 0 1 1,0 0 0 0,0.5765702139995663;12 14 106 118,0 1 0 1,0 1 1 0,0 0 0 0,0.6624690523993598;12 14 106 118,0 1 0 1,1 0 0 1,0 0 0 0,0.5051104849895561;12 14 106 118,0 1 0 1,1 1 0 0,0 0 0 0,0.5910093233893496;12 14 106 118,0 1 1 0,1 0 1 0,0 0 0 0,0.4189592574336045;12 14 106 118,0 1 1 0,1 1 0 0,0 0 0 0,0.5287184109509458;12 14 106 118,0 1 1 0,0 0 1 1,0 0 0 0,0.514279301561162;12 14 106 118,0 1 1 0,0 1 0 1,0 0 0 0,0.6240384550785034;12 14 106 118,0 1 1 1,1 0 1 0,0 0 0 0,0.6450709320272819;12 14 106 118,0 1 1 1,1 0 0 1,0 0 0 0,0.660709116844048;12 14 106 118,0 1 1 1,1 1 0 0,0 0 0 0,0.7550550067596135;12 14 106 118,0 0 0 0,0 0 1 0,0 0 0 0,0.5331457515261346;12 14 106 118,0 0 0 0,0 0 0 1,0 0 0 0,0.5508568891308818;12 14 106 118,0 0 0 0,1 0 0 0,0 0 0 0,0.38442234257847185;12 14 106 118,0 0 0 0,0 1 0 0,0 0 0 0,0.6700612275045763;
149 181,0 0,1 0,0 0,1.0;149 181,0 0,0 1,0 0,1.0;
181 182,0 0,1 0,0 0,1.0;181 182,0 0,0 1,0 0,1.0;
182,0,1,0,0.9051833265225702;
160 183,0 0,1 0,0 0,1.0;160 183,0 0,0 1,0 0,1.0;
150 183,0 0,1 0,0 0,1.0;150 183,0 0,0 1,0 0,1.0;
96 184,0 0,1 0,0 0,1.0;96 184,0 0,0 1,0 0,1.0;
184 185,0 0,1 0,0 0,1.0;184 185,0 0,0 1,0 0,1.0;
185,0,1,0,0.9169652692378832;
146 186,0 0,0 1,0 0,1.0;146 186,0 0,1 0,0 0,1.0;
186,0,1,0,0.8541732839883818;
141 187,0 0,0 1,0 0,1.0;141 187,0 0,1 0,0 0,1.0;
187 188,0 0,1 0,0 0,1.0;187 188,0 0,0 1,0 0,1.0;
189 190,0 0,1 0,0 0,1.0;189 190,0 0,0 1,0 0,1.0;
189 191,0 0,1 0,0 0,1.0;189 191,0 0,0 1,0 0,1.0;
191 192 193,0 1 2,1 1 1,0 0 0,0.9094625444822557;191 192 193,0 0 1,0 1 1,0 0 0,0.8210011314659267;191 192 193,0 0 1,1 0 1,0 0 0,0.7744736132954774;191 192 193,0 1 0,0 1 1,0 0 0,1.0;191 192 193,0 1 0,1 1 0,0 0 0,1.0;191 192 193,0 1 1,1 1 0,0 0 0,0.6314495541149627;191 192 193,0 1 1,1 0 1,0 0 0,0.7436867917387111;191 192 193,0 0 0,0 1 0,0 0 0,0.5535140672500332;191 192 193,0 0 0,0 0 1,0 0 0,0.7224510692773436;191 192 193,0 0 0,1 0 0,0 0 0,0.4851570253445554;
194 195 196,0 1 2,1 1 1,0 0 0,0.919974046877097;194 195 196,0 0 1,1 0 1,0 0 0,0.7497612193376078;194 195 196,0 0 1,0 1 1,0 0 0,0.6711914298878736;194 195 196,0 1 0,1 1 0,0 0 0,1.0;194 195 196,0 1 0,0 1 1,0 0 0,1.0;194 195 196,0 1 1,1 1 0,0 0 0,0.7769194130753443;194 195 196,0 1 1,1 0 1,0 0 0,0.6880563638519794;194 195 196,0 0 0,1 0 0,0 0 0,0.6652614026772008;194 195 196,0 0 0,0 1 0,0 0 0,0.5420605462256582;194 195 196,0 0 0,0 0 1,0 0 0,0.46425374305185785;
194 197,0 0,1 0,0 0,1.0;194 197,0 0,0 1,0 0,1.0;
197 198,0 0,1 0,0 0,1.0;197 198,0 0,0 1,0 0,1.0;
198 199 200,0 1 2,1 1 1,0 0 0,0.9148674792799278;198 199 200,0 0 1,1 0 1,0 0 0,1.0;198 199 200,0 0 1,0 1 1,0 0 0,1.0;198 199 200,0 1 0,0 1 1,0 0 0,0.8246810785882848;198 199 200,0 1 0,1 1 0,0 0 0,0.7463834990367746;198 199 200,0 1 1,1 0 1,0 0 0,0.6505349597431791;198 199 200,0 1 1,1 1 0,0 0 0,0.7493770829006597;198 199 200,0 0 0,0 0 1,0 0 0,0.5471733472079077;198 199 200,0 0 0,1 0 0,0 0 0,0.44173188509515393;198 199 200,0 0 0,0 1 0,0 0 0,0.6825536270713302;
199 201,0 0,0 1,0 0,1.0;199 201,0 0,1 0,0 0,1.0;
201 202,0 0,1 0,0 0,1.0;201 202,0 0,0 1,0 0,1.0;
202 203 204,0 1 2,1 1 1,0 0 0,0.9208606806208537;202 203 204,0 0 1,1 0 1,0 0 0,0.74241515605843;202 203 204,0 0 1,0 1 1,0 0 0,0.839063749659098;202 203 204,0 1 0,1 1 0,0 0 0,0.5405236309431414;202 203 204,0 1 0,0 1 1,0 0 0,0.7361106605095127;202 203 204,0 1 1,1 1 0,0 0 0,0.6227727925483937;202 203 204,0 1 1,1 0 1,0 0 0,0.7217112285140967;202 203 204,0 0 0,1 0 0,0 0 0,0.4189140188447311;202 203 204,0 0 0,0 1 0,0 0 0,0.5675543099859138;202 203 204,0 0 0,0 0 1,0 0 0,0.6729244334482721;
205 206 207,0 1 2,1 1 1,0 0 0,0.9205205498037947;205 206 207,0 0 1,1 0 1,0 0 0,0.7282664393499343;205 206 207,0 0 1,0 1 1,0 0 0,0.6666372176486615;205 206 207,0 1 0,1 1 0,0 0 0,1.0;205 206 207,0 1 0,0 1 1,0 0 0,1.0;205 206 207,0 1 1,1 1 0,0 0 0,0.8005801628311433;205 206 207,0 1 1,1 0 1,0 0 0,0.6688672875230901;205 206 207,0 0 0,1 0 0,0 0 0,0.6403453617907069;205 206 207,0 0 0,0 1 0,0 0 0,0.5814775998461292;205 206 207,0 0 0,0 0 1,0 0 0,0.42511868410273956;
205 208,0 0,0 1,0 0,1.0;205 208,0 0,1 0,0 0,1.0;
208 209,0 0,1 0,0 0,1.0;208 209,0 0,0 1,0 0,1.0;
209 210 211,0 1 2,1 1 1,0 0 0,0.9201175515555748;209 210 211,0 0 1,1 0 1,0 0 0,0.7632638832012962;209 210 211,0 0 1,0 1 1,0 0 0,0.8549458385203368;209 210 211,0 1 0,1 1 0,0 0 0,1.0;209 210 211,0 1 0,0 1 1,0 0 0,1.0;209 210 211,0 1 1,1 1 0,0 0 0,0.6157911512722053;209 210 211,0 1 1,1 0 1,0 0 0,0.7175878186211262;209 210 211,0 0 0,1 0 0,0 0 0,0.4657548892771206;209 210 211,0 0 0,0 1 0,0 0 0,0.5811822029172732;209 210 211,0 0 0,0 0 1,0 0 0,0.6723233895800551;
212 213 214,0 1 2,1 1 1,0 0 0,0.9245242590425973;212 213 214,0 0 1,1 0 1,0 0 0,0.7785369570905892;212 213 214,0 0 1,0 1 1,0 0 0,0.6332842857576242;212 213 214,0 1 0,1 1 0,0 0 0,0.6793565304942679;212 213 214,0 1 0,0 1 1,0 0 0,0.7337872437286399;212 213 214,0 1 1,1 1 0,0 0 0,0.5438641299786411;212 213 214,0 1 1,1 0 1,0 0 0,0.743547514545978;212 213 214,0 0 0,1 0 0,0 0 0,0.5815751623076482;212 213 214,0 0 0,0 1 0,0 0 0,0.4754120657301385;212 213 214,0 0 0,0 0 1,0 0 0,0.6815621311679295;
215 216 217,0 1 2,1 1 1,0 0 0,0.9114538340955646;215 216 217,0 0 1,0 1 1,0 0 0,0.588426829335909;215 216 217,0 0 1,1 0 1,0 0 0,0.704789346343949;215 216 217,0 1 0,0 1 1,0 0 0,1.0;215 216 217,0 1 0,1 1 0,0 0 0,1.0;215 216 217,0 1 1,1 1 0,0 0 0,0.8526941451712652;215 216 217,0 1 1,1 0 1,0 0 0,0.7751802515736473;215 216 217,0 0 0,0 1 0,0 0 0,0.5572200335091616;215 216 217,0 0 0,0 0 1,0 0 0,0.47542699326468296;215 216 217,0 0 0,1 0 0,0 0 0,0.6842606424865516;
218 219 220,0 1 2,1 1 1,0 0 0,0.9301739316361822;218 219 220,0 0 1,1 0 1,0 0 0,0.7335251899434546;218 219 220,0 0 1,0 1 1,0 0 0,0.6651025507615591;218 219 220,0 1 0,1 1 0,0 0 0,1.0;218 219 220,0 1 0,0 1 1,0 0 0,1.0;218 219 220,0 1 1,1 1 0,0 0 0,0.7250699846653084;218 219 220,0 1 1,1 0 1,0 0 0,0.641894732101034;218 219 220,0 0 0,1 0 0,0 0 0,0.6302559990936905;218 219 220,0 0 0,0 1 0,0 0 0,0.48238208820466677;218 219 220,0 0 0,0 0 1,0 0 0,0.41367282860445276;
218 221,0 0,1 0,0 0,1.0;218 221,0 0,0 1,0 0,1.0;
221 222 223,0 1 2,1 1 1,0 0 0,0.9269702337403005;221 222 223,0 0 1,1 0 1,0 0 0,1.0;221 222 223,0 0 1,0 1 1,0 0 0,1.0;221 222 223,0 1 0,1 1 0,0 0 0,0.759116264291861;221 222 223,0 1 0,0 1 1,0 0 0,0.865506705852411;221 222 223,0 1 1,1 1 0,0 0 0,0.7065796694133772;221 222 223,0 1 1,1 0 1,0 0 0,0.6146032687374928;221 222 223,0 0 0,1 0 0,0 0 0,0.4848097920346496;221 222 223,0 0 0,0 1 0,0 0 0,0.6617653076141472;221 222 223,0 0 0,0 0 1,0 0 0,0.5992061049851511;
222 224,0 0,0 1,0 0,1.0;222 224,0 0,1 0,0 0,1.0;
224 225,0 0,1 0,0 0,1.0;224 225,0 0,0 1,0 0,1.0;
225 226 227,0 1 2,1 1 1,0 0 0,0.9198252644779047;225 226 227,0 0 1,1 0 1,0 0 0,1.0;225 226 227,0 0 1,0 1 1,0 0 0,1.0;225 226 227,0 1 0,1 1 0,0 0 0,0.7077320833407177;225 226 227,0 1 0,0 1 1,0 0 0,0.8239515772095181;225 226 227,0 1 1,1 1 0,0 0 0,0.729484819583468;225 226 227,0 1 1,1 0 1,0 0 0,0.6458483143992612;225 226 227,0 0 0,1 0 0,0 0 0,0.4649968831038881;225 226 227,0 0 0,0 1 0,0 0 0,0.6158400832293968;225 226 227,0 0 0,0 0 1,0 0 0,0.5820734099551258;
226 228,0 0,1 0,0 0,1.0;226 228,0 0,0 1,0 0,1.0;
228 229,0 0,1 0,0 0,1.0;228 229,0 0,0 1,0 0,1.0;
229 230 231,0 1 2,1 1 1,0 0 0,0.9196348123258358;229 230 231,0 0 1,1 0 1,0 0 0,1.0;229 230 231,0 0 1,0 1 1,0 0 0,1.0;229 230 231,0 1 0,1 1 0,0 0 0,0.7453619299634541;229 230 231,0 1 0,0 1 1,0 0 0,0.8359493075207632;229 230 231,0 1 1,1 1 0,0 0 0,0.7297792554741711;229 230 231,0 1 1,1 0 1,0 0 0,0.6275596797896381;229 230 231,0 0 0,1 0 0,0 0 0,0.484504385040863;229 230 231,0 0 0,0 1 0,0 0 0,0.6304218455321073;229 230 231,0 0 0,0 0 1,0 0 0,0.5681585259745638;
230 232,0 0,0 1,0 0,1.0;230 232,0 0,1 0,0 0,1.0;
232 233,0 0,1 0,0 0,1.0;232 233,0 0,0 1,0 0,1.0;
131 234,0 0,0 1,0 0,1.0;131 234,0 0,1 0,0 0,1.0;
129 235,0 0,1 0,0 0,1.0;129 235,0 0,0 1,0 0,1.0;
235 236 237 238,0 1 2 3,1 1 1 1,0 0 0 0,0.9141089719986837;235 236 237 238,0 0 1 2,1 0 1 1,0 0 0 0,1.0;235 236 237 238,0 0 1 2,0 1 1 1,0 0 0 0,1.0;235 236 237 238,0 1 0 2,1 1 0 1,0 0 0 0,1.0;235 236 237 238,0 1 0 2,0 1 1 1,0 0 0 0,1.0;235 236 237 238,0 1 1 2,1 1 0 1,0 0 0 0,1.0;235 236 237 238,0 1 1 2,1 0 1 1,0 0 0 0,1.0;235 236 237 238,0 0 0 1,1 0 0 1,0 0 0 0,1.0;235 236 237 238,0 0 0 1,0 1 0 1,0 0 0 0,1.0;235 236 237 238,0 0 0 1,0 0 1 1,0 0 0 0,1.0;235 236 237 238,0 1 2 0,1 1 1 0,0 0 0 0,0.7952604195329371;235 236 237 238,0 1 2 0,0 1 1 1,0 0 0 0,0.8666985432524186;235 236 237 238,0 1 2 1,1 1 1 0,0 0 0 0,0.7874665529581095;235 236 237 238,0 1 2 1,1 0 1 1,0 0 0 0,0.7177334962625754;235 236 237 238,0 1 2 2,1 1 1 0,0 0 0 0,0.7438366980340917;235 236 237 238,0 1 2 2,1 1 0 1,0 0 0 0,0.764994324669712;235 236 237 238,0 0 1 0,1 0 1 0,0 0 0 0,0.6531920251402462;235 236 237 238,0 0 1 0,0 1 1 0,0 0 0 0,0.8084083225332057;235 236 237 238,0 0 1 0,0 0 1 1,0 0 0 0,0.7480408465822828;235 236 237 238,0 0 1 1,1 0 1 0,0 0 0 0,0.2841868735616543;235 236 237 238,0 0 1 1,1 0 0 1,0 0 0 0,0.31153583495724135;235 236 237 238,0 0 1 1,0 1 1 0,0 0 0 0,0.46517824982305667;235 236 237 238,0 0 1 1,0 1 0 1,0 0 0 0,0.49252721121864373;235 236 237 238,0 1 0 0,1 1 0 0,0 0 0 0,0.6667266921410195;235 236 237 238,0 1 0 0,0 1 1 0,0 0 0 0,0.8188371669847132;235 236 237 238,0 1 0 0,0 1 0 1,0 0 0 0,0.8356560857063327;235 236 237 238,0 1 0 1,1 1 0 0,0 0 0 0,0.6005621581029783;235 236 237 238,0 1 0 1,1 0 0 1,0 0 0 0,0.5096118588501876;235 236 237 238,0 1 0 1,0 1 1 0,0 0 0 0,0.6632542737160039;235 236 237 238,0 1 0 1,0 0 1 1,0 0 0 0,0.5723039744632131;235 236 237 238,0 1 1 0,1 1 0 0,0 0 0 0,0.5320402709015537;235 236 237 238,0 1 1 0,1 0 1 0,0 0 0 0,0.413741010253176;235 236 237 238,0 1 1 0,0 1 0 1,0 0 0 0,0.6220813479101663;235 236 237 238,0 1 1 0,0 0 1 1,0 0 0 0,0.5037820872617886;235 236 237 238,0 1 1 1,1 1 0 0,0 0 0 0,0.7583223366549213;235 236 237 238,0 1 1 1,1 0 1 0,0 0 0 0,0.6441460950271061;235 236 237 238,0 1 1 1,1 0 0 1,0 0 0 0,0.6625832712095632;235 236 237 238,0 0 0 0,1 0 0 0,0 0 0 0,0.39688013758362206;235 236 237 238,0 0 0 0,0 1 0 0,0 0 0 0,0.6817656888226398;235 236 237 238,0 0 0 0,0 0 1 0,0 0 0 0,0.5390708547603781;235 236 237 238,0 0 0 0,0 0 0 1,0 0 0 0,0.5590713832530684;
236 239,0 0,1 0,0 0,1.0;236 239,0 0,0 1,0 0,1.0;
203 240,0 0,0 1,0 0,1.0;203 240,0 0,1 0,0 0,1.0;
237 240,0 0,0 1,0 0,1.0;237 240,0 0,1 0,0 0,1.0;
238 241,0 0,0 1,0 0,1.0;238 241,0 0,1 0,0 0,1.0;
241 242,0 0,1 0,0 0,1.0;241 242,0 0,0 1,0 0,1.0;
242,0,1,0,0.909271002641629;
47 243,0 0,0 1,0 0,1.0;47 243,0 0,1 0,0 0,1.0;
243,0,1,0,0.8574703734726363;
227 244,0 0,1 0,0 0,1.0;227 244,0 0,0 1,0 0,1.0;
244 245,0 0,1 0,0 0,1.0;244 245,0 0,0 1,0 0,1.0;
245,0,1,0,0.8992711542228178;
223 246,0 0,0 1,0 0,1.0;223 246,0 0,1 0,0 0,1.0;
246 247,0 0,1 0,0 0,1.0;246 247,0 0,0 1,0 0,1.0;
247,0,1,0,0.8850558511681224;
219 248,0 0,0 1,0 0,1.0;219 248,0 0,1 0,0 0,1.0;
248 249,0 0,1 0,0 0,1.0;248 249,0 0,0 1,0 0,1.0;
249,0,1,0,0.8958676268360138;
142 250,0 0,0 1,0 0,1.0;142 250,0 0,1 0,0 0,1.0;
250 251,0 0,1 0,0 0,1.0;250 251,0 0,0 1,0 0,1.0;
251,0,1,0,0.8841224106291029;
192 252,0 0,1 0,0 0,1.0;192 252,0 0,0 1,0 0,1.0;
252 253,0 0,1 0,0 0,1.0;252 253,0 0,0 1,0 0,1.0;
253,0,1,0,0.932215702257604;
195 254,0 0,1 0,0 0,1.0;195 254,0 0,0 1,0 0,1.0;
254 255,0 0,1 0,0 0,1.0;254 255,0 0,0 1,0 0,1.0;
255,0,1,0,0.9083622288444003;
200 256,0 0,1 0,0 0,1.0;200 256,0 0,0 1,0 0,1.0;
256 257,0 0,1 0,0 0,1.0;256 257,0 0,0 1,0 0,1.0;
257,0,1,0,0.9205409099294835;
231 258,0 0,0 1,0 0,1.0;231 258,0 0,1 0,0 0,1.0;
258 259,0 0,1 0,0 0,1.0;258 259,0 0,0 1,0 0,1.0;
259,0,1,0,0.9073689944785135;
122 260,0 0,1 0,0 0,1.0;122 260,0 0,0 1,0 0,1.0;
260 261 262,0 1 2,1 1 1,0 0 0,0.9203294199646735;260 261 262,0 0 1,1 0 1,0 0 0,1.0;260 261 262,0 0 1,0 1 1,0 0 0,1.0;260 261 262,0 1 0,1 1 0,0 0 0,1.0;260 261 262,0 1 0,0 1 1,0 0 0,1.0;260 261 262,0 1 1,1 1 0,0 0 0,1.0;260 261 262,0 1 1,1 0 1,0 0 0,1.0;260 261 262,0 0 0,1 0 0,0 0 0,1.0;260 261 262,0 0 0,0 1 0,0 0 0,1.0;260 261 262,0 0 0,0 0 1,0 0 0,1.0;
261 263,0 0,1 0,0 0,1.0;261 263,0 0,0 1,0 0,1.0;
263 264 265,0 1 2,1 1 1,0 0 0,0.9201542917413904;263 264 265,0 0 1,0 1 1,0 0 0,1.0;263 264 265,0 0 1,1 0 1,0 0 0,1.0;263 264 265,0 1 0,0 1 1,0 0 0,1.0;263 264 265,0 1 0,1 1 0,0 0 0,1.0;263 264 265,0 1 1,1 1 0,0 0 0,1.0;263 264 265,0 1 1,1 0 1,0 0 0,1.0;263 264 265,0 0 0,0 1 0,0 0 0,1.0;263 264 265,0 0 0,0 0 1,0 0 0,1.0;263 264 265,0 0 0,1 0 0,0 0 0,1.0;
266 267 268,0 1 2,1 1 1,0 0 0,0.9248608618209153;266 267 268,0 0 1,1 0 1,0 0 0,1.0;266 267 268,0 0 1,0 1 1,0 0 0,1.0;266 267 268,0 1 0,1 1 0,0 0 0,1.0;266 267 268,0 1 0,0 1 1,0 0 0,1.0;266 267 268,0 1 1,1 1 0,0 0 0,1.0;266 267 268,0 1 1,1 0 1,0 0 0,1.0;266 267 268,0 0 0,1 0 0,0 0 0,1.0;266 267 268,0 0 0,0 1 0,0 0 0,1.0;266 267 268,0 0 0,0 0 1,0 0 0,1.0;
269 270 271,0 1 2,1 1 1,0 0 0,0.9188815023259953;269 270 271,0 0 1,1 0 1,0 0 0,1.0;269 270 271,0 0 1,0 1 1,0 0 0,1.0;269 270 271,0 1 0,1 1 0,0 0 0,1.0;269 270 271,0 1 0,0 1 1,0 0 0,1.0;269 270 271,0 1 1,1 1 0,0 0 0,1.0;269 270 271,0 1 1,1 0 1,0 0 0,1.0;269 270 271,0 0 0,1 0 0,0 0 0,1.0;269 270 271,0 0 0,0 1 0,0 0 0,1.0;269 270 271,0 0 0,0 0 1,0 0 0,1.0;
269 272,0 0,0 1,0 0,1.0;269 272,0 0,1 0,0 0,1.0;
272 273 274,0 1 2,1 1 1,0 0 0,0.921460281925812;272 273 274,0 0 1,1 0 1,0 0 0,1.0;272 273 274,0 0 1,0 1 1,0 0 0,1.0;272 273 274,0 1 0,1 1 0,0 0 0,1.0;272 273 274,0 1 0,0 1 1,0 0 0,1.0;272 273 274,0 1 1,1 1 0,0 0 0,1.0;272 273 274,0 1 1,1 0 1,0 0 0,1.0;272 273 274,0 0 0,1 0 0,0 0 0,1.0;272 273 274,0 0 0,0 1 0,0 0 0,1.0;272 273 274,0 0 0,0 0 1,0 0 0,1.0;
275 276 277,0 1 2,1 1 1,0 0 0,0.9205310053003609;275 276 277,0 0 1,1 0 1,0 0 0,1.0;275 276 277,0 0 1,0 1 1,0 0 0,1.0;275 276 277,0 1 0,1 1 0,0 0 0,1.0;275 276 277,0 1 0,0 1 1,0 0 0,1.0;275 276 277,0 1 1,1 1 0,0 0 0,1.0;275 276 277,0 1 1,1 0 1,0 0 0,1.0;275 276 277,0 0 0,1 0 0,0 0 0,1.0;275 276 277,0 0 0,0 1 0,0 0 0,1.0;275 276 277,0 0 0,0 0 1,0 0 0,1.0;
275 278,0 0,1 0,0 0,1.0;275 278,0 0,0 1,0 0,1.0;
158 279,0 0,1 0,0 0,1.0;158 279,0 0,0 1,0 0,1.0;
279 280 281,0 1 2,1 1 1,0 0 0,0.9230106405171137;279 280 281,0 0 1,0 1 1,0 0 0,1.0;279 280 281,0 0 1,1 0 1,0 0 0,1.0;279 280 281,0 1 0,0 1 1,0 0 0,0.8223214530813038;279 280 281,0 1 0,1 1 0,0 0 0,0.7206401908829383;279 280 281,0 1 1,1 1 0,0 0 0,0.7165407076177404;279 280 281,0 1 1,1 0 1,0 0 0,0.6580652974686243;279 280 281,0 0 0,0 1 0,0 0 0,0.6390446107268561;279 280 281,0 0 0,0 0 1,0 0 0,0.6073458099575737;279 280 281,0 0 0,1 0 0,0 0 0,0.3943361087423989;
280 282,0 0,1 0,0 0,1.0;280 282,0 0,0 1,0 0,1.0;
282 283 284,0 1 2,1 1 1,0 0 0,0.9141688131437953;282 283 284,0 0 1,1 0 1,0 0 0,1.0;282 283 284,0 0 1,0 1 1,0 0 0,1.0;282 283 284,0 1 0,1 1 0,0 0 0,0.780490151454269;282 283 284,0 1 0,0 1 1,0 0 0,0.8297899007411582;282 283 284,0 1 1,1 1 0,0 0 0,0.7360028971857471;282 283 284,0 1 1,1 0 1,0 0 0,0.6262270270867747;282 283 284,0 0 0,1 0 0,0 0 0,0.5318505915834961;282 283 284,0 0 0,0 1 0,0 0 0,0.6861497789270999;282 283 284,0 0 0,0 0 1,0 0 0,0.5534757018192702;
283 285,0 0,1 0,0 0,1.0;283 285,0 0,0 1,0 0,1.0;
285 286 287,0 1 2,1 1 1,0 0 0,0.9180824755413852;285 286 287,0 0 1,1 0 1,0 0 0,1.0;285 286 287,0 0 1,0 1 1,0 0 0,1.0;285 286 287,0 1 0,1 1 0,0 0 0,0.7031787246383486;285 286 287,0 1 0,0 1 1,0 0 0,0.7912712333674049;285 286 287,0 1 1,1 1 0,0 0 0,0.7518562612288308;285 286 287,0 1 1,1 0 1,0 0 0,0.6730094636794104;285 286 287,0 0 0,1 0 0,0 0 0,0.5002005828032963;285 286 287,0 0 0,0 1 0,0 0 0,0.6591166970116272;285 286 287,0 0 0,0 0 1,0 0 0,0.5657236720445479;
286 288,0 0,0 1,0 0,1.0;286 288,0 0,1 0,0 0,1.0;
288 289 290,0 1 2,1 1 1,0 0 0,0.9166372161673335;288 289 290,0 0 1,1 0 1,0 0 0,1.0;288 289 290,0 0 1,0 1 1,0 0 0,1.0;288 289 290,0 1 0,1 1 0,0 0 0,0.7819477896019031;288 289 290,0 1 0,0 1 1,0 0 0,0.8444720781246606;288 289 290,0 1 1,1 1 0,0 0 0,0.7259548951117489;288 289 290,0 1 1,1 0 1,0 0 0,0.6159155537059477;288 289 290,0 0 0,1 0 0,0 0 0,0.5249818060354585;288 289 290,0 0 0,0 1 0,0 0 0,0.6946761215767601;288 289 290,0 0 0,0 0 1,0 0 0,0.5684106079540158;
289 291,0 0,1 0,0 0,1.0;289 291,0 0,0 1,0 0,1.0;
291 292 293 294,0 1 2 3,1 1 1 1,0 0 0 0,0.9236655729135653;291 292 293 294,0 0 1 2,1 0 1 1,0 0 0 0,1.0;291 292 293 294,0 0 1 2,0 1 1 1,0 0 0 0,1.0;291 292 293 294,0 1 0 2,1 1 0 1,0 0 0 0,1.0;291 292 293 294,0 1 0 2,0 1 1 1,0 0 0 0,1.0;291 292 293 294,0 1 1 2,1 1 0 1,0 0 0 0,1.0;291 292 293 294,0 1 1 2,1 0 1 1,0 0 0 0,1.0;291 292 293 294,0 0 0 1,1 0 0 1,0 0 0 0,0.6628105998587173;291 292 293 294,0 0 0 1,0 1 0 1,0 0 0 0,0.7452624645765418;291 292 293 294,0 0 0 1,0 0 1 1,0 0 0 0,0.785648198658355;291 292 293 294,0 1 2 0,1 1 1 0,0 0 0 0,1.0;291 292 293 294,0 1 2 0,0 1 1 1,0 0 0 0,1.0;291 292 293 294,0 1 2 1,1 1 1 0,0 0 0 0,1.0;291 292 293 294,0 1 2 1,1 0 1 1,0 0 0 0,1.0;291 292 293 294,0 1 2 2,1 1 1 0,0 0 0 0,1.0;291 292 293 294,0 1 2 2,1 1 0 1,0 0 0 0,1.0;291 292 293 294,0 0 1 0,1 0 1 0,0 0 0 0,1.0;291 292 293 294,0 0 1 0,0 1 1 0,0 0 0 0,1.0;291 292 293 294,0 0 1 0,0 0 1 1,0 0 0 0,1.0;291 292 293 294,0 0 1 1,1 0 1 0,0 0 0 0,0.4826897733125647;291 292 293 294,0 0 1 1,1 0 0 1,0 0 0 0,0.5321351080945328;291 292 293 294,0 0 1 1,0 1 1 0,0 0 0 0,0.5621425942928484;291 292 293 294,0 0 1 1,0 1 0 1,0 0 0 0,0.6115879290748166;291 292 293 294,0 1 0 0,1 1 0 0,0 0 0 0,1.0;291 292 293 294,0 1 0 0,0 1 1 0,0 0 0 0,1.0;291 292 293 294,0 1 0 0,0 1 0 1,0 0 0 0,1.0;291 292 293 294,0 1 0 1,1 1 0 0,0 0 0 0,0.4301871161446601;291 292 293 294,0 1 0 1,1 0 0 1,0 0 0 0,0.5091539075421985;291 292 293 294,0 1 0 1,0 1 1 0,0 0 0 0,0.5391613937405142;291 292 293 294,0 1 0 1,0 0 1 1,0 0 0 0,0.6181281851380527;291 292 293 294,0 1 1 0,1 1 0 0,0 0 0 0,1.0;291 292 293 294,0 1 1 0,1 0 1 0,0 0 0 0,1.0;291 292 293 294,0 1 1 0,0 1 0 1,0 0 0 0,1.0;291 292 293 294,0 1 1 0,0 0 1 1,0 0 0 0,1.0;291 292 293 294,0 1 1 1,1 1 0 0,0 0 0 0,0.6615044575810444;291 292 293 294,0 1 1 1,1 0 1 0,0 0 0 0,0.6871702557560849;291 292 293 294,0 1 1 1,1 0 0 1,0 0 0 0,0.7626470538894233;291 292 293 294,0 0 0 0,1 0 0 0,0 0 0 0,0.37480195501114333;291 292 293 294,0 0 0 0,0 1 0 0,0 0 0 0,0.4817427437191112;291 292 293 294,0 0 0 0,0 0 1 0,0 0 0 0,0.5260863328334238;291 292 293 294,0 0 0 0,0 0 0 1,0 0 0 0,0.6263175125211529;
295 296 297,0 1 2,1 1 1,0 0 0,0.9232564971657035;295 296 297,0 0 1,0 1 1,0 0 0,0.6736732605457549;295 296 297,0 0 1,1 0 1,0 0 0,0.7431365032744963;295 296 297,0 1 0,0 1 1,0 0 0,1.0;295 296 297,0 1 0,1 1 0,0 0 0,1.0;295 296 297,0 1 1,1 1 0,0 0 0,0.7804862300271058;295 296 297,0 1 1,1 0 1,0 0 0,0.6632558312654783;295 296 297,0 0 0,0 1 0,0 0 0,0.5628219118512737;295 296 297,0 0 0,0 0 1,0 0 0,0.4672893510798576;295 296 297,0 0 0,1 0 0,0 0 0,0.6692641444138546;
295 298,0 0,0 1,0 0,1.0;295 298,0 0,1 0,0 0,1.0;
298 299 300,0 1 2,1 1 1,0 0 0,0.9240657492586528;298 299 300,0 0 1,1 0 1,0 0 0,1.0;298 299 300,0 0 1,0 1 1,0 0 0,1.0;298 299 300,0 1 0,1 1 0,0 0 0,0.6698705181974542;298 299 300,0 1 0,0 1 1,0 0 0,0.8038030673967226;298 299 300,0 1 1,1 1 0,0 0 0,0.7300762422633403;298 299 300,0 1 1,1 0 1,0 0 0,0.6676029515835866;298 299 300,0 0 0,1 0 0,0 0 0,0.42829011768456815;298 299 300,0 0 0,0 1 0,0 0 0,0.6455819753280156;298 299 300,0 0 0,0 0 1,0 0 0,0.5861827616389612;
299 301,0 0,1 0,0 0,1.0;299 301,0 0,0 1,0 0,1.0;
301 302,0 0,1 0,0 0,1.0;301 302,0 0,0 1,0 0,1.0;
302 303 304,0 1 2,1 1 1,0 0 0,0.9244686029424095;302 303 304,0 0 1,1 0 1,0 0 0,0.7549211855424784;302 303 304,0 0 1,0 1 1,0 0 0,0.8614209037894075;302 303 304,0 1 0,0 1 1,0 0 0,1.0;302 303 304,0 1 0,1 1 0,0 0 0,1.0;302 303 304,0 1 1,1 0 1,0 0 0,0.7127847275744505;302 303 304,0 1 1,1 1 0,0 0 0,0.6212709568630439;302 303 304,0 0 0,0 0 1,0 0 0,0.6552819275146355;302 303 304,0 0 0,1 0 0,0 0 0,0.46761913580998304;302 303 304,0 0 0,0 1 0,0 0 0,0.585905765500573;
305 306 307,0 1 2,1 1 1,0 0 0,0.9228112143729421;305 306 307,0 0 1,1 0 1,0 0 0,0.7990141265337968;305 306 307,0 0 1,0 1 1,0 0 0,0.6650605068124308;305 306 307,0 1 0,1 1 0,0 0 0,0.6697839982478602;305 306 307,0 1 0,0 1 1,0 0 0,0.7375003926643726;305 306 307,0 1 1,1 1 0,0 0 0,1.0;305 306 307,0 1 1,1 0 1,0 0 0,1.0;305 306 307,0 0 0,1 0 0,0 0 0,0.5920619300575172;305 306 307,0 0 0,0 1 0,0 0 0,0.45885305553142275;305 306 307,0 0 0,0 0 1,0 0 0,0.6638913443763952;
308 309 310,0 1 2,1 1 1,0 0 0,0.9213117731328251;308 309 310,0 0 1,1 0 1,0 0 0,0.7291038164970856;308 309 310,0 0 1,0 1 1,0 0 0,0.6444313717083081;308 309 310,0 1 0,1 1 0,0 0 0,1.0;308 309 310,0 1 0,0 1 1,0 0 0,1.0;308 309 310,0 1 1,1 1 0,0 0 0,0.8335209735643524;308 309 310,0 1 1,1 0 1,0 0 0,0.7165246367095127;308 309 310,0 0 0,1 0 0,0 0 0,0.6105067083324788;308 309 310,0 0 0,0 1 0,0 0 0,0.5929523373772534;308 309 310,0 0 0,0 0 1,0 0 0,0.47296668534724884;
308 311,0 0,1 0,0 0,1.0;308 311,0 0,0 1,0 0,1.0;
311 312,0 0,0 1,0 0,1.0;311 312,0 0,1 0,0 0,1.0;
312 313 314,0 1 2,1 1 1,0 0 0,0.9203915062456409;312 313 314,0 0 1,1 0 1,0 0 0,1.0;312 313 314,0 0 1,0 1 1,0 0 0,1.0;312 313 314,0 1 0,1 1 0,0 0 0,0.7404970431694884;312 313 314,0 1 0,0 1 1,0 0 0,0.8442213837743274;312 313 314,0 1 1,1 1 0,0 0 0,0.7047221426105765;312 313 314,0 1 1,1 0 1,0 0 0,0.6272094347507478;312 313 314,0 0 0,1 0 0,0 0 0,0.45741006585025057;312 313 314,0 0 0,0 1 0,0 0 0,0.6221764944892664;312 313 314,0 0 0,0 0 1,0 0 0,0.6018859730735501;
313 315,0 0,1 0,0 0,1.0;313 315,0 0,0 1,0 0,1.0;
264 316,0 0,1 0,0 0,1.0;264 316,0 0,0 1,0 0,1.0;
316 317,0 0,1 0,0 0,1.0;316 317,0 0,0 1,0 0,1.0;
317,0,1,0,0.8980992515489256;
262 318,0 0,0 1,0 0,1.0;262 318,0 0,1 0,0 0,1.0;
318 319,0 0,1 0,0 0,1.0;318 319,0 0,0 1,0 0,1.0;
319,0,1,0,0.9014430352196959;
270 320,0 0,0 1,0 0,1.0;270 320,0 0,1 0,0 0,1.0;
320 321,0 0,1 0,0 0,1.0;320 321,0 0,0 1,0 0,1.0;
321,0,1,0,0.9038714204371325;
273 322,0 0,1 0,0 0,1.0;273 322,0 0,0 1,0 0,1.0;
322 323,0 0,1 0,0 0,1.0;322 323,0 0,0 1,0 0,1.0;
323,0,1,0,0.8954777003527249;
276 324,0 0,1 0,0 0,1.0;276 324,0 0,0 1,0 0,1.0;
324 325,0 0,1 0,0 0,1.0;324 325,0 0,0 1,0 0,1.0;
325,0,1,0,0.9047658730714816;
266 326,0 0,1 0,0 0,1.0;266 326,0 0,0 1,0 0,1.0;
326 327,0 0,1 0,0 0,1.0;326 327,0 0,0 1,0 0,1.0;
327,0,1,0,0.8904817649293877;
154 328,0 0,0 1,0 0,1.0;154 328,0 0,1 0,0 0,1.0;
328 329,0 0,1 0,0 0,1.0;328 329,0 0,0 1,0 0,1.0;
329,0,1,0,0.8957094960488899;
157 330,0 0,0 1,0 0,1.0;157 330,0 0,1 0,0 0,1.0;
330 331,0 0,1 0,0 0,1.0;330 331,0 0,0 1,0 0,1.0;
331,0,1,0,0.8861286761370939;
284 332,0 0,1 0,0 0,1.0;284 332,0 0,0 1,0 0,1.0;
332 333,0 0,1 0,0 0,1.0;332 333,0 0,0 1,0 0,1.0;
333,0,1,0,0.9208715726576876;
281 334,0 0,1 0,0 0,1.0;281 334,0 0,0 1,0 0,1.0;
334 335,0 0,1 0,0 0,1.0;334 335,0 0,0 1,0 0,1.0;
335,0,1,0,0.8966927751636313;
287 336,0 0,0 1,0 0,1.0;287 336,0 0,1 0,0 0,1.0;
336 337,0 0,1 0,0 0,1.0;336 337,0 0,0 1,0 0,1.0;
337,0,1,0,0.910322263712193;
290 338,0 0,1 0,0 0,1.0;290 338,0 0,0 1,0 0,1.0;
338 339,0 0,1 0,0 0,1.0;338 339,0 0,0 1,0 0,1.0;
339,0,1,0,0.9136858209889294;
292 340,0 0,1 0,0 0,1.0;292 340,0 0,0 1,0 0,1.0;
340 341,0 0,1 0,0 0,1.0;340 341,0 0,0 1,0 0,1.0;
341,0,1,0,0.9064999724412992;
293 342,0 0,1 0,0 0,1.0;293 342,0 0,0 1,0 0,1.0;
342 343,0 0,1 0,0 0,1.0;342 343,0 0,0 1,0 0,1.0;
343,0,1,0,0.8941222769424867;
296 344,0 0,1 0,0 0,1.0;296 344,0 0,0 1,0 0,1.0;
344 345,0 0,1 0,0 0,1.0;344 345,0 0,0 1,0 0,1.0;
345,0,1,0,0.8979490037949573;
300 346,0 0,0 1,0 0,1.0;300 346,0 0,1 0,0 0,1.0;
346 347,0 0,1 0,0 0,1.0;346 347,0 0,0 1,0 0,1.0;
347,0,1,0,0.8922344267616633;
303 348,0 0,0 1,0 0,1.0;303 348,0 0,1 0,0 0,1.0;
348 349,0 0,1 0,0 0,1.0;348 349,0 0,0 1,0 0,1.0;
349,0,1,0,0.8887160097760709;
305 350,0 0,1 0,0 0,1.0;305 350,0 0,0 1,0 0,1.0;
350 351,0 0,1 0,0 0,1.0;350 351,0 0,0 1,0 0,1.0;
351,0,1,0,0.8941110113042378;
309 352,0 0,0 1,0 0,1.0;309 352,0 0,1 0,0 0,1.0;
352 353,0 0,1 0,0 0,1.0;352 353,0 0,0 1,0 0,1.0;
353,0,1,0,0.8976125028046906;
314 354,0 0,1 0,0 0,1.0;314 354,0 0,0 1,0 0,1.0;
354 355,0 0,1 0,0 0,1.0;354 355,0 0,0 1,0 0,1.0;
355,0,1,0,0.8998888517869773;
188 190 234 356,0 1 2 3,1 1 1 1,0 0 0 0,0.9082662249577151;188 190 234 356,0 0 1 2,1 0 1 1,0 0 0 0,0.6630581598423283;188 190 234 356,0 0 1 2,0 1 1 1,0 0 0 0,0.7839925392493274;188 190 234 356,0 1 0 2,0 1 1 1,0 0 0 0,0.8838061854646093;188 190 234 356,0 1 0 2,1 1 0 1,0 0 0 0,0.890297742261541;188 190 234 356,0 1 1 2,1 0 1 1,0 0 0 0,0.6665903555377463;188 190 234 356,0 1 1 2,1 1 0 1,0 0 0 0,0.7940162917416772;188 190 234 356,0 0 0 1,0 0 1 1,0 0 0 0,0.7382533734645316;188 190 234 356,0 0 0 1,1 0 0 1,0 0 0 0,0.8114840768022576;188 190 234 356,0 0 0 1,0 1 0 1,0 0 0 0,0.9168193241562542;188 190 234 356,0 1 2 0,0 1 1 1,0 0 0 0,0.8167259068337271;188 190 234 356,0 1 2 0,1 1 1 0,0 0 0 0,0.7146196336665978;188 190 234 356,0 1 2 1,1 0 1 1,0 0 0 0,0.7516777968431945;188 190 234 356,0 1 2 1,1 1 1 0,0 0 0 0,0.7705059030830642;188 190 234 356,0 1 2 2,1 1 1 0,0 0 0 0,0.699091867927777;188 190 234 356,0 1 2 2,1 1 0 1,0 0 0 0,0.8076896978918381;188 190 234 356,0 0 1 0,0 0 1 1,0 0 0 0,0.7586603093826305;188 190 234 356,0 0 1 0,1 0 1 0,0 0 0 0,0.6578907121719082;188 190 234 356,0 0 1 0,0 1 1 0,0 0 0 0,0.772137456599406;188 190 234 356,0 0 1 1,1 0 1 0,0 0 0 0,0.24207777114286788;188 190 234 356,0 0 1 1,1 0 0 1,0 0 0 0,0.381654598450095;188 190 234 356,0 0 1 1,0 1 1 0,0 0 0 0,0.3965694535771668;188 190 234 356,0 0 1 1,0 1 0 1,0 0 0 0,0.5361462808843939;188 190 234 356,0 1 0 0,0 1 0 1,0 0 0 0,0.9168193241562542;188 190 234 356,0 1 0 0,0 1 1 0,0 0 0 0,0.7177874682038554;188 190 234 356,0 1 0 0,1 1 0 0,0 0 0 0,0.8005379633696552;188 190 234 356,0 1 0 1,0 0 1 1,0 0 0 0,0.6289590970679154;188 190 234 356,0 1 0 1,0 1 1 0,0 0 0 0,0.6534109756330204;188 190 234 356,0 1 0 1,1 0 0 1,0 0 0 0,0.6384961205059487;188 190 234 356,0 1 0 1,1 1 0 0,0 0 0 0,0.6629479990710536;188 190 234 356,0 1 1 0,0 0 1 1,0 0 0 0,0.4007075171634199;188 190 234 356,0 1 1 0,0 1 0 1,0 0 0 0,0.5647362230357522;188 190 234 356,0 1 1 0,1 0 1 0,0 0 0 0,0.2706677132942259;188 190 234 356,0 1 1 0,1 1 0 0,0 0 0 0,0.4346964191665582;188 190 234 356,0 1 1 1,1 0 1 0,0 0 0 0,0.6578907121719082;188 190 234 356,0 1 1 1,1 0 0 1,0 0 0 0,0.7300543446826119;188 190 234 356,0 1 1 1,1 1 0 0,0 0 0 0,0.7782857995364343;188 190 234 356,0 0 0 0,0 0 0 1,0 0 0 0,0.7263051782397887;188 190 234 356,0 0 0 0,0 0 1 0,0 0 0 0,0.5904981003849268;188 190 234 356,0 0 0 0,1 0 0 0,0 0 0 0,0.5744945678809172;188 190 234 356,0 0 0 0,0 1 0 0,0 0 0 0,0.7319803925860238;
138 357,0 0,1 0,0 0,1.0;138 357,0 0,0 1,0 0,1.0;
130 132 179 357,0 1 2 3,1 1 1 1,0 0 0 0,0.9187585730886448;130 132 179 357,0 0 1 2,1 0 1 1,0 0 0 0,0.6661526023834748;130 132 179 357,0 0 1 2,0 1 1 1,0 0 0 0,0.8022513428846376;130 132 179 357,0 1 0 2,1 1 0 1,0 0 0 0,0.8306820739044611;130 132 179 357,0 1 0 2,0 1 1 1,0 0 0 0,0.8837934812200646;130 132 179 357,0 1 1 2,1 0 1 1,0 0 0 0,0.6981943761504656;130 132 179 357,0 1 1 2,1 1 0 1,0 0 0 0,0.7811817093360252;130 132 179 357,0 0 0 1,1 0 0 1,0 0 0 0,0.6986345705940399;130 132 179 357,0 0 0 1,0 0 1 1,0 0 0 0,0.7427213764923059;130 132 179 357,0 0 0 1,0 1 0 1,0 0 0 0,0.8224469085049808;130 132 179 357,0 1 2 0,1 1 1 0,0 0 0 0,0.7264416480638198;130 132 179 357,0 1 2 0,0 1 1 1,0 0 0 0,0.8267080666050062;130 132 179 357,0 1 2 1,1 1 1 0,0 0 0 0,0.7958204302011289;130 132 179 357,0 1 2 1,1 0 1 1,0 0 0 0,0.7599881082411524;130 132 179 357,0 1 2 2,1 1 1 0,0 0 0 0,0.7047735572855722;130 132 179 357,0 1 2 2,1 1 0 1,0 0 0 0,0.751928568511155;130 132 179 357,0 0 1 0,1 0 1 0,0 0 0 0,0.7037514562737474;130 132 179 357,0 0 1 0,0 1 1 0,0 0 0 0,0.8207980185477357;130 132 179 357,0 0 1 0,0 0 1 1,0 0 0 0,0.7440743383027327;130 132 179 357,0 0 1 1,1 0 1 0,0 0 0 0,0.23241504734729113;130 132 179 357,0 0 1 1,1 0 0 1,0 0 0 0,0.29703957256202307;130 132 179 357,0 0 1 1,0 1 1 0,0 0 0 0,0.40661814430280285;130 132 179 357,0 0 1 1,0 1 0 1,0 0 0 0,0.4712426695175349;130 132 179 357,0 1 0 0,1 1 0 0,0 0 0 0,0.7046374047222309;130 132 179 357,0 1 0 0,0 1 1 0,0 0 0 0,0.7634786077074632;130 132 179 357,0 1 0 0,0 1 0 1,0 0 0 0,0.8224469085049808;130 132 179 357,0 1 0 1,1 1 0 0,0 0 0 0,0.6002781222075568;130 132 179 357,0 1 0 1,1 0 0 1,0 0 0 0,0.5559230894384987;130 132 179 357,0 1 0 1,0 1 1 0,0 0 0 0,0.6655016611792788;130 132 179 357,0 1 0 1,0 0 1 1,0 0 0 0,0.6211466284102205;130 132 179 357,0 1 1 0,1 0 1 0,0 0 0 0,0.312979844165149;130 132 179 357,0 1 1 0,1 1 0 0,0 0 0 0,0.4219594021489391;130 132 179 357,0 1 1 0,0 0 1 1,0 0 0 0,0.4428279083516028;130 132 179 357,0 1 1 0,0 1 0 1,0 0 0 0,0.5518074663353929;130 132 179 357,0 1 1 1,1 0 1 0,0 0 0 0,0.7037514562737474;130 132 179 357,0 1 1 1,1 1 0 0,0 0 0 0,0.8141384407522361;130 132 179 357,0 1 1 1,1 0 0 1,0 0 0 0,0.6821458927512203;130 132 179 357,0 0 0 0,1 0 0 0,0 0 0 0,0.463709901718373;130 132 179 357,0 0 0 0,0 0 1 0,0 0 0 0,0.5581292373723372;130 132 179 357,0 0 0 0,0 1 0 0,0 0 0 0,0.6949775888139564;130 132 179 357,0 0 0 0,0 0 0 1,0 0 0 0,0.5795152745683639;
315 358,0 0,1 0,0 0,1.0;315 358,0 0,0 1,0 0,1.0;
358 359 360,0 1 2,1 1 1,0 0 0,0.9204557480768749;358 359 360,0 0 1,1 0 1,0 0 0,1.0;358 359 360,0 0 1,0 1 1,0 0 0,1.0;358 359 360,0 1 0,0 1 1,0 0 0,0.8314780396721074;358 359 360,0 1 0,1 1 0,0 0 0,0.7179856913541007;358 359 360,0 1 1,1 0 1,0 0 0,0.6477498222374624;358 359 360,0 1 1,1 1 0,0 0 0,0.6956644172581806;358 359 360,0 0 0,0 0 1,0 0 0,0.6171548828141922;358 359 360,0 0 0,1 0 0,0 0 0,0.4403701903751249;358 359 360,0 0 0,0 1 0,0 0 0,0.5855999771285947;
359 361,0 0,0 1,0 0,1.0;359 361,0 0,1 0,0 0,1.0;
361 362,0 0,1 0,0 0,1.0;361 362,0 0,0 1,0 0,1.0;
362 363 364,0 1 2,1 1 1,0 0 0,0.9230633418594298;362 363 364,0 0 1,1 0 1,0 0 0,1.0;362 363 364,0 0 1,0 1 1,0 0 0,1.0;362 363 364,0 1 0,1 1 0,0 0 0,0.705110815054456;362 363 364,0 1 0,0 1 1,0 0 0,0.8104953957513867;362 363 364,0 1 1,1 1 0,0 0 0,0.7135103232406228;362 363 364,0 1 1,1 0 1,0 0 0,0.6662651207589749;362 363 364,0 0 0,1 0 0,0 0 0,0.4461297248751793;362 363 364,0 0 0,0 1 0,0 0 0,0.5661657177020349;362 363 364,0 0 0,0 0 1,0 0 0,0.6255888238229455;
363 365,0 0,1 0,0 0,1.0;363 365,0 0,0 1,0 0,1.0;
278 366,0 0,0 1,0 0,1.0;278 366,0 0,1 0,0 0,1.0;
366 367 368,0 1 2,1 1 1,0 0 0,0.9160818189923023;366 367 368,0 0 1,1 0 1,0 0 0,1.0;366 367 368,0 0 1,0 1 1,0 0 0,1.0;366 367 368,0 1 0,0 1 1,0 0 0,1.0;366 367 368,0 1 0,1 1 0,0 0 0,1.0;366 367 368,0 1 1,1 0 1,0 0 0,1.0;366 367 368,0 1 1,1 1 0,0 0 0,1.0;366 367 368,0 0 0,0 0 1,0 0 0,1.0;366 367 368,0 0 0,1 0 0,0 0 0,1.0;366 367 368,0 0 0,0 1 0,0 0 0,1.0;
367 369,0 0,0 1,0 0,1.0;367 369,0 0,1 0,0 0,1.0;
369 370,0 0,1 0,0 0,1.0;369 370,0 0,0 1,0 0,1.0;
370 371 372,0 1 2,1 1 1,0 0 0,0.913313929141089;370 371 372,0 0 1,1 0 1,0 0 0,1.0;370 371 372,0 0 1,0 1 1,0 0 0,1.0;370 371 372,0 1 0,1 1 0,0 0 0,1.0;370 371 372,0 1 0,0 1 1,0 0 0,1.0;370 371 372,0 1 1,1 1 0,0 0 0,1.0;370 371 372,0 1 1,1 0 1,0 0 0,1.0;370 371 372,0 0 0,1 0 0,0 0 0,1.0;370 371 372,0 0 0,0 1 0,0 0 0,1.0;370 371 372,0 0 0,0 0 1,0 0 0,1.0;
371 373,0 0,1 0,0 0,1.0;371 373,0 0,0 1,0 0,1.0;
373 374,0 0,1 0,0 0,1.0;373 374,0 0,0 1,0 0,1.0;
374 375 376,0 1 2,1 1 1,0 0 0,0.9172538933968521;374 375 376,0 0 1,1 0 1,0 0 0,1.0;374 375 376,0 0 1,0 1 1,0 0 0,1.0;374 375 376,0 1 0,0 1 1,0 0 0,1.0;374 375 376,0 1 0,1 1 0,0 0 0,1.0;374 375 376,0 1 1,1 0 1,0 0 0,1.0;374 375 376,0 1 1,1 1 0,0 0 0,1.0;374 375 376,0 0 0,0 0 1,0 0 0,1.0;374 375 376,0 0 0,1 0 0,0 0 0,1.0;374 375 376,0 0 0,0 1 0,0 0 0,1.0;
375 377,0 0,0 1,0 0,1.0;375 377,0 0,1 0,0 0,1.0;
377 378,0 0,1 0,0 0,1.0;377 378,0 0,0 1,0 0,1.0;
378 379 380,0 1 2,1 1 1,0 0 0,0.9180944628019732;378 379 380,0 0 1,1 0 1,0 0 0,1.0;378 379 380,0 0 1,0 1 1,0 0 0,1.0;378 379 380,0 1 0,1 1 0,0 0 0,1.0;378 379 380,0 1 0,0 1 1,0 0 0,1.0;378 379 380,0 1 1,1 1 0,0 0 0,1.0;378 379 380,0 1 1,1 0 1,0 0 0,1.0;378 379 380,0 0 0,1 0 0,0 0 0,1.0;378 379 380,0 0 0,0 1 0,0 0 0,1.0;378 379 380,0 0 0,0 0 1,0 0 0,1.0;
379 381,0 0,1 0,0 0,1.0;379 381,0 0,0 1,0 0,1.0;
365 382,0 0,1 0,0 0,1.0;365 382,0 0,0 1,0 0,1.0;
382 383 384,0 1 2,1 1 1,0 0 0,0.9208887437984236;382 383 384,0 0 1,1 0 1,0 0 0,1.0;382 383 384,0 0 1,0 1 1,0 0 0,1.0;382 383 384,0 1 0,0 1 1,0 0 0,0.8236663818079448;382 383 384,0 1 0,1 1 0,0 0 0,0.7191532960664446;382 383 384,0 1 1,1 0 1,0 0 0,0.6507772435804249;382 383 384,0 1 1,1 1 0,0 0 0,0.7357917374325197;382 383 384,0 0 0,0 0 1,0 0 0,0.576673823837098;382 383 384,0 0 0,1 0 0,0 0 0,0.4529149831007293;382 383 384,0 0 0,0 1 0,0 0 0,0.6124484237128479;
383 385,0 0,0 1,0 0,1.0;383 385,0 0,1 0,0 0,1.0;
385 386,0 0,1 0,0 0,1.0;385 386,0 0,0 1,0 0,1.0;
386 387 388,0 1 2,1 1 1,0 0 0,0.9145673439672211;386 387 388,0 0 1,1 0 1,0 0 0,0.7629606194830048;386 387 388,0 0 1,0 1 1,0 0 0,0.8453154419069335;386 387 388,0 1 0,1 1 0,0 0 0,1.0;386 387 388,0 1 0,0 1 1,0 0 0,1.0;386 387 388,0 1 1,1 1 0,0 0 0,0.6230852386774124;386 387 388,0 1 1,1 0 1,0 0 0,0.7274008919928461;386 387 388,0 0 0,1 0 0,0 0 0,0.504882737884578;386 387 388,0 0 0,0 1 0,0 0 0,0.57300301450609;386 387 388,0 0 0,0 0 1,0 0 0,0.665331109022885;
389 390 391,0 1 2,1 1 1,0 0 0,0.9176014574694946;389 390 391,0 0 1,1 0 1,0 0 0,0.7273636401698745;389 390 391,0 0 1,0 1 1,0 0 0,0.6541902509021906;389 390 391,0 1 0,1 1 0,0 0 0,1.0;389 390 391,0 1 0,0 1 1,0 0 0,1.0;389 390 391,0 1 1,1 1 0,0 0 0,0.8121679975591615;389 390 391,0 1 1,1 0 1,0 0 0,0.7047285184818435;389 390 391,0 0 0,1 0 0,0 0 0,0.655918153922827;389 390 391,0 0 0,0 1 0,0 0 0,0.5968202564894118;389 390 391,0 0 0,0 0 1,0 0 0,0.4032877427748154;
389 392,0 0,0 1,0 0,1.0;389 392,0 0,1 0,0 0,1.0;
392 393,0 0,1 0,0 0,1.0;392 393,0 0,0 1,0 0,1.0;
393 394 395,0 1 2,1 1 1,0 0 0,0.9172377311497873;393 394 395,0 0 1,1 0 1,0 0 0,1.0;393 394 395,0 0 1,0 1 1,0 0 0,1.0;393 394 395,0 1 0,1 1 0,0 0 0,0.7464476520379519;393 394 395,0 1 0,0 1 1,0 0 0,0.8327944377414971;393 394 395,0 1 1,1 1 0,0 0 0,0.735312315605914;393 394 395,0 1 1,1 0 1,0 0 0,0.6288063677043573;393 394 395,0 0 0,1 0 0,0 0 0,0.4922877911284238;393 394 395,0 0 0,0 1 0,0 0 0,0.6282785840604639;393 394 395,0 0 0,0 0 1,0 0 0,0.5716072996808962;
394 396,0 0,1 0,0 0,1.0;394 396,0 0,0 1,0 0,1.0;
396 397,0 0,1 0,0 0,1.0;396 397,0 0,0 1,0 0,1.0;
397 398 399,0 1 2,1 1 1,0 0 0,0.9123610809558912;397 398 399,0 0 1,1 0 1,0 0 0,1.0;397 398 399,0 0 1,0 1 1,0 0 0,1.0;397 398 399,0 1 0,1 1 0,0 0 0,0.7186507344114632;397 398 399,0 1 0,0 1 1,0 0 0,0.8284672862004526;397 398 399,0 1 1,1 1 0,0 0 0,0.6997860232219622;397 398 399,0 1 1,1 0 1,0 0 0,0.6348493392548251;397 398 399,0 0 0,1 0 0,0 0 0,0.4306133259263827;397 398 399,0 0 0,0 1 0,0 0 0,0.5929031910806508;397 398 399,0 0 0,0 0 1,0 0 0,0.5731683222027208;
398 400,0 0,0 1,0 0,1.0;398 400,0 0,1 0,0 0,1.0;
400 401 402,0 1 2,1 1 1,0 0 0,0.9232877267464371;400 401 402,0 0 1,1 0 1,0 0 0,0.7444762319846443;400 401 402,0 0 1,0 1 1,0 0 0,0.8295930500682507;400 401 402,0 1 0,1 1 0,0 0 0,1.0;400 401 402,0 1 0,0 1 1,0 0 0,1.0;400 401 402,0 1 1,1 1 0,0 0 0,0.652046326119218;400 401 402,0 1 1,1 0 1,0 0 0,0.7025088884775927;400 401 402,0 0 0,1 0 0,0 0 0,0.4242720852084104;400 401 402,0 0 0,0 1 0,0 0 0,0.6221381006072754;400 401 402,0 0 0,0 0 1,0 0 0,0.6194507248769219;
403 404 405,0 1 2,1 1 1,0 0 0,0.9249628572996118;403 404 405,0 0 1,1 0 1,0 0 0,0.7133893061322074;403 404 405,0 0 1,0 1 1,0 0 0,0.6858443050026832;403 404 405,0 1 0,1 1 0,0 0 0,1.0;403 404 405,0 1 0,0 1 1,0 0 0,1.0;403 404 405,0 1 1,1 1 0,0 0 0,0.7991581114244416;403 404 405,0 1 1,1 0 1,0 0 0,0.6795000053112834;403 404 405,0 0 0,1 0 0,0 0 0,0.5807077045597655;403 404 405,0 0 0,0 1 0,0 0 0,0.624616524080206;403 404 405,0 0 0,0 0 1,0 0 0,0.43992224472163166;
403 406,0 0,1 0,0 0,1.0;403 406,0 0,0 1,0 0,1.0;
406 407,0 0,1 0,0 0,1.0;406 407,0 0,0 1,0 0,1.0;
407 408 409,0 1 2,1 1 1,0 0 0,0.9205043719847961;407 408 409,0 0 1,0 1 1,0 0 0,0.7166936738102005;407 408 409,0 0 1,1 0 1,0 0 0,0.5501129588244419;407 408 409,0 1 0,0 1 1,0 0 0,0.7845992745030362;407 408 409,0 1 0,1 1 0,0 0 0,0.7055633012412581;407 408 409,0 1 1,1 1 0,0 0 0,0.7571448702420598;407 408 409,0 1 1,1 0 1,0 0 0,0.669600128518079;407 408 409,0 0 0,0 1 0,0 0 0,0.6827296971988575;407 408 409,0 0 0,0 0 1,0 0 0,0.5513987490328668;407 408 409,0 0 0,1 0 0,0 0 0,0.4686234321945699;
408 410,0 0,1 0,0 0,1.0;408 410,0 0,0 1,0 0,1.0;
410 411,0 0,1 0,0 0,1.0;410 411,0 0,0 1,0 0,1.0;
411 412 413,0 1 2,1 1 1,0 0 0,0.913980120968353;411 412 413,0 0 1,1 0 1,0 0 0,0.5603239236491733;411 412 413,0 0 1,0 1 1,0 0 0,0.7385360023891585;411 412 413,0 1 0,1 1 0,0 0 0,1.0;411 412 413,0 1 0,0 1 1,0 0 0,1.0;411 412 413,0 1 1,1 1 0,0 0 0,0.7012629310858551;411 412 413,0 1 1,1 0 1,0 0 0,0.6242484456370584;411 412 413,0 0 0,1 0 0,0 0 0,0.3930841224620404;411 412 413,0 0 0,0 1 0,0 0 0,0.6249763262670256;411 412 413,0 0 0,0 0 1,0 0 0,0.5506941823748515;
412 414,0 0,1 0,0 0,1.0;412 414,0 0,0 1,0 0,1.0;
414 415,0 0,1 0,0 0,1.0;414 415,0 0,0 1,0 0,1.0;
162 416,0 0,0 1,0 0,1.0;162 416,0 0,1 0,0 0,1.0;
417 418,0 0,1 0,0 0,1.0;417 418,0 0,0 1,0 0,1.0;
417 419 420 421,0 1 2 3,1 1 1 1,0 0 0 0,0.9143256590471797;417 419 420 421,0 0 1 2,1 0 1 1,0 0 0 0,1.0;417 419 420 421,0 0 1 2,0 1 1 1,0 0 0 0,1.0;417 419 420 421,0 1 0 2,1 1 0 1,0 0 0 0,1.0;417 419 420 421,0 1 0 2,0 1 1 1,0 0 0 0,1.0;417 419 420 421,0 1 1 2,1 1 0 1,0 0 0 0,1.0;417 419 420 421,0 1 1 2,1 0 1 1,0 0 0 0,1.0;417 419 420 421,0 0 0 1,1 0 0 1,0 0 0 0,0.6794109132818006;417 419 420 421,0 0 0 1,0 1 0 1,0 0 0 0,0.8062925857532662;417 419 420 421,0 0 0 1,0 0 1 1,0 0 0 0,0.7520497441130791;417 419 420 421,0 1 2 0,1 1 1 0,0 0 0 0,1.0;417 419 420 421,0 1 2 0,0 1 1 1,0 0 0 0,1.0;417 419 420 421,0 1 2 1,1 1 1 0,0 0 0 0,1.0;417 419 420 421,0 1 2 1,1 0 1 1,0 0 0 0,1.0;417 419 420 421,0 1 2 2,1 1 1 0,0 0 0 0,1.0;417 419 420 421,0 1 2 2,1 1 0 1,0 0 0 0,1.0;417 419 420 421,0 0 1 0,1 0 1 0,0 0 0 0,1.0;417 419 420 421,0 0 1 0,0 1 1 0,0 0 0 0,1.0;417 419 420 421,0 0 1 0,0 0 1 1,0 0 0 0,1.0;417 419 420 421,0 0 1 1,1 0 1 0,0 0 0 0,0.27642419050437383;417 419 420 421,0 0 1 1,1 0 0 1,0 0 0 0,0.2828823668431364;417 419 420 421,0 0 1 1,0 1 1 0,0 0 0 0,0.43824504011292353;417 419 420 421,0 0 1 1,0 1 0 1,0 0 0 0,0.4447032164516861;417 419 420 421,0 1 0 0,1 1 0 0,0 0 0 0,1.0;417 419 420 421,0 1 0 0,0 1 1 0,0 0 0 0,1.0;417 419 420 421,0 1 0 0,0 1 0 1,0 0 0 0,1.0;417 419 420 421,0 1 0 1,1 1 0 0,0 0 0 0,0.5958760372616984;417 419 420 421,0 1 0 1,1 0 0 1,0 0 0 0,0.5124206206565678;417 419 420 421,0 1 0 1,0 1 1 0,0 0 0 0,0.6677832939263548;417 419 420 421,0 1 0 1,0 0 1 1,0 0 0 0,0.5843278773212243;417 419 420 421,0 1 1 0,1 1 0 0,0 0 0 0,1.0;417 419 420 421,0 1 1 0,1 0 1 0,0 0 0 0,1.0;417 419 420 421,0 1 1 0,0 1 0 1,0 0 0 0,1.0;417 419 420 421,0 1 1 0,0 0 1 1,0 0 0 0,1.0;417 419 420 421,0 1 1 1,1 1 0 0,0 0 0 0,0.7944619372191779;417 419 420 421,0 1 1 1,1 0 1 0,0 0 0 0,0.6731378686249672;417 419 420 421,0 1 1 1,1 0 0 1,0 0 0 0,0.6734679246180548;417 419 420 421,0 0 0 0,1 0 0 0,0 0 0 0,0.3767165698740257;417 419 420 421,0 0 0 0,0 1 0 0,0 0 0 0,0.6637606097048795;417 419 420 421,0 0 0 0,0 0 1 0,0 0 0 0,0.5323298538975008;417 419 420 421,0 0 0 0,0 0 0 1,0 0 0 0,0.5142940537372505;
419 422,0 0,1 0,0 0,1.0;419 422,0 0,0 1,0 0,1.0;
360 423,0 0,1 0,0 0,1.0;360 423,0 0,0 1,0 0,1.0;
423 424,0 0,0 1,0 0,1.0;423 424,0 0,1 0,0 0,1.0;
424,0,1,0,0.8896669145965315;
368 425,0 0,1 0,0 0,1.0;368 425,0 0,0 1,0 0,1.0;
425 426,0 0,1 0,0 0,1.0;425 426,0 0,0 1,0 0,1.0;
426,0,1,0,0.9151442267686412;
364 427,0 0,0 1,0 0,1.0;364 427,0 0,1 0,0 0,1.0;
427 428,0 0,1 0,0 0,1.0;427 428,0 0,0 1,0 0,1.0;
428,0,1,0,0.8996338098646864;
384 429,0 0,1 0,0 0,1.0;384 429,0 0,0 1,0 0,1.0;
429 430,0 0,1 0,0 0,1.0;429 430,0 0,0 1,0 0,1.0;
430,0,1,0,0.9076721592553239;
395 431,0 0,1 0,0 0,1.0;395 431,0 0,0 1,0 0,1.0;
431 432,0 0,0 1,0 0,1.0;431 432,0 0,1 0,0 0,1.0;
432,0,1,0,0.9164510002060583;
390 433,0 0,0 1,0 0,1.0;390 433,0 0,1 0,0 0,1.0;
433 434,0 0,1 0,0 0,1.0;433 434,0 0,0 1,0 0,1.0;
434,0,1,0,0.9110966677927648;
399 435,0 0,0 1,0 0,1.0;399 435,0 0,1 0,0 0,1.0;
435 436,0 0,1 0,0 0,1.0;435 436,0 0,0 1,0 0,1.0;
436,0,1,0,0.9047633077443471;
401 437,0 0,1 0,0 0,1.0;401 437,0 0,0 1,0 0,1.0;
437 438,0 0,1 0,0 0,1.0;437 438,0 0,0 1,0 0,1.0;
438,0,1,0,0.8957087978458955;
404 439,0 0,1 0,0 0,1.0;404 439,0 0,0 1,0 0,1.0;
439 440,0 0,0 1,0 0,1.0;439 440,0 0,1 0,0 0,1.0;
440,0,1,0,0.8848932329431562;
376 441,0 0,1 0,0 0,1.0;376 441,0 0,0 1,0 0,1.0;
441 442,0 0,1 0,0 0,1.0;441 442,0 0,0 1,0 0,1.0;
442,0,1,0,0.9129377152846863;
372 443,0 0,0 1,0 0,1.0;372 443,0 0,1 0,0 0,1.0;
443 444,0 0,1 0,0 0,1.0;443 444,0 0,0 1,0 0,1.0;
444,0,1,0,0.9219626371553953;
380 445,0 0,1 0,0 0,1.0;380 445,0 0,0 1,0 0,1.0;
445 446,0 0,1 0,0 0,1.0;445 446,0 0,0 1,0 0,1.0;
446,0,1,0,0.9097446747075345;
387 447,0 0,1 0,0 0,1.0;387 447,0 0,0 1,0 0,1.0;
447 448,0 0,0 1,0 0,1.0;447 448,0 0,1 0,0 0,1.0;
448,0,1,0,0.91199347211798;
422 449,0 0,0 1,0 0,1.0;422 449,0 0,1 0,0 0,1.0;
449,0,1,0,0.8561736661486504;
450 451,0 0,1 0,0 0,1.0;450 451,0 0,0 1,0 0,1.0;
450 452,0 0,1 0,0 0,1.0;450 452,0 0,0 1,0 0,1.0;
452,0,1,0,0.9123591629461341;
415 453 454,0 1 2,1 1 1,0 0 0,0.9189878196206719;415 453 454,0 0 1,0 1 1,0 0 0,1.0;415 453 454,0 0 1,1 0 1,0 0 0,1.0;415 453 454,0 1 0,0 1 1,0 0 0,1.0;415 453 454,0 1 0,1 1 0,0 0 0,1.0;415 453 454,0 1 1,1 1 0,0 0 0,1.0;415 453 454,0 1 1,1 0 1,0 0 0,1.0;415 453 454,0 0 0,0 1 0,0 0 0,1.0;415 453 454,0 0 0,0 0 1,0 0 0,1.0;415 453 454,0 0 0,1 0 0,0 0 0,1.0;
453 455,0 0,1 0,0 0,1.0;453 455,0 0,0 1,0 0,1.0;
455 456,0 0,0 1,0 0,1.0;455 456,0 0,1 0,0 0,1.0;
451 456 457,0 1 2,1 1 1,0 0 0,0.9180942096440666;451 456 457,0 0 1,0 1 1,0 0 0,1.0;451 456 457,0 0 1,1 0 1,0 0 0,1.0;451 456 457,0 1 0,0 1 1,0 0 0,1.0;451 456 457,0 1 0,1 1 0,0 0 0,1.0;451 456 457,0 1 1,1 1 0,0 0 0,1.0;451 456 457,0 1 1,1 0 1,0 0 0,1.0;451 456 457,0 0 0,0 1 0,0 0 0,1.0;451 456 457,0 0 0,0 0 1,0 0 0,1.0;451 456 457,0 0 0,1 0 0,0 0 0,1.0;
457 458,0 0,1 0,0 0,1.0;457 458,0 0,0 1,0 0,1.0;
458 459,0 0,1 0,0 0,1.0;458 459,0 0,0 1,0 0,1.0;
459 460 461,0 1 2,1 1 1,0 0 0,0.9161063542715611;459 460 461,0 0 1,1 0 1,0 0 0,1.0;459 460 461,0 0 1,0 1 1,0 0 0,1.0;459 460 461,0 1 0,1 1 0,0 0 0,1.0;459 460 461,0 1 0,0 1 1,0 0 0,1.0;459 460 461,0 1 1,1 1 0,0 0 0,1.0;459 460 461,0 1 1,1 0 1,0 0 0,1.0;459 460 461,0 0 0,1 0 0,0 0 0,1.0;459 460 461,0 0 0,0 1 0,0 0 0,1.0;459 460 461,0 0 0,0 0 1,0 0 0,1.0;
460 462,0 0,1 0,0 0,1.0;460 462,0 0,0 1,0 0,1.0;
462 463 464,0 1 2,1 1 1,0 0 0,0.9172857596441234;462 463 464,0 0 1,1 0 1,0 0 0,1.0;462 463 464,0 0 1,0 1 1,0 0 0,1.0;462 463 464,0 1 0,0 1 1,0 0 0,1.0;462 463 464,0 1 0,1 1 0,0 0 0,1.0;462 463 464,0 1 1,1 0 1,0 0 0,1.0;462 463 464,0 1 1,1 1 0,0 0 0,1.0;462 463 464,0 0 0,0 0 1,0 0 0,1.0;462 463 464,0 0 0,1 0 0,0 0 0,1.0;462 463 464,0 0 0,0 1 0,0 0 0,1.0;
463 465,0 0,0 1,0 0,1.0;463 465,0 0,1 0,0 0,1.0;
461 466,0 0,0 1,0 0,1.0;461 466,0 0,1 0,0 0,1.0;
466 467,0 0,1 0,0 0,1.0;466 467,0 0,0 1,0 0,1.0;
467,0,1,0,0.9130507978285378;
464 468,0 0,1 0,0 0,1.0;464 468,0 0,0 1,0 0,1.0;
468 469,0 0,1 0,0 0,1.0;468 469,0 0,0 1,0 0,1.0;
469,0,1,0,0.9068817565251276;
454 470,0 0,0 1,0 0,1.0;454 470,0 0,1 0,0 0,1.0;
470 471,0 0,1 0,0 0,1.0;470 471,0 0,0 1,0 0,1.0;
471,0,1,0,0.9116790735866377;
420 472,0 0,0 1,0 0,1.0;420 472,0 0,1 0,0 0,1.0;
472,0,1,0,0.9216106237242145;
473 474,0 0,1 0,0 0,1.0;473 474,0 0,0 1,0 0,1.0;
473,0,1,0,0.9138986934927665;
409 475,0 0,1 0,0 0,1.0;409 475,0 0,0 1,0 0,1.0;
416 418 474 475,0 1 2 3,1 1 1 1,0 0 0 0,0.915864576473344;416 418 474 475,0 0 1 2,1 0 1 1,0 0 0 0,1.0;416 418 474 475,0 0 1 2,0 1 1 1,0 0 0 0,1.0;416 418 474 475,0 1 0 2,1 1 0 1,0 0 0 0,0.8035668633046391;416 418 474 475,0 1 0 2,0 1 1 1,0 0 0 0,0.8684084887337864;416 418 474 475,0 1 1 2,1 0 1 1,0 0 0 0,0.7237578064337673;416 418 474 475,0 1 1 2,1 1 0 1,0 0 0 0,0.7873942332835494;416 418 474 475,0 0 0 1,1 0 0 1,0 0 0 0,0.6659031207014303;416 418 474 475,0 0 0 1,0 0 1 1,0 0 0 0,0.7538151364428194;416 418 474 475,0 0 0 1,0 1 0 1,0 0 0 0,0.7993684857039297;416 418 474 475,0 1 2 0,1 1 1 0,0 0 0 0,1.0;416 418 474 475,0 1 2 0,0 1 1 1,0 0 0 0,1.0;416 418 474 475,0 1 2 1,1 1 1 0,0 0 0 0,1.0;416 418 474 475,0 1 2 1,1 0 1 1,0 0 0 0,1.0;416 418 474 475,0 1 2 2,1 1 1 0,0 0 0 0,0.7263707797757327;416 418 474 475,0 1 2 2,1 1 0 1,0 0 0 0,0.7292554731027343;416 418 474 475,0 0 1 0,1 0 1 0,0 0 0 0,1.0;416 418 474 475,0 0 1 0,0 1 1 0,0 0 0 0,1.0;416 418 474 475,0 0 1 0,0 0 1 1,0 0 0 0,1.0;416 418 474 475,0 0 1 1,1 0 1 0,0 0 0 0,0.2635892313202023;416 418 474 475,0 0 1 1,1 0 0 1,0 0 0 0,0.26805738702490167;416 418 474 475,0 0 1 1,0 1 1 0,0 0 0 0,0.4275711017413383;416 418 474 475,0 0 1 1,0 1 0 1,0 0 0 0,0.43203925744603777;416 418 474 475,0 1 0 0,1 1 0 0,0 0 0 0,0.6804976614531971;416 418 474 475,0 1 0 0,0 1 1 0,0 0 0 0,0.8008088222648524;416 418 474 475,0 1 0 0,0 1 0 1,0 0 0 0,0.7821713541815825;416 418 474 475,0 1 0 1,1 1 0 0,0 0 0 0,0.573298625096665;416 418 474 475,0 1 0 1,1 0 0 1,0 0 0 0,0.4960147993763466;416 418 474 475,0 1 0 1,0 1 1 0,0 0 0 0,0.6555285140927831;416 418 474 475,0 1 0 1,0 0 1 1,0 0 0 0,0.5782446883724648;416 418 474 475,0 1 1 0,1 0 1 0,0 0 0 0,0.418778710175711;416 418 474 475,0 1 1 0,1 1 0 0,0 0 0 0,0.5005306916007288;416 418 474 475,0 1 1 0,0 0 1 1,0 0 0 0,0.5054767548765287;416 418 474 475,0 1 1 0,0 1 0 1,0 0 0 0,0.5872287363015465;416 418 474 475,0 1 1 1,1 0 1 0,0 0 0 0,0.6744543790231471;416 418 474 475,0 1 1 1,1 1 0 0,0 0 0 0,0.7968261193201034;416 418 474 475,0 1 1 1,1 0 0 1,0 0 0 0,0.677608250621799;416 418 474 475,0 0 0 0,1 0 0 0,0 0 0 0,0.35739985142821373;416 418 474 475,0 0 0 0,0 0 1 0,0 0 0 0,0.5213020713887624;416 418 474 475,0 0 0 0,0 1 0 0,0 0 0 0,0.66082540201722;416 418 474 475,0 0 0 0,0 0 0 1,0 0 0 0,0.5047635772845904;
381 476,0 0,0 1,0 0,1.0;381 476,0 0,1 0,0 0,1.0;
476,0,1,0,0.8525679181583847;
465 477,0 0,1 0,0 0,1.0;465 477,0 0,0 1,0 0,1.0;
477,0,1,0,0.8586419267096244;
233 478 479 480,0 1 2 3,1 1 1 1,0 0 0 0,0.9129924927776359;233 478 479 480,0 0 1 2,1 0 1 1,0 0 0 0,1.0;233 478 479 480,0 0 1 2,0 1 1 1,0 0 0 0,1.0;233 478 479 480,0 1 0 2,1 1 0 1,0 0 0 0,1.0;233 478 479 480,0 1 0 2,0 1 1 1,0 0 0 0,1.0;233 478 479 480,0 1 1 2,1 1 0 1,0 0 0 0,1.0;233 478 479 480,0 1 1 2,1 0 1 1,0 0 0 0,1.0;233 478 479 480,0 0 0 1,1 0 0 1,0 0 0 0,1.0;233 478 479 480,0 0 0 1,0 1 0 1,0 0 0 0,1.0;233 478 479 480,0 0 0 1,0 0 1 1,0 0 0 0,1.0;233 478 479 480,0 1 2 0,0 1 1 1,0 0 0 0,1.0;233 478 479 480,0 1 2 0,1 1 1 0,0 0 0 0,1.0;233 478 479 480,0 1 2 1,1 0 1 1,0 0 0 0,1.0;233 478 479 480,0 1 2 1,1 1 1 0,0 0 0 0,1.0;233 478 479 480,0 1 2 2,1 1 0 1,0 0 0 0,1.0;233 478 479 480,0 1 2 2,1 1 1 0,0 0 0 0,1.0;233 478 479 480,0 0 1 0,0 0 1 1,0 0 0 0,0.7544257281755261;233 478 479 480,0 0 1 0,1 0 1 0,0 0 0 0,0.6681418904837495;233 478 479 480,0 0 1 0,0 1 1 0,0 0 0 0,0.7786217639889705;233 478 479 480,0 0 1 1,1 0 0 1,0 0 0 0,0.3072791269548485;233 478 479 480,0 0 1 1,1 0 1 0,0 0 0 0,0.23810811061883363;233 478 479 480,0 0 1 1,0 1 0 1,0 0 0 0,0.48133486225405486;233 478 479 480,0 0 1 1,0 1 1 0,0 0 0 0,0.41216384591804;233 478 479 480,0 1 0 0,0 1 0 1,0 0 0 0,1.0;233 478 479 480,0 1 0 0,1 1 0 0,0 0 0 0,1.0;233 478 479 480,0 1 0 0,0 1 1 0,0 0 0 0,1.0;233 478 479 480,0 1 0 1,1 0 0 1,0 0 0 0,1.0;233 478 479 480,0 1 0 1,1 1 0 0,0 0 0 0,1.0;233 478 479 480,0 1 0 1,0 0 1 1,0 0 0 0,1.0;233 478 479 480,0 1 0 1,0 1 1 0,0 0 0 0,1.0;233 478 479 480,0 1 1 0,0 1 0 1,0 0 0 0,0.5935184341759512;233 478 479 480,0 1 1 0,0 0 1 1,0 0 0 0,0.4650176125333365;233 478 479 480,0 1 1 0,1 1 0 0,0 0 0 0,0.4787925041833446;233 478 479 480,0 1 1 0,1 0 1 0,0 0 0 0,0.35029168254072973;233 478 479 480,0 1 1 1,1 0 0 1,0 0 0 0,0.6975991414534158;233 478 479 480,0 1 1 1,1 1 0 0,0 0 0 0,0.778762479771872;233 478 479 480,0 1 1 1,1 0 1 0,0 0 0 0,0.6567682463177122;233 478 479 480,0 0 0 0,0 0 0 1,0 0 0 0,0.5810216102880363;233 478 479 480,0 0 0 0,1 0 0 0,0 0 0 0,0.42850868549324994;233 478 479 480,0 0 0 0,0 1 0 0,0 0 0 0,0.6618831809571193;233 478 479 480,0 0 0 0,0 0 1 0,0 0 0 0,0.5159202432193928;
478 481,0 0,0 1,0 0,1.0;478 481,0 0,1 0,0 0,1.0;
215 482,0 0,0 1,0 0,1.0;215 482,0 0,1 0,0 0,1.0;
482 483,0 0,1 0,0 0,1.0;482 483,0 0,0 1,0 0,1.0;
483 484 485,0 1 2,1 1 1,0 0 0,0.9146310851887998;483 484 485,0 0 1,1 0 1,0 0 0,1.0;483 484 485,0 0 1,0 1 1,0 0 0,1.0;483 484 485,0 1 0,1 1 0,0 0 0,0.7271113783939918;483 484 485,0 1 0,0 1 1,0 0 0,0.8265914548229236;483 484 485,0 1 1,1 1 0,0 0 0,0.7232111226499142;483 484 485,0 1 1,1 0 1,0 0 0,0.6328782044450291;483 484 485,0 0 0,1 0 0,0 0 0,0.3940079284953799;483 484 485,0 0 0,0 1 0,0 0 0,0.6602508017558082;483 484 485,0 0 0,0 0 1,0 0 0,0.574587370459235;
484 486,0 0,1 0,0 0,1.0;484 486,0 0,0 1,0 0,1.0;
486 487 488,0 1 2,1 1 1,0 0 0,0.9188898721388128;486 487 488,0 0 1,1 0 1,0 0 0,1.0;486 487 488,0 0 1,0 1 1,0 0 0,1.0;486 487 488,0 1 0,0 1 1,0 0 0,0.8486864273726634;486 487 488,0 1 0,1 1 0,0 0 0,0.7554799240817753;486 487 488,0 1 1,1 0 1,0 0 0,0.6311014266009074;486 487 488,0 1 1,1 1 0,0 0 0,0.7309305556907015;486 487 488,0 0 0,0 0 1,0 0 0,0.5677872741142393;486 487 488,0 0 0,1 0 0,0 0 0,0.48504412305412414;486 487 488,0 0 0,0 1 0,0 0 0,0.64705614226289;
487 489,0 0,0 1,0 0,1.0;487 489,0 0,1 0,0 0,1.0;
489 490 491,0 1 2,1 1 1,0 0 0,0.919468545774793;489 490 491,0 0 1,1 0 1,0 0 0,0.5380821256115274;489 490 491,0 0 1,0 1 1,0 0 0,0.737278953542143;489 490 491,0 1 0,1 1 0,0 0 0,1.0;489 490 491,0 1 0,0 1 1,0 0 0,1.0;489 490 491,0 1 1,1 1 0,0 0 0,0.733802917494365;489 490 491,0 1 1,1 0 1,0 0 0,0.647432792066802;489 490 491,0 0 0,1 0 0,0 0 0,0.4148379044213574;489 490 491,0 0 0,0 1 0,0 0 0,0.6746999152762063;489 490 491,0 0 0,0 0 1,0 0 0,0.5916284136827423;
490 492,0 0,1 0,0 0,1.0;490 492,0 0,0 1,0 0,1.0;
492 493 494,0 1 2,1 1 1,0 0 0,0.9138829121615215;492 493 494,0 0 1,1 0 1,0 0 0,1.0;492 493 494,0 0 1,0 1 1,0 0 0,1.0;492 493 494,0 1 0,1 1 0,0 0 0,1.0;492 493 494,0 1 0,0 1 1,0 0 0,1.0;492 493 494,0 1 1,1 1 0,0 0 0,1.0;492 493 494,0 1 1,1 0 1,0 0 0,1.0;492 493 494,0 0 0,1 0 0,0 0 0,1.0;492 493 494,0 0 0,0 1 0,0 0 0,1.0;492 493 494,0 0 0,0 0 1,0 0 0,1.0;
493 495,0 0,1 0,0 0,1.0;493 495,0 0,0 1,0 0,1.0;
495 496 497,0 1 2,1 1 1,0 0 0,0.9195278438091974;495 496 497,0 0 1,0 1 1,0 0 0,1.0;495 496 497,0 0 1,1 0 1,0 0 0,1.0;495 496 497,0 1 0,0 1 1,0 0 0,1.0;495 496 497,0 1 0,1 1 0,0 0 0,1.0;495 496 497,0 1 1,1 1 0,0 0 0,1.0;495 496 497,0 1 1,1 0 1,0 0 0,1.0;495 496 497,0 0 0,0 1 0,0 0 0,1.0;495 496 497,0 0 0,0 0 1,0 0 0,1.0;495 496 497,0 0 0,1 0 0,0 0 0,1.0;
496 498,0 0,1 0,0 0,1.0;496 498,0 0,0 1,0 0,1.0;
498 499,0 0,1 0,0 0,1.0;498 499,0 0,0 1,0 0,1.0;
499 500 501,0 1 2,1 1 1,0 0 0,0.9166907696771832;499 500 501,0 0 1,1 0 1,0 0 0,1.0;499 500 501,0 0 1,0 1 1,0 0 0,1.0;499 500 501,0 1 0,1 1 0,0 0 0,1.0;499 500 501,0 1 0,0 1 1,0 0 0,1.0;499 500 501,0 1 1,1 1 0,0 0 0,1.0;499 500 501,0 1 1,1 0 1,0 0 0,1.0;499 500 501,0 0 0,1 0 0,0 0 0,1.0;499 500 501,0 0 0,0 1 0,0 0 0,1.0;499 500 501,0 0 0,0 0 1,0 0 0,1.0;
500 502,0 0,1 0,0 0,1.0;500 502,0 0,0 1,0 0,1.0;
502 503,0 0,1 0,0 0,1.0;502 503,0 0,0 1,0 0,1.0;
503 504 505,0 1 2,1 1 1,0 0 0,0.9230784073815304;503 504 505,0 0 1,0 1 1,0 0 0,1.0;503 504 505,0 0 1,1 0 1,0 0 0,1.0;503 504 505,0 1 0,0 1 1,0 0 0,1.0;503 504 505,0 1 0,1 1 0,0 0 0,1.0;503 504 505,0 1 1,1 1 0,0 0 0,1.0;503 504 505,0 1 1,1 0 1,0 0 0,1.0;503 504 505,0 0 0,0 1 0,0 0 0,1.0;503 504 505,0 0 0,0 0 1,0 0 0,1.0;503 504 505,0 0 0,1 0 0,0 0 0,1.0;
504 506,0 0,1 0,0 0,1.0;504 506,0 0,0 1,0 0,1.0;
506 507,0 0,1 0,0 0,1.0;506 507,0 0,0 1,0 0,1.0;
507 508 509,0 1 2,1 1 1,0 0 0,0.9190042864047601;507 508 509,0 0 1,1 0 1,0 0 0,1.0;507 508 509,0 0 1,0 1 1,0 0 0,1.0;507 508 509,0 1 0,1 1 0,0 0 0,1.0;507 508 509,0 1 0,0 1 1,0 0 0,1.0;507 508 509,0 1 1,1 1 0,0 0 0,1.0;507 508 509,0 1 1,1 0 1,0 0 0,1.0;507 508 509,0 0 0,1 0 0,0 0 0,1.0;507 508 509,0 0 0,0 1 0,0 0 0,1.0;507 508 509,0 0 0,0 0 1,0 0 0,1.0;
510 511 512,0 1 2,1 1 1,0 0 0,0.9176841904718861;510 511 512,0 0 1,1 0 1,0 0 0,1.0;510 511 512,0 0 1,0 1 1,0 0 0,1.0;510 511 512,0 1 0,0 1 1,0 0 0,1.0;510 511 512,0 1 0,1 1 0,0 0 0,1.0;510 511 512,0 1 1,1 0 1,0 0 0,1.0;510 511 512,0 1 1,1 1 0,0 0 0,1.0;510 511 512,0 0 0,0 0 1,0 0 0,1.0;510 511 512,0 0 0,1 0 0,0 0 0,1.0;510 511 512,0 0 0,0 1 0,0 0 0,1.0;
510 513,0 0,0 1,0 0,1.0;510 513,0 0,1 0,0 0,1.0;
239 514,0 0,0 1,0 0,1.0;239 514,0 0,1 0,0 0,1.0;
514 515 516,0 1 2,1 1 1,0 0 0,0.9125318572680521;514 515 516,0 0 1,1 0 1,0 0 0,0.5356528946317738;514 515 516,0 0 1,0 1 1,0 0 0,0.731648474628513;514 515 516,0 1 0,1 1 0,0 0 0,1.0;514 515 516,0 1 0,0 1 1,0 0 0,1.0;514 515 516,0 1 1,1 1 0,0 0 0,0.7108165594115855;514 515 516,0 1 1,1 0 1,0 0 0,0.5915793474541022;514 515 516,0 0 0,1 0 0,0 0 0,0.475299063593833;514 515 516,0 0 0,0 1 0,0 0 0,0.680281789204995;514 515 516,0 0 0,0 0 1,0 0 0,0.5590569244531531;
515 517,0 0,1 0,0 0,1.0;515 517,0 0,0 1,0 0,1.0;
491 518,0 0,1 0,0 0,1.0;491 518,0 0,0 1,0 0,1.0;
516 518,0 0,1 0,0 0,1.0;516 518,0 0,0 1,0 0,1.0;
485 519,0 0,1 0,0 0,1.0;485 519,0 0,0 1,0 0,1.0;
519 520,0 0,0 1,0 0,1.0;519 520,0 0,1 0,0 0,1.0;
520,0,1,0,0.9183098734444449;
216 521,0 0,1 0,0 0,1.0;216 521,0 0,0 1,0 0,1.0;
521 522,0 0,1 0,0 0,1.0;521 522,0 0,0 1,0 0,1.0;
522,0,1,0,0.9254708762423998;
494 523,0 0,0 1,0 0,1.0;494 523,0 0,1 0,0 0,1.0;
523 524,0 0,1 0,0 0,1.0;523 524,0 0,0 1,0 0,1.0;
524,0,1,0,0.9208782062074408;
497 525,0 0,1 0,0 0,1.0;497 525,0 0,0 1,0 0,1.0;
525 526,0 0,1 0,0 0,1.0;525 526,0 0,0 1,0 0,1.0;
526,0,1,0,0.9026261501204104;
501 527,0 0,1 0,0 0,1.0;501 527,0 0,0 1,0 0,1.0;
527 528,0 0,0 1,0 0,1.0;527 528,0 0,1 0,0 0,1.0;
528,0,1,0,0.9134758125211726;
210 529,0 0,0 1,0 0,1.0;210 529,0 0,1 0,0 0,1.0;
529 530,0 0,1 0,0 0,1.0;529 530,0 0,0 1,0 0,1.0;
530,0,1,0,0.9053305390529361;
206 531,0 0,0 1,0 0,1.0;206 531,0 0,1 0,0 0,1.0;
531 532,0 0,1 0,0 0,1.0;531 532,0 0,0 1,0 0,1.0;
532,0,1,0,0.897312156422638;
488 533,0 0,1 0,0 0,1.0;488 533,0 0,0 1,0 0,1.0;
533 534,0 0,1 0,0 0,1.0;533 534,0 0,0 1,0 0,1.0;
534,0,1,0,0.9071028443167529;
513 535 536,0 1 2,1 1 1,0 0 0,0.9150784046083071;513 535 536,0 0 1,1 0 1,0 0 0,1.0;513 535 536,0 0 1,0 1 1,0 0 0,1.0;513 535 536,0 1 0,0 1 1,0 0 0,1.0;513 535 536,0 1 0,1 1 0,0 0 0,1.0;513 535 536,0 1 1,1 0 1,0 0 0,1.0;513 535 536,0 1 1,1 1 0,0 0 0,1.0;513 535 536,0 0 0,0 0 1,0 0 0,1.0;513 535 536,0 0 0,1 0 0,0 0 0,1.0;513 535 536,0 0 0,0 1 0,0 0 0,1.0;
535 537,0 0,0 1,0 0,1.0;535 537,0 0,1 0,0 0,1.0;
537 538,0 0,1 0,0 0,1.0;537 538,0 0,0 1,0 0,1.0;
538 539 540,0 1 2,1 1 1,0 0 0,0.9264518316158368;538 539 540,0 0 1,1 0 1,0 0 0,1.0;538 539 540,0 0 1,0 1 1,0 0 0,1.0;538 539 540,0 1 0,1 1 0,0 0 0,1.0;538 539 540,0 1 0,0 1 1,0 0 0,1.0;538 539 540,0 1 1,1 1 0,0 0 0,1.0;538 539 540,0 1 1,1 0 1,0 0 0,1.0;538 539 540,0 0 0,1 0 0,0 0 0,1.0;538 539 540,0 0 0,0 1 0,0 0 0,1.0;538 539 540,0 0 0,0 0 1,0 0 0,1.0;
541 542 543,0 1 2,1 1 1,0 0 0,0.9124925550816804;541 542 543,0 0 1,1 0 1,0 0 0,1.0;541 542 543,0 0 1,0 1 1,0 0 0,1.0;541 542 543,0 1 0,1 1 0,0 0 0,1.0;541 542 543,0 1 0,0 1 1,0 0 0,1.0;541 542 543,0 1 1,1 1 0,0 0 0,1.0;541 542 543,0 1 1,1 0 1,0 0 0,1.0;541 542 543,0 0 0,1 0 0,0 0 0,1.0;541 542 543,0 0 0,0 1 0,0 0 0,1.0;541 542 543,0 0 0,0 0 1,0 0 0,1.0;
541 544,0 0,0 1,0 0,1.0;541 544,0 0,1 0,0 0,1.0;
544 545,0 0,1 0,0 0,1.0;544 545,0 0,0 1,0 0,1.0;
545 546 547,0 1 2,1 1 1,0 0 0,0.91893397860966;545 546 547,0 0 1,1 0 1,0 0 0,1.0;545 546 547,0 0 1,0 1 1,0 0 0,1.0;545 546 547,0 1 0,1 1 0,0 0 0,1.0;545 546 547,0 1 0,0 1 1,0 0 0,1.0;545 546 547,0 1 1,1 1 0,0 0 0,1.0;545 546 547,0 1 1,1 0 1,0 0 0,1.0;545 546 547,0 0 0,1 0 0,0 0 0,1.0;545 546 547,0 0 0,0 1 0,0 0 0,1.0;545 546 547,0 0 0,0 0 1,0 0 0,1.0;
546 548,0 0,1 0,0 0,1.0;546 548,0 0,0 1,0 0,1.0;
548 549,0 0,1 0,0 0,1.0;548 549,0 0,0 1,0 0,1.0;
549 550 551,0 1 2,1 1 1,0 0 0,0.9178529670867018;549 550 551,0 0 1,1 0 1,0 0 0,1.0;549 550 551,0 0 1,0 1 1,0 0 0,1.0;549 550 551,0 1 0,1 1 0,0 0 0,1.0;549 550 551,0 1 0,0 1 1,0 0 0,1.0;549 550 551,0 1 1,1 1 0,0 0 0,1.0;549 550 551,0 1 1,1 0 1,0 0 0,1.0;549 550 551,0 0 0,1 0 0,0 0 0,1.0;549 550 551,0 0 0,0 1 0,0 0 0,1.0;549 550 551,0 0 0,0 0 1,0 0 0,1.0;
550 552,0 0,0 1,0 0,1.0;550 552,0 0,1 0,0 0,1.0;
552 553,0 0,1 0,0 0,1.0;552 553,0 0,0 1,0 0,1.0;
553 554 555,0 1 2,1 1 1,0 0 0,0.9203252302644443;553 554 555,0 0 1,1 0 1,0 0 0,1.0;553 554 555,0 0 1,0 1 1,0 0 0,1.0;553 554 555,0 1 0,1 1 0,0 0 0,1.0;553 554 555,0 1 0,0 1 1,0 0 0,1.0;553 554 555,0 1 1,1 1 0,0 0 0,1.0;553 554 555,0 1 1,1 0 1,0 0 0,1.0;553 554 555,0 0 0,1 0 0,0 0 0,1.0;553 554 555,0 0 0,0 1 0,0 0 0,1.0;553 554 555,0 0 0,0 0 1,0 0 0,1.0;
554 556,0 0,1 0,0 0,1.0;554 556,0 0,0 1,0 0,1.0;
556 557 558,0 1 2,1 1 1,0 0 0,0.9222898850324599;556 557 558,0 0 1,1 0 1,0 0 0,1.0;556 557 558,0 0 1,0 1 1,0 0 0,1.0;556 557 558,0 1 0,1 1 0,0 0 0,1.0;556 557 558,0 1 0,0 1 1,0 0 0,1.0;556 557 558,0 1 1,1 1 0,0 0 0,1.0;556 557 558,0 1 1,1 0 1,0 0 0,1.0;556 557 558,0 0 0,1 0 0,0 0 0,1.0;556 557 558,0 0 0,0 1 0,0 0 0,1.0;556 557 558,0 0 0,0 0 1,0 0 0,1.0;
508 559,0 0,1 0,0 0,1.0;508 559,0 0,0 1,0 0,1.0;
559 560,0 0,0 1,0 0,1.0;559 560,0 0,1 0,0 0,1.0;
560,0,1,0,0.907342987417253;
505 561,0 0,1 0,0 0,1.0;505 561,0 0,0 1,0 0,1.0;
561 562,0 0,1 0,0 0,1.0;561 562,0 0,0 1,0 0,1.0;
562,0,1,0,0.8909444995114532;
511 563,0 0,0 1,0 0,1.0;511 563,0 0,1 0,0 0,1.0;
563 564,0 0,1 0,0 0,1.0;563 564,0 0,0 1,0 0,1.0;
564,0,1,0,0.9063509100664315;
536 565,0 0,1 0,0 0,1.0;536 565,0 0,0 1,0 0,1.0;
565 566,0 0,1 0,0 0,1.0;565 566,0 0,0 1,0 0,1.0;
566,0,1,0,0.9100582898886295;
539 567,0 0,1 0,0 0,1.0;539 567,0 0,0 1,0 0,1.0;
567 568,0 0,0 1,0 0,1.0;567 568,0 0,1 0,0 0,1.0;
568,0,1,0,0.885045108361795;
542 569,0 0,0 1,0 0,1.0;542 569,0 0,1 0,0 0,1.0;
569 570,0 0,1 0,0 0,1.0;569 570,0 0,0 1,0 0,1.0;
570,0,1,0,0.927016156247433;
547 571,0 0,0 1,0 0,1.0;547 571,0 0,1 0,0 0,1.0;
571 572,0 0,1 0,0 0,1.0;571 572,0 0,0 1,0 0,1.0;
572,0,1,0,0.9074403889065751;
551 573,0 0,0 1,0 0,1.0;551 573,0 0,1 0,0 0,1.0;
573 574,0 0,1 0,0 0,1.0;573 574,0 0,0 1,0 0,1.0;
574,0,1,0,0.9039028201767548;
555 575,0 0,1 0,0 0,1.0;555 575,0 0,0 1,0 0,1.0;
575 576,0 0,0 1,0 0,1.0;575 576,0 0,1 0,0 0,1.0;
576,0,1,0,0.8978049280943078;
517 577,0 0,0 1,0 0,1.0;517 577,0 0,1 0,0 0,1.0;
577,0,1,0,0.8550711345196305;
557 578,0 0,0 1,0 0,1.0;557 578,0 0,1 0,0 0,1.0;
578 579 580,0 1 2,1 1 1,0 0 0,0.9202891604006453;578 579 580,0 0 1,1 0 1,0 0 0,1.0;578 579 580,0 0 1,0 1 1,0 0 0,1.0;578 579 580,0 1 0,1 1 0,0 0 0,1.0;578 579 580,0 1 0,0 1 1,0 0 0,1.0;578 579 580,0 1 1,1 1 0,0 0 0,1.0;578 579 580,0 1 1,1 0 1,0 0 0,1.0;578 579 580,0 0 0,1 0 0,0 0 0,1.0;578 579 580,0 0 0,0 1 0,0 0 0,1.0;578 579 580,0 0 0,0 0 1,0 0 0,1.0;
579 581,0 0,1 0,0 0,1.0;579 581,0 0,0 1,0 0,1.0;
581 582 583,0 1 2,1 1 1,0 0 0,0.91113101077625;581 582 583,0 0 1,1 0 1,0 0 0,1.0;581 582 583,0 0 1,0 1 1,0 0 0,1.0;581 582 583,0 1 0,1 1 0,0 0 0,1.0;581 582 583,0 1 0,0 1 1,0 0 0,1.0;581 582 583,0 1 1,1 1 0,0 0 0,1.0;581 582 583,0 1 1,1 0 1,0 0 0,1.0;581 582 583,0 0 0,1 0 0,0 0 0,1.0;581 582 583,0 0 0,0 1 0,0 0 0,1.0;581 582 583,0 0 0,0 0 1,0 0 0,1.0;
582 584,0 0,0 1,0 0,1.0;582 584,0 0,1 0,0 0,1.0;
584 585 586,0 1 2,1 1 1,0 0 0,0.9148404581505708;584 585 586,0 0 1,1 0 1,0 0 0,1.0;584 585 586,0 0 1,0 1 1,0 0 0,1.0;584 585 586,0 1 0,1 1 0,0 0 0,1.0;584 585 586,0 1 0,0 1 1,0 0 0,1.0;584 585 586,0 1 1,1 1 0,0 0 0,1.0;584 585 586,0 1 1,1 0 1,0 0 0,1.0;584 585 586,0 0 0,1 0 0,0 0 0,1.0;584 585 586,0 0 0,0 1 0,0 0 0,1.0;584 585 586,0 0 0,0 0 1,0 0 0,1.0;
585 587,0 0,1 0,0 0,1.0;585 587,0 0,0 1,0 0,1.0;
587 588,0 0,1 0,0 0,1.0;587 588,0 0,0 1,0 0,1.0;
588 589 590,0 1 2,1 1 1,0 0 0,0.9209213342395393;588 589 590,0 0 1,1 0 1,0 0 0,1.0;588 589 590,0 0 1,0 1 1,0 0 0,1.0;588 589 590,0 1 0,1 1 0,0 0 0,1.0;588 589 590,0 1 0,0 1 1,0 0 0,1.0;588 589 590,0 1 1,1 1 0,0 0 0,1.0;588 589 590,0 1 1,1 0 1,0 0 0,1.0;588 589 590,0 0 0,1 0 0,0 0 0,1.0;588 589 590,0 0 0,0 1 0,0 0 0,1.0;588 589 590,0 0 0,0 0 1,0 0 0,1.0;
589 591,0 0,1 0,0 0,1.0;589 591,0 0,0 1,0 0,1.0;
591 592,0 0,0 1,0 0,1.0;591 592,0 0,1 0,0 0,1.0;
592 593 594,0 1 2,1 1 1,0 0 0,0.9196739583312412;592 593 594,0 0 1,1 0 1,0 0 0,1.0;592 593 594,0 0 1,0 1 1,0 0 0,1.0;592 593 594,0 1 0,1 1 0,0 0 0,1.0;592 593 594,0 1 0,0 1 1,0 0 0,1.0;592 593 594,0 1 1,1 1 0,0 0 0,1.0;592 593 594,0 1 1,1 0 1,0 0 0,1.0;592 593 594,0 0 0,1 0 0,0 0 0,1.0;592 593 594,0 0 0,0 1 0,0 0 0,1.0;592 593 594,0 0 0,0 0 1,0 0 0,1.0;
593 595,0 0,1 0,0 0,1.0;593 595,0 0,0 1,0 0,1.0;
595 596,0 0,1 0,0 0,1.0;595 596,0 0,0 1,0 0,1.0;
596 597 598,0 1 2,1 1 1,0 0 0,0.9215978996070049;596 597 598,0 0 1,1 0 1,0 0 0,1.0;596 597 598,0 0 1,0 1 1,0 0 0,1.0;596 597 598,0 1 0,1 1 0,0 0 0,1.0;596 597 598,0 1 0,0 1 1,0 0 0,1.0;596 597 598,0 1 1,1 1 0,0 0 0,1.0;596 597 598,0 1 1,1 0 1,0 0 0,1.0;596 597 598,0 0 0,1 0 0,0 0 0,1.0;596 597 598,0 0 0,0 1 0,0 0 0,1.0;596 597 598,0 0 0,0 0 1,0 0 0,1.0;
597 599,0 0,1 0,0 0,1.0;597 599,0 0,0 1,0 0,1.0;
580 600,0 0,0 1,0 0,1.0;580 600,0 0,1 0,0 0,1.0;
600 601,0 0,1 0,0 0,1.0;600 601,0 0,0 1,0 0,1.0;
601,0,1,0,0.8979264027509477;
558 602,0 0,0 1,0 0,1.0;558 602,0 0,1 0,0 0,1.0;
602 603,0 0,1 0,0 0,1.0;602 603,0 0,0 1,0 0,1.0;
603,0,1,0,0.9076415883397675;
583 604,0 0,0 1,0 0,1.0;583 604,0 0,1 0,0 0,1.0;
604 605,0 0,1 0,0 0,1.0;604 605,0 0,0 1,0 0,1.0;
605,0,1,0,0.9292594608639348;
586 606,0 0,1 0,0 0,1.0;586 606,0 0,0 1,0 0,1.0;
606 607 608,0 1 2,1 1 1,0 0 0,0.9235187713758289;606 607 608,0 0 1,1 0 1,0 0 0,1.0;606 607 608,0 0 1,0 1 1,0 0 0,1.0;606 607 608,0 1 0,0 1 1,0 0 0,1.0;606 607 608,0 1 0,1 1 0,0 0 0,1.0;606 607 608,0 1 1,1 0 1,0 0 0,1.0;606 607 608,0 1 1,1 1 0,0 0 0,1.0;606 607 608,0 0 0,0 0 1,0 0 0,1.0;606 607 608,0 0 0,1 0 0,0 0 0,1.0;606 607 608,0 0 0,0 1 0,0 0 0,1.0;
607 609,0 0,0 1,0 0,1.0;607 609,0 0,1 0,0 0,1.0;
609 610,0 0,1 0,0 0,1.0;609 610,0 0,0 1,0 0,1.0;
610,0,1,0,0.914001333435671;
608 611,0 0,1 0,0 0,1.0;608 611,0 0,0 1,0 0,1.0;
611 612,0 0,1 0,0 0,1.0;611 612,0 0,0 1,0 0,1.0;
612,0,1,0,0.8973713636754277;
590 613,0 0,0 1,0 0,1.0;590 613,0 0,1 0,0 0,1.0;
613 614,0 0,1 0,0 0,1.0;613 614,0 0,0 1,0 0,1.0;
614,0,1,0,0.8977631933531751;
594 615,0 0,1 0,0 0,1.0;594 615,0 0,0 1,0 0,1.0;
615 616,0 0,0 1,0 0,1.0;615 616,0 0,1 0,0 0,1.0;
616,0,1,0,0.9018159085024581;
598 617,0 0,0 1,0 0,1.0;598 617,0 0,1 0,0 0,1.0;
617 618,0 0,1 0,0 0,1.0;617 618,0 0,0 1,0 0,1.0;
618,0,1,0,0.8999867699786421;
481 619,0 0,1 0,0 0,1.0;481 619,0 0,0 1,0 0,1.0;
619,0,1,0,0.8551571379880316;
599 620,0 0,0 1,0 0,1.0;599 620,0 0,1 0,0 0,1.0;
620,0,1,0,0.857915139404462;
212 621,0 0,1 0,0 0,1.0;212 621,0 0,0 1,0 0,1.0;
479 621,0 0,0 1,0 0,1.0;479 621,0 0,1 0,0 0,1.0;
480 622,0 0,1 0,0 0,1.0;480 622,0 0,0 1,0 0,1.0;
622 623,0 0,1 0,0 0,1.0;622 623,0 0,0 1,0 0,1.0;
623,0,1,0,0.8973475113556477;
3 6,0 0,1 0,0 0,1.0;3 6,0 0,0 1,0 0,1.0;
16 18,0 0,1 0,0 0,1.0;16 18,0 0,0 1,0 0,1.0;
19 22,0 0,1 0,0 0,1.0;19 22,0 0,0 1,0 0,1.0;
51 54,0 0,1 0,0 0,1.0;51 54,0 0,0 1,0 0,1.0;
84 88,0 0,0 1,0 0,1.0;84 88,0 0,1 0,0 0,1.0;
97 161,0 0,1 0,0 0,1.0;97 161,0 0,0 1,0 0,1.0;
193 196,0 0,1 0,0 0,1.0;193 196,0 0,0 1,0 0,1.0;
204 207,0 0,1 0,0 0,1.0;204 207,0 0,0 1,0 0,1.0;
211 213,0 0,1 0,0 0,1.0;211 213,0 0,0 1,0 0,1.0;
214 217,0 0,0 1,0 0,1.0;214 217,0 0,1 0,0 0,1.0;
220 356,0 0,0 1,0 0,1.0;220 356,0 0,1 0,0 0,1.0;
265 267,0 0,1 0,0 0,1.0;265 267,0 0,0 1,0 0,1.0;
268 271,0 0,1 0,0 0,1.0;268 271,0 0,0 1,0 0,1.0;
274 277,0 0,1 0,0 0,1.0;274 277,0 0,0 1,0 0,1.0;
294 297,0 0,0 1,0 0,1.0;294 297,0 0,1 0,0 0,1.0;
304 306,0 0,1 0,0 0,1.0;304 306,0 0,0 1,0 0,1.0;
307 310,0 0,1 0,0 0,1.0;307 310,0 0,0 1,0 0,1.0;
388 391,0 0,1 0,0 0,1.0;388 391,0 0,0 1,0 0,1.0;
402 405,0 0,1 0,0 0,1.0;402 405,0 0,0 1,0 0,1.0;
413 421,0 0,1 0,0 0,1.0;413 421,0 0,0 1,0 0,1.0;
509 512,0 0,0 1,0 0,1.0;509 512,0 0,1 0,0 0,1.0;
540 543,0 0,1 0,0 0,1.0;540 543,0 0,0 1,0 0,1.0;
