1 2 3,0 0 0,0 0 0,0 0 0,0.5;
1 4,0 0,1 0,0 0,1.0;1 4,0 0,0 1,0 0,1.0;
4 5,0 0,1 0,0 0,1.0;4 5,0 0,0 1,0 0,1.0;
5 6 7,0 1 2,1 1 1,0 0 0,0.91989247821887;5 6 7,0 0 1,1 0 1,0 0 0,0.5740691050969802;5 6 7,0 0 1,0 1 1,0 0 0,0.7336340970544191;5 6 7,0 1 0,1 1 0,0 0 0,0.6711285795448818;5 6 7,0 1 0,0 1 1,0 0 0,0.8061684926515124;5 6 7,0 1 1,1 1 0,0 0 0,0.6958402452732184;5 6 7,0 1 1,1 0 1,0 0 0,0.67131516642241;5 6 7,0 0 0,1 0 0,0 0 0,0.36252047075537297;5 6 7,0 0 0,0 1 0,0 0 0,0.5983310715346348;5 6 7,0 0 0,0 0 1,0 0 0,0.5968765323038152;
6 8,0 0,0 1,0 0,1.0;6 8,0 0,1 0,0 0,1.0;
8 9 10,0 1 2,1 1 1,0 0 0,0.9352968254050701;8 9 10,0 0 1,1 0 1,0 0 0,0.5879212185285962;8 9 10,0 0 1,0 1 1,0 0 0,0.7244239944848854;8 9 10,0 1 0,1 1 0,0 0 0,0.5742970990179812;8 9 10,0 1 0,0 1 1,0 0 0,0.7426662056954527;8 9 10,0 1 1,1 1 0,0 0 0,0.6993003800164184;8 9 10,0 1 1,1 0 1,0 0 0,0.731166710737601;8 9 10,0 0 0,1 0 0,0 0 0,0.5070978344328868;8 9 10,0 0 0,0 1 0,0 0 0,0.5665517605156412;8 9 10,0 0 0,0 0 1,0 0 0,0.718602240068686;
9 11,0 0,1 0,0 0,1.0;9 11,0 0,0 1,0 0,1.0;
11 12,0 0,1 0,0 0,1.0;11 12,0 0,0 1,0 0,1.0;
12 13 14,0 1 2,1 1 1,0 0 0,0.9220302234369618;12 13 14,0 0 1,1 0 1,0 0 0,0.7294235565668945;12 13 14,0 0 1,0 1 1,0 0 0,0.7931352940756484;12 13 14,0 1 0,1 1 0,0 0 0,1.0;12 13 14,0 1 0,0 1 1,0 0 0,1.0;12 13 14,0 1 1,1 1 0,0 0 0,0.6784154756379785;12 13 14,0 1 1,1 0 1,0 0 0,0.750980500973002;12 13 14,0 0 0,1 0 0,0 0 0,0.5189121847023515;12 13 14,0 0 0,0 1 0,0 0 0,0.5423725012877187;12 13 14,0 0 0,0 0 1,0 0 0,0.6444116785971504;
15 16 17 18,0 1 2 3,1 1 1 1,0 0 0 0,0.9272077557227485;15 16 17 18,0 0 1 2,0 1 1 1,0 0 0 0,0.7728273032493453;15 16 17 18,0 0 1 2,1 0 1 1,0 0 0 0,0.8100096399071095;15 16 17 18,0 1 0 2,0 1 1 1,0 0 0 0,0.6835292435105524;15 16 17 18,0 1 0 2,1 1 0 1,0 0 0 0,0.7912194182932056;15 16 17 18,0 1 1 2,1 1 0 1,0 0 0 0,0.8134548906927103;15 16 17 18,0 1 1 2,1 0 1 1,0 0 0 0,0.7429470525678212;15 16 17 18,0 0 0 1,0 1 0 1,0 0 0 0,0.7328096397514561;15 16 17 18,0 0 0 1,0 0 1 1,0 0 0 0,0.7071592900453887;15 16 17 18,0 0 0 1,1 0 0 1,0 0 0 0,0.8186337771316755;15 16 17 18,0 1 2 0,0 1 1 1,0 0 0 0,0.7383331175536417;15 16 17 18,0 1 2 0,1 1 1 0,0 0 0 0,0.7870888441245608;15 16 17 18,0 1 2 1,1 1 1 0,0 0 0 0,0.7403016709595991;15 16 17 18,0 1 2 1,1 0 1 1,0 0 0 0,0.7287282810464442;15 16 17 18,0 1 2 2,1 1 1 0,0 0 0 0,0.8110831718789941;15 16 17 18,0 1 2 2,1 1 0 1,0 0 0 0,0.8700176200907282;15 16 17 18,0 0 1 0,0 1 1 0,0 0 0 0,0.6565788993789046;15 16 17 18,0 0 1 0,0 0 1 1,0 0 0 0,0.7071592900453888;15 16 17 18,0 0 1 0,1 0 1 0,0 0 0 0,0.8158406813749828;15 16 17 18,0 0 1 1,0 1 1 0,0 0 0 0,0.5313569380851028;15 16 17 18,0 0 1 1,0 1 0 1,0 0 0 0,0.606331772712563;15 16 17 18,0 0 1 1,1 0 1 0,0 0 0 0,0.5802258923419585;15 16 17 18,0 0 1 1,1 0 0 1,0 0 0 0,0.6552007269694188;15 16 17 18,0 1 0 0,0 1 1 0,0 0 0 0,0.6757183406768519;15 16 17 18,0 1 0 0,0 1 0 1,0 0 0 0,0.7651339773912422;15 16 17 18,0 1 0 0,1 1 0 0,0 0 0 0,0.788540749079653;15 16 17 18,0 1 0 1,0 1 1 0,0 0 0 0,0.29123759709782093;15 16 17 18,0 1 0 1,0 0 1 1,0 0 0 0,0.2778063754127459;15 16 17 18,0 1 0 1,1 1 0 0,0 0 0 0,0.4285126076672121;15 16 17 18,0 1 0 1,1 0 0 1,0 0 0 0,0.41508138598213695;15 16 17 18,0 1 1 0,0 1 0 1,0 0 0 0,0.46974640007198054;15 16 17 18,0 1 1 0,0 0 1 1,0 0 0 0,0.38134034375944525;15 16 17 18,0 1 1 0,1 1 0 0,0 0 0 0,0.5320465760139117;15 16 17 18,0 1 1 0,1 0 1 0,0 0 0 0,0.4436405197013763;15 16 17 18,0 1 1 1,1 1 0 0,0 0 0 0,0.7823637050089198;15 16 17 18,0 1 1 1,1 0 1 0,0 0 0 0,0.6719975157377954;15 16 17 18,0 1 1 1,1 0 0 1,0 0 0 0,0.7711565198807803;15 16 17 18,0 0 0 0,0 1 0 0,0 0 0 0,0.5421322574230429;15 16 17 18,0 0 0 0,0 0 1 0,0 0 0 0,0.39897203933742986;15 16 17 18,0 0 0 0,0 0 0 1,0 0 0 0,0.5736579843629365;15 16 17 18,0 0 0 0,1 0 0 0,0 0 0 0,0.6940065836844409;
15 19,0 0,0 1,0 0,1.0;15 19,0 0,1 0,0 0,1.0;
19 20,0 0,1 0,0 0,1.0;19 20,0 0,0 1,0 0,1.0;
20 21 22 23,0 1 2 3,1 1 1 1,0 0 0 0,0.9182316157873015;20 21 22 23,0 0 1 2,1 0 1 1,0 0 0 0,0.6637612416520351;20 21 22 23,0 0 1 2,0 1 1 1,0 0 0 0,0.7948218448879157;20 21 22 23,0 1 0 2,1 1 0 1,0 0 0 0,0.7769724430246259;20 21 22 23,0 1 0 2,0 1 1 1,0 0 0 0,0.8568411992522056;20 21 22 23,0 1 1 2,1 1 0 1,0 0 0 0,0.7889440852406387;20 21 22 23,0 1 1 2,1 0 1 1,0 0 0 0,0.7377522382323378;20 21 22 23,0 0 0 1,1 0 0 1,0 0 0 0,0.6527434475929967;20 21 22 23,0 0 0 1,0 1 0 1,0 0 0 0,0.7789130303926631;20 21 22 23,0 0 0 1,0 0 1 1,0 0 0 0,0.7438136348578773;20 21 22 23,0 1 2 0,1 1 1 0,0 0 0 0,0.8324614262172081;20 21 22 23,0 1 2 0,0 1 1 1,0 0 0 0,0.87209047911662;20 21 22 23,0 1 2 1,1 1 1 0,0 0 0 0,0.7953120755138522;20 21 22 23,0 1 2 1,1 0 1 1,0 0 0 0,0.7038805251773833;20 21 22 23,0 1 2 2,1 1 1 0,0 0 0 0,0.7565624487426351;20 21 22 23,0 1 2 2,1 1 0 1,0 0 0 0,0.7163227454144672;20 21 22 23,0 0 1 0,1 0 1 0,0 0 0 0,0.7018060908692935;20 21 22 23,0 0 1 0,0 1 1 0,0 0 0 0,0.8166214383673891;20 21 22 23,0 0 1 0,0 0 1 1,0 0 0 0,0.7341184322688794;20 21 22 23,0 0 1 1,1 0 1 0,0 0 0 0,0.29826654127038854;20 21 22 23,0 0 1 1,1 0 0 1,0 0 0 0,0.2483268779072395;20 21 22 23,0 0 1 1,0 1 1 0,0 0 0 0,0.46645502530993666;20 21 22 23,0 0 1 1,0 1 0 1,0 0 0 0,0.4165153619467875;20 21 22 23,0 1 0 0,1 1 0 0,0 0 0 0,0.6876222736343328;20 21 22 23,0 1 0 0,0 1 1 0,0 0 0 0,0.8166214383673891;20 21 22 23,0 1 0 0,0 1 0 1,0 0 0 0,0.7732912105769981;20 21 22 23,0 1 0 1,1 1 0 0,0 0 0 0,0.5169157539695531;20 21 22 23,0 1 0 1,1 0 0 1,0 0 0 0,0.39948034961049983;20 21 22 23,0 1 0 1,0 1 1 0,0 0 0 0,0.6176084970131969;20 21 22 23,0 1 0 1,0 0 1 1,0 0 0 0,0.5001730926541437;20 21 22 23,0 1 1 0,1 1 0 0,0 0 0 0,0.5905972433486066;20 21 22 23,0 1 1 0,1 0 1 0,0 0 0 0,0.5231015023527024;20 21 22 23,0 1 1 0,0 1 0 1,0 0 0 0,0.6413503230291012;20 21 22 23,0 1 1 0,0 0 1 1,0 0 0 0,0.5738545820331971;20 21 22 23,0 1 1 1,1 1 0 0,0 0 0 0,0.7796012385293895;20 21 22 23,0 1 1 1,1 0 1 0,0 0 0 0,0.6898878690129586;20 21 22 23,0 1 1 1,1 0 0 1,0 0 0 0,0.6581043322719661;20 21 22 23,0 0 0 0,1 0 0 0,0 0 0 0,0.39235305643459184;20 21 22 23,0 0 0 0,0 1 0 0,0 0 0 0,0.6460522795305477;20 21 22 23,0 0 0 0,0 0 1 0,0 0 0 0,0.5503643253979152;20 21 22 23,0 0 0 0,0 0 0 1,0 0 0 0,0.4829571066349314;
21 24,0 0,0 1,0 0,1.0;21 24,0 0,1 0,0 0,1.0;
24 25,0 0,1 0,0 0,1.0;24 25,0 0,0 1,0 0,1.0;
25 26 27,0 1 2,1 1 1,0 0 0,0.9097374968784775;25 26 27,0 0 1,1 0 1,0 0 0,0.5427076278636709;25 26 27,0 0 1,0 1 1,0 0 0,0.7332772648238538;25 26 27,0 1 0,1 1 0,0 0 0,0.7954339551754559;25 26 27,0 1 0,0 1 1,0 0 0,0.8614241302847848;25 26 27,0 1 1,1 1 0,0 0 0,0.7349081784665645;25 26 27,0 1 1,1 0 1,0 0 0,0.6103287166157105;25 26 27,0 0 0,1 0 0,0 0 0,0.5375457646631077;25 26 27,0 0 0,0 1 0,0 0 0,0.7283698104275571;25 26 27,0 0 0,0 0 1,0 0 0,0.5292093696098974;
26 28,0 0,1 0,0 0,1.0;26 28,0 0,0 1,0 0,1.0;
28 29,0 0,1 0,0 0,1.0;28 29,0 0,0 1,0 0,1.0;
29 30 31 32,0 1 2 3,1 1 1 1,0 0 0 0,0.9154644199860308;29 30 31 32,0 0 1 2,1 0 1 1,0 0 0 0,0.770390931405412;29 30 31 32,0 0 1 2,0 1 1 1,0 0 0 0,0.8541735089984478;29 30 31 32,0 1 0 2,1 1 0 1,0 0 0 0,1.0;29 30 31 32,0 1 0 2,0 1 1 1,0 0 0 0,1.0;29 30 31 32,0 1 1 2,1 1 0 1,0 0 0 0,0.7809727060880971;29 30 31 32,0 1 1 2,1 0 1 1,0 0 0 0,0.7327892324474574;29 30 31 32,0 0 0 1,1 0 0 1,0 0 0 0,0.7381224566064902;29 30 31 32,0 0 0 1,0 1 0 1,0 0 0 0,0.8686690572437339;29 30 31 32,0 0 0 1,0 0 1 1,0 0 0 0,0.7511274825950168;29 30 31 32,0 1 2 0,0 1 1 1,0 0 0 0,1.0;29 30 31 32,0 1 2 0,1 1 1 0,0 0 0 0,1.0;29 30 31 32,0 1 2 1,1 0 1 1,0 0 0 0,0.7915246133396607;29 30 31 32,0 1 2 1,1 1 1 0,0 0 0 0,0.7436827598745972;29 30 31 32,0 1 2 2,1 1 0 1,0 0 0 0,1.0;29 30 31 32,0 1 2 2,1 1 1 0,0 0 0 0,1.0;29 30 31 32,0 0 1 0,0 0 1 1,0 0 0 0,0.7796517672887326;29 30 31 32,0 0 1 0,1 0 1 0,0 0 0 0,0.6734736187225119;29 30 31 32,0 0 1 0,0 1 1 0,0 0 0 0,0.7396618167322435;29 30 31 32,0 0 1 1,1 0 0 1,0 0 0 0,0.4811847883856504;29 30 31 32,0 0 1 1,1 0 1 0,0 0 0 0,0.35709445051877176;29 30 31 32,0 0 1 1,0 1 0 1,0 0 0 0,0.5853535929479408;29 30 31 32,0 0 1 1,0 1 1 0,0 0 0 0,0.46126325508106203;29 30 31 32,0 1 0 0,0 1 0 1,0 0 0 0,1.0;29 30 31 32,0 1 0 0,1 1 0 0,0 0 0 0,1.0;29 30 31 32,0 1 0 0,0 1 1 0,0 0 0 0,1.0;29 30 31 32,0 1 0 1,1 0 0 1,0 0 0 0,0.6355343795078032;29 30 31 32,0 1 0 1,1 1 0 0,0 0 0 0,0.5711739025660204;29 30 31 32,0 1 0 1,0 0 1 1,0 0 0 0,0.6799733231449978;29 30 31 32,0 1 0 1,0 1 1 0,0 0 0 0,0.6156128462032151;29 30 31 32,0 1 1 0,0 1 0 1,0 0 0 0,0.5104026854017996;29 30 31 32,0 1 1 0,0 0 1 1,0 0 0 0,0.45067282447670376;29 30 31 32,0 1 1 0,1 1 0 0,0 0 0 0,0.34187340389772625;29 30 31 32,0 1 1 0,1 0 1 0,0 0 0 0,0.28214354297263067;29 30 31 32,0 1 1 1,1 0 0 1,0 0 0 0,0.7749921022331319;29 30 31 32,0 1 1 1,1 1 0 0,0 0 0 0,0.6758627135986842;29 30 31 32,0 1 1 1,1 0 1 0,0 0 0 0,0.663516733890219;29 30 31 32,0 0 0 0,0 0 0 1,0 0 0 0,0.7098332962595897;29 30 31 32,0 0 0 0,1 0 0 0,0 0 0 0,0.46820518884126117;29 30 31 32,0 0 0 0,0 1 0 0,0 0 0 0,0.6279306151394104;29 30 31 32,0 0 0 0,0 0 1 0,0 0 0 0,0.5935661997148749;
33 34,0 0,1 0,0 0,1.0;33 34,0 0,0 1,0 0,1.0;
2 35,0 0,1 0,0 0,1.0;2 35,0 0,0 1,0 0,1.0;
35 36,0 0,1 0,0 0,1.0;35 36,0 0,0 1,0 0,1.0;
37 38,0 0,1 0,0 0,1.0;37 38,0 0,0 1,0 0,1.0;
37 39,0 0,1 0,0 0,1.0;37 39,0 0,0 1,0 0,1.0;
39 40 41,0 1 2,1 1 1,0 0 0,0.9079250535201318;39 40 41,0 0 1,0 1 1,0 0 0,0.6925498804368918;39 40 41,0 0 1,1 0 1,0 0 0,0.5537193028754112;39 40 41,0 1 0,0 1 1,0 0 0,0.8003929551612174;39 40 41,0 1 0,1 1 0,0 0 0,0.78969661891408;39 40 41,0 1 1,1 1 0,0 0 0,0.7458616992912708;39 40 41,0 1 1,1 0 1,0 0 0,0.6177274579769274;39 40 41,0 0 0,0 1 0,0 0 0,0.6890337593720833;39 40 41,0 0 0,0 0 1,0 0 0,0.49792155632989343;39 40 41,0 0 0,1 0 0,0 0 0,0.520384548024418;
3 42,0 0,0 1,0 0,1.0;3 42,0 0,1 0,0 0,1.0;
43 44,0 0,1 0,0 0,1.0;43 44,0 0,0 1,0 0,1.0;
22 45,0 0,0 1,0 0,1.0;22 45,0 0,1 0,0 0,1.0;
46 47,0 0,1 0,0 0,1.0;46 47,0 0,0 1,0 0,1.0;
46 48 49 50,0 1 2 3,1 1 1 1,0 0 0 0,0.9048377914875478;46 48 49 50,0 0 1 2,0 1 1 1,0 0 0 0,0.8636520213488486;46 48 49 50,0 0 1 2,1 0 1 1,0 0 0 0,0.8118395414432787;46 48 49 50,0 1 0 2,0 1 1 1,0 0 0 0,0.7740340905162635;46 48 49 50,0 1 0 2,1 1 0 1,0 0 0 0,0.6906144401334188;46 48 49 50,0 1 1 2,1 1 0 1,0 0 0 0,0.7013089897892102;46 48 49 50,0 1 1 2,1 0 1 1,0 0 0 0,0.7329161602664852;46 48 49 50,0 0 0 1,0 1 0 1,0 0 0 0,0.7695451083911198;46 48 49 50,0 0 0 1,0 0 1 1,0 0 0 0,0.8095231627632988;46 48 49 50,0 0 0 1,1 0 0 1,0 0 0 0,0.7006760188950886;46 48 49 50,0 1 2 0,0 1 1 1,0 0 0 0,0.8178235787738365;46 48 49 50,0 1 2 0,1 1 1 0,0 0 0 0,0.7783383942964908;46 48 49 50,0 1 2 1,1 1 1 0,0 0 0 0,0.7382018503797725;46 48 49 50,0 1 2 1,1 0 1 1,0 0 0 0,0.7258745549515485;46 48 49 50,0 1 2 2,1 1 1 0,0 0 0 0,0.820656088762455;46 48 49 50,0 1 2 2,1 1 0 1,0 0 0 0,0.7767216228569558;46 48 49 50,0 0 1 0,0 1 1 0,0 0 0 0,0.7965851751795862;46 48 49 50,0 0 1 0,0 0 1 1,0 0 0 0,0.8095231627632988;46 48 49 50,0 0 1 0,1 0 1 0,0 0 0 0,0.710354961650218;46 48 49 50,0 0 1 1,0 1 1 0,0 0 0 0,0.6928677821023224;46 48 49 50,0 0 1 1,0 1 0 1,0 0 0 0,0.6365453513343033;46 48 49 50,0 0 1 1,1 0 1 0,0 0 0 0,0.6305195153538614;46 48 49 50,0 0 1 1,1 0 0 1,0 0 0 0,0.5741970845858425;46 48 49 50,0 1 0 0,0 1 1 0,0 0 0 0,0.8342172977569096;46 48 49 50,0 1 0 0,0 1 0 1,0 0 0 0,0.7081351646389029;46 48 49 50,0 1 0 0,1 1 0 0,0 0 0 0,0.7347048308564745;46 48 49 50,0 1 0 1,0 1 1 0,0 0 0 0,0.4347595282794212;46 48 49 50,0 1 0 1,0 0 1 1,0 0 0 0,0.4193981148950471;46 48 49 50,0 1 0 1,1 1 0 0,0 0 0 0,0.3314502441473154;46 48 49 50,0 1 0 1,1 0 0 1,0 0 0 0,0.31608883076294136;46 48 49 50,0 1 1 0,0 1 0 1,0 0 0 0,0.4546837378701667;46 48 49 50,0 1 1 0,0 0 1 1,0 0 0 0,0.4956447552538118;46 48 49 50,0 1 1 0,1 1 0 0,0 0 0 0,0.4076968845060799;46 48 49 50,0 1 1 0,1 0 1 0,0 0 0 0,0.44865790188972476;46 48 49 50,0 1 1 1,1 1 0 0,0 0 0 0,0.7347048308564745;46 48 49 50,0 1 1 1,1 0 1 0,0 0 0 0,0.8101777179330091;46 48 49 50,0 1 1 1,1 0 0 1,0 0 0 0,0.650890161469006;46 48 49 50,0 0 0 0,0 1 0 0,0 0 0 0,0.6602532109989256;46 48 49 50,0 0 0 0,0 0 1 0,0 0 0 0,0.682909397125137;46 48 49 50,0 0 0 0,0 0 0 1,0 0 0 0,0.5660459905677457;46 48 49 50,0 0 0 0,1 0 0 0,0 0 0 0,0.48914541846492043;
51 52 53,0 1 2,1 1 1,0 0 0,0.92345262616081;51 52 53,0 0 1,1 0 1,0 0 0,0.6695376356108901;51 52 53,0 0 1,0 1 1,0 0 0,0.6846482270863228;51 52 53,0 1 0,1 1 0,0 0 0,0.6884999864101893;51 52 53,0 1 0,0 1 1,0 0 0,0.6099508388616562;51 52 53,0 1 1,1 1 0,0 0 0,0.7931674735096061;51 52 53,0 1 1,1 0 1,0 0 0,0.6995077344856403;51 52 53,0 0 0,1 0 0,0 0 0,0.562616801383087;51 52 53,0 0 0,0 1 0,0 0 0,0.6461636765154665;51 52 53,0 0 0,0 0 1,0 0 0,0.3858075408631445;
51 54,0 0,1 0,0 0,1.0;51 54,0 0,0 1,0 0,1.0;
54 55 56 57,0 1 2 3,1 1 1 1,0 0 0 0,0.9194481248682639;54 55 56 57,0 0 1 2,1 0 1 1,0 0 0 0,0.7040097525614815;54 55 56 57,0 0 1 2,0 1 1 1,0 0 0 0,0.7573505412129216;54 55 56 57,0 1 0 2,0 1 1 1,0 0 0 0,0.8494004698524814;54 55 56 57,0 1 0 2,1 1 0 1,0 0 0 0,0.8857940162284542;54 55 56 57,0 1 1 2,1 0 1 1,0 0 0 0,0.7240958477104183;54 55 56 57,0 1 1 2,1 1 0 1,0 0 0 0,0.8138301827378313;54 55 56 57,0 0 0 1,0 0 1 1,0 0 0 0,0.7344087995489885;54 55 56 57,0 0 0 1,1 0 0 1,0 0 0 0,0.7861016944385151;54 55 56 57,0 0 0 1,0 1 0 1,0 0 0 0,0.8494094130313437;54 55 56 57,0 1 2 0,0 1 1 1,0 0 0 0,0.7917301644518848;54 55 56 57,0 1 2 0,1 1 1 0,0 0 0 0,0.698108022926533;54 55 56 57,0 1 2 1,1 0 1 1,0 0 0 0,0.7933324269918735;54 55 56 57,0 1 2 1,1 1 1 0,0 0 0 0,0.7530510741179617;54 55 56 57,0 1 2 2,1 1 1 0,0 0 0 0,0.6650210282814991;54 55 56 57,0 1 2 2,1 1 0 1,0 0 0 0,0.7950367161828238;54 55 56 57,0 0 1 0,0 0 1 1,0 0 0 0,0.802822316565236;54 55 56 57,0 0 1 0,1 0 1 0,0 0 0 0,0.6817606511240575;54 55 56 57,0 0 1 0,0 1 1 0,0 0 0 0,0.7092646407095994;54 55 56 57,0 0 1 1,1 0 1 0,0 0 0 0,0.23090057818382348;54 55 56 57,0 0 1 1,1 0 0 1,0 0 0 0,0.39750786113618886;54 55 56 57,0 0 1 1,0 1 1 0,0 0 0 0,0.29854915115060954;54 55 56 57,0 0 1 1,0 1 0 1,0 0 0 0,0.4651564341029749;54 55 56 57,0 1 0 0,0 1 1 0,0 0 0 0,0.735731444457695;54 55 56 57,0 1 0 0,0 1 0 1,0 0 0 0,0.8494094130313438;54 55 56 57,0 1 0 0,1 1 0 0,0 0 0 0,0.7422462450241233;54 55 56 57,0 1 0 1,0 0 1 1,0 0 0 0,0.6208373222478745;54 55 56 57,0 1 0 1,0 1 1 0,0 0 0 0,0.5686691128646433;54 55 56 57,0 1 0 1,1 0 0 1,0 0 0 0,0.6676278228502224;54 55 56 57,0 1 0 1,1 1 0 0,0 0 0 0,0.6154596134669912;54 55 56 57,0 1 1 0,0 0 1 1,0 0 0 0,0.4304769952247971;54 55 56 57,0 1 1 0,0 1 0 1,0 0 0 0,0.544916068793931;54 55 56 57,0 1 1 0,1 0 1 0,0 0 0 0,0.31066021287477963;54 55 56 57,0 1 1 0,1 1 0 0,0 0 0 0,0.4250992864439136;54 55 56 57,0 1 1 1,1 0 1 0,0 0 0 0,0.6817606511240575;54 55 56 57,0 1 1 1,1 0 0 1,0 0 0 0,0.8028265231488961;54 55 56 57,0 1 1 1,1 1 0 0,0 0 0 0,0.7309421851772449;54 55 56 57,0 0 0 0,0 0 1 0,0 0 0 0,0.4387043434381256;54 55 56 57,0 0 0 0,0 0 0 1,0 0 0 0,0.6997777895458855;54 55 56 57,0 0 0 0,1 0 0 0,0 0 0 0,0.5521065222496546;54 55 56 57,0 0 0 0,0 1 0 0,0 0 0 0,0.5903752311052568;
58 59,0 0,1 0,0 0,1.0;58 59,0 0,0 1,0 0,1.0;
58 60,0 0,1 0,0 0,1.0;58 60,0 0,0 1,0 0,1.0;
60,0,1,0,0.8546524370284272;
61 62,0 0,1 0,0 0,1.0;61 62,0 0,0 1,0 0,1.0;
55 61,0 0,0 1,0 0,1.0;55 61,0 0,1 0,0 0,1.0;
33 59 62 63,0 1 2 3,1 1 1 1,0 0 0 0,0.9244060347480341;33 59 62 63,0 0 1 2,1 0 1 1,0 0 0 0,0.7772270041321456;33 59 62 63,0 0 1 2,0 1 1 1,0 0 0 0,0.7556821983705815;33 59 62 63,0 1 0 2,1 1 0 1,0 0 0 0,1.0;33 59 62 63,0 1 0 2,0 1 1 1,0 0 0 0,1.0;33 59 62 63,0 1 1 2,1 1 0 1,0 0 0 0,0.7775689985269373;33 59 62 63,0 1 1 2,1 0 1 1,0 0 0 0,0.6962166740500504;33 59 62 63,0 0 0 1,1 0 0 1,0 0 0 0,0.7732703329980707;33 59 62 63,0 0 0 1,0 1 0 1,0 0 0 0,0.7117175072973246;33 59 62 63,0 0 0 1,0 0 1 1,0 0 0 0,0.6536769222405607;33 59 62 63,0 1 2 0,1 1 1 0,0 0 0 0,1.0;33 59 62 63,0 1 2 0,0 1 1 1,0 0 0 0,1.0;33 59 62 63,0 1 2 1,1 1 1 0,0 0 0 0,0.8270746175349469;33 59 62 63,0 1 2 1,1 0 1 1,0 0 0 0,0.7178601699794949;33 59 62 63,0 1 2 2,1 1 1 0,0 0 0 0,1.0;33 59 62 63,0 1 2 2,1 1 0 1,0 0 0 0,1.0;33 59 62 63,0 0 1 0,1 0 1 0,0 0 0 0,0.7768758382335538;33 59 62 63,0 0 1 0,0 1 1 0,0 0 0 0,0.7365066796866822;33 59 62 63,0 0 1 0,0 0 1 1,0 0 0 0,0.6536769222405607;33 59 62 63,0 0 1 1,1 0 1 0,0 0 0 0,0.6608617789709816;33 59 62 63,0 0 1 1,1 0 0 1,0 0 0 0,0.6260691936515359;33 59 62 63,0 0 1 1,0 1 1 0,0 0 0 0,0.6279028188725235;33 59 62 63,0 0 1 1,0 1 0 1,0 0 0 0,0.5931102335530777;33 59 62 63,0 1 0 0,1 1 0 0,0 0 0 0,1.0;33 59 62 63,0 1 0 0,0 1 1 0,0 0 0 0,1.0;33 59 62 63,0 1 0 0,0 1 0 1,0 0 0 0,1.0;33 59 62 63,0 1 0 1,1 1 0 0,0 0 0 0,0.5631058464878047;33 59 62 63,0 1 0 1,1 0 0 1,0 0 0 0,0.4285515011766685;33 59 62 63,0 1 0 1,0 1 1 0,0 0 0 0,0.43038512639765614;33 59 62 63,0 1 0 1,0 0 1 1,0 0 0 0,0.29583078108651994;33 59 62 63,0 1 1 0,1 1 0 0,0 0 0 0,0.4984037890598355;33 59 62 63,0 1 1 0,1 0 1 0,0 0 0 0,0.39864202906814517;33 59 62 63,0 1 1 0,0 1 0 1,0 0 0 0,0.3308904836502412;33 59 62 63,0 1 1 0,0 0 1 1,0 0 0 0,0.23112872365855086;33 59 62 63,0 1 1 1,1 1 0 0,0 0 0 0,0.8887140619757083;33 59 62 63,0 1 1 1,1 0 1 0,0 0 0 0,0.7585782747220844;33 59 62 63,0 1 1 1,1 0 0 1,0 0 0 0,0.7537365584386683;33 59 62 63,0 0 0 0,1 0 0 0,0 0 0 0,0.7154657418175167;33 59 62 63,0 0 0 0,0 1 0 0,0 0 0 0,0.6485293620963828;33 59 62 63,0 0 0 0,0 0 1 0,0 0 0 0,0.5249862680084075;33 59 62 63,0 0 0 0,0 0 0 1,0 0 0 0,0.4880709080616906;
10 64,0 0,0 1,0 0,1.0;10 64,0 0,1 0,0 0,1.0;
64 65,0 0,1 0,0 0,1.0;64 65,0 0,0 1,0 0,1.0;
65 66 67 68,0 1 2 3,1 1 1 1,0 0 0 0,0.9202108637267852;65 66 67 68,0 0 1 2,1 0 1 1,0 0 0 0,0.6739300488980251;65 66 67 68,0 0 1 2,0 1 1 1,0 0 0 0,0.7999837494197324;65 66 67 68,0 1 0 2,1 1 0 1,0 0 0 0,0.7479318226930352;65 66 67 68,0 1 0 2,0 1 1 1,0 0 0 0,0.8436416409058953;65 66 67 68,0 1 1 2,1 1 0 1,0 0 0 0,0.7803448587407714;65 66 67 68,0 1 1 2,1 0 1 1,0 0 0 0,0.7500009764319244;65 66 67 68,0 0 0 1,1 0 0 1,0 0 0 0,0.643355667043596;65 66 67 68,0 0 0 1,0 1 0 1,0 0 0 0,0.7756814414053771;65 66 67 68,0 0 0 1,0 0 1 1,0 0 0 0,0.7569673216134898;65 66 67 68,0 1 2 0,1 1 1 0,0 0 0 0,0.818970020550203;65 66 67 68,0 1 2 0,0 1 1 1,0 0 0 0,0.8708086315156398;65 66 67 68,0 1 2 1,1 1 1 0,0 0 0 0,0.8133402902346605;65 66 67 68,0 1 2 1,1 0 1 1,0 0 0 0,0.7391252006783902;65 66 67 68,0 1 2 2,1 1 1 0,0 0 0 0,0.7502302355794649;65 66 67 68,0 1 2 2,1 1 0 1,0 0 0 0,0.7063590283320416;65 66 67 68,0 0 1 0,1 0 1 0,0 0 0 0,0.7044238705881196;65 66 67 68,0 0 1 0,0 1 1 0,0 0 0 0,0.8017892720362897;65 66 67 68,0 0 1 0,0 0 1 1,0 0 0 0,0.7366454007300497;65 66 67 68,0 0 1 1,1 0 1 0,0 0 0 0,0.3016819967543526;65 66 67 68,0 0 1 1,1 0 0 1,0 0 0 0,0.24607499304879532;65 66 67 68,0 0 1 1,0 1 1 0,0 0 0 0,0.4613213386482463;65 66 67 68,0 0 1 1,0 1 0 1,0 0 0 0,0.40571433494268905;65 66 67 68,0 1 0 0,1 1 0 0,0 0 0 0,0.6828194529032612;65 66 67 68,0 1 0 0,0 1 1 0,0 0 0 0,0.8112014553090157;65 66 67 68,0 1 0 0,0 1 0 1,0 0 0 0,0.7563194982146232;65 66 67 68,0 1 0 1,1 1 0 0,0 0 0 0,0.5005043937025369;65 66 67 68,0 1 0 1,1 0 0 1,0 0 0 0,0.4062269122608333;65 66 67 68,0 1 0 1,0 1 1 0,0 0 0 0,0.6214732578602843;65 66 67 68,0 1 0 1,0 0 1 1,0 0 0 0,0.5271957764185806;65 66 67 68,0 1 1 0,1 1 0 0,0 0 0 0,0.557568543247455;65 66 67 68,0 1 1 0,1 0 1 0,0 0 0 0,0.5188980655113086;65 66 67 68,0 1 1 0,0 1 0 1,0 0 0 0,0.622930403699645;65 66 67 68,0 1 1 0,0 0 1 1,0 0 0 0,0.5842599259634986;65 66 67 68,0 1 1 1,1 1 0 0,0 0 0 0,0.7686909085288592;65 66 67 68,0 1 1 1,1 0 1 0,0 0 0 0,0.6942144321420822;65 66 67 68,0 1 1 1,1 0 0 1,0 0 0 0,0.6436153455716054;65 66 67 68,0 0 0 0,1 0 0 0,0 0 0 0,0.39295350706309207;65 66 67 68,0 0 0 0,0 1 0 0,0 0 0 0,0.6335024817522632;65 66 67 68,0 0 0 0,0 0 1 0,0 0 0 0,0.5380900958812778;65 66 67 68,0 0 0 0,0 0 0 1,0 0 0 0,0.478098499737726;
66 69,0 0,1 0,0 0,1.0;66 69,0 0,0 1,0 0,1.0;
69 70,0 0,1 0,0 0,1.0;69 70,0 0,0 1,0 0,1.0;
71 72,0 0,0 1,0 0,1.0;71 72,0 0,1 0,0 0,1.0;
71 73 74,0 1 2,1 1 1,0 0 0,0.9199793666235411;71 73 74,0 0 1,0 1 1,0 0 0,0.739612189954139;71 73 74,0 0 1,1 0 1,0 0 0,0.5465639422331996;71 73 74,0 1 0,0 1 1,0 0 0,0.8365499933035407;71 73 74,0 1 0,1 1 0,0 0 0,0.725100007060826;71 73 74,0 1 1,1 1 0,0 0 0,0.7339755722823395;71 73 74,0 1 1,1 0 1,0 0 0,0.6523773108041149;71 73 74,0 0 0,0 1 0,0 0 0,0.6166039269580446;71 73 74,0 0 0,0 0 1,0 0 0,0.5715874967280383;71 73 74,0 0 0,1 0 0,0 0 0,0.4689837589024325;
73 75,0 0,1 0,0 0,1.0;73 75,0 0,0 1,0 0,1.0;
75 76,0 0,1 0,0 0,1.0;75 76,0 0,0 1,0 0,1.0;
76 77 78 79,0 1 2 3,1 1 1 1,0 0 0 0,0.9236166699522923;76 77 78 79,0 0 1 2,1 0 1 1,0 0 0 0,0.6807721246236129;76 77 78 79,0 0 1 2,0 1 1 1,0 0 0 0,0.8023358247410864;76 77 78 79,0 1 0 2,1 1 0 1,0 0 0 0,0.7515492309127205;76 77 78 79,0 1 0 2,0 1 1 1,0 0 0 0,0.836911054037803;76 77 78 79,0 1 1 2,1 1 0 1,0 0 0 0,0.8071270253699612;76 77 78 79,0 1 1 2,1 0 1 1,0 0 0 0,0.7709251483775702;76 77 78 79,0 0 0 1,1 0 0 1,0 0 0 0,0.7087995163361553;76 77 78 79,0 0 0 1,0 1 0 1,0 0 0 0,0.8199653329036112;76 77 78 79,0 0 0 1,0 0 1 1,0 0 0 0,0.7379126473981938;76 77 78 79,0 1 2 0,1 1 1 0,0 0 0 0,0.7878254567284873;76 77 78 79,0 1 2 0,0 1 1 1,0 0 0 0,0.8632784714215062;76 77 78 79,0 1 2 1,1 1 1 0,0 0 0 0,0.7857132715583517;76 77 78 79,0 1 2 1,1 0 1 1,0 0 0 0,0.7396025861338971;76 77 78 79,0 1 2 2,1 1 1 0,0 0 0 0,0.740328081344162;76 77 78 79,0 1 2 2,1 1 0 1,0 0 0 0,0.7304192729120984;76 77 78 79,0 0 1 0,1 0 1 0,0 0 0 0,0.6443606901712536;76 77 78 79,0 0 1 0,0 1 1 0,0 0 0 0,0.7909248068865149;76 77 78 79,0 0 1 0,0 0 1 1,0 0 0 0,0.7576685330414213;76 77 78 79,0 0 1 1,1 0 1 0,0 0 0 0,0.2943113855463727;76 77 78 79,0 0 1 1,1 0 0 1,0 0 0 0,0.28255786965862684;76 77 78 79,0 0 1 1,0 1 1 0,0 0 0 0,0.4496494054494371;76 77 78 79,0 0 1 1,0 1 0 1,0 0 0 0,0.43789588956169123;76 77 78 79,0 1 0 0,1 1 0 0,0 0 0 0,0.6424630966024495;76 77 78 79,0 1 0 0,0 1 1 0,0 0 0 0,0.7623038396963814;76 77 78 79,0 1 0 0,0 1 0 1,0 0 0 0,0.7585643872434115;76 77 78 79,0 1 0 1,1 1 0 0,0 0 0 0,0.4613394548226075;76 77 78 79,0 1 0 1,1 0 0 1,0 0 0 0,0.40249849892498624;76 77 78 79,0 1 0 1,0 1 1 0,0 0 0 0,0.5695900347157964;76 77 78 79,0 1 0 1,0 0 1 1,0 0 0 0,0.5107490788181752;76 77 78 79,0 1 1 0,1 1 0 0,0 0 0 0,0.5478744242636718;76 77 78 79,0 1 1 0,1 0 1 0,0 0 0 0,0.5007869842537965;76 77 78 79,0 1 1 0,0 1 0 1,0 0 0 0,0.644371488269115;76 77 78 79,0 1 1 0,0 0 1 1,0 0 0 0,0.5972840482592396;76 77 78 79,0 1 1 1,1 1 0 0,0 0 0 0,0.8181664908040769;76 77 78 79,0 1 1 1,1 0 1 0,0 0 0 0,0.6431184160797283;76 77 78 79,0 1 1 1,1 0 0 1,0 0 0 0,0.7087995163361553;76 77 78 79,0 0 0 0,1 0 0 0,0 0 0 0,0.40521683127646657;76 77 78 79,0 0 0 0,0 1 0 0,0 0 0 0,0.6955978212166692;76 77 78 79,0 0 0 0,0 0 1 0,0 0 0 0,0.5176325503742546;76 77 78 79,0 0 0 0,0 0 0 1,0 0 0 0,0.5579321087197888;
56 77,0 0,1 0,0 0,1.0;56 77,0 0,0 1,0 0,1.0;
80 81 82,0 1 2,1 1 1,0 0 0,0.9167912869319792;80 81 82,0 0 1,1 0 1,0 0 0,0.7361089467229058;80 81 82,0 0 1,0 1 1,0 0 0,0.5497667126161034;80 81 82,0 1 0,1 1 0,0 0 0,0.7230542726341592;80 81 82,0 1 0,0 1 1,0 0 0,0.6602365033185813;80 81 82,0 1 1,1 1 0,0 0 0,0.6853613286343827;80 81 82,0 1 1,1 0 1,0 0 0,0.8088857934256072;80 81 82,0 0 0,1 0 0,0 0 0,0.6434582484985671;80 81 82,0 0 0,0 1 0,0 0 0,0.41092375600255215;80 81 82,0 0 0,0 0 1,0 0 0,0.5843484159379285;
80 83,0 0,1 0,0 0,1.0;80 83,0 0,0 1,0 0,1.0;
83 84,0 0,1 0,0 0,1.0;83 84,0 0,0 1,0 0,1.0;
84 85 86,0 1 2,1 1 1,0 0 0,0.9254038823641662;84 85 86,0 0 1,1 0 1,0 0 0,0.5808250662304564;84 85 86,0 0 1,0 1 1,0 0 0,0.7166094346869305;84 85 86,0 1 0,1 1 0,0 0 0,0.656032031787589;84 85 86,0 1 0,0 1 1,0 0 0,0.7876180682156351;84 85 86,0 1 1,1 1 0,0 0 0,0.7010307153306857;84 85 86,0 1 1,1 0 1,0 0 0,0.6968323833022578;84 85 86,0 0 0,1 0 0,0 0 0,0.3839864987886491;84 85 86,0 0 0,0 1 0,0 0 0,0.5977009552883581;84 85 86,0 0 0,0 0 1,0 0 0,0.6364868600309588;
85 87,0 0,1 0,0 0,1.0;85 87,0 0,0 1,0 0,1.0;
87 88 89,0 1 2,1 1 1,0 0 0,0.9238527908191301;87 88 89,0 0 1,0 1 1,0 0 0,0.7143012126022231;87 88 89,0 0 1,1 0 1,0 0 0,0.5581445333736963;87 88 89,0 1 0,0 1 1,0 0 0,0.7723284697734473;87 88 89,0 1 0,1 1 0,0 0 0,0.6981425824261009;87 88 89,0 1 1,1 1 0,0 0 0,0.7539618540593066;87 88 89,0 1 1,1 0 1,0 0 0,0.6719910621781262;87 88 89,0 0 0,0 1 0,0 0 0,0.6559647053394704;87 88 89,0 0 0,0 0 1,0 0 0,0.5220278345575131;87 88 89,0 0 0,1 0 0,0 0 0,0.47052221649923875;
88 90,0 0,1 0,0 0,1.0;88 90,0 0,0 1,0 0,1.0;
90 91,0 0,1 0,0 0,1.0;90 91,0 0,0 1,0 0,1.0;
91 92 93,0 1 2,1 1 1,0 0 0,0.9160208669191918;91 92 93,0 0 1,1 0 1,0 0 0,0.5368266505635959;91 92 93,0 0 1,0 1 1,0 0 0,0.7296048807532862;91 92 93,0 1 0,1 1 0,0 0 0,0.7447232664312424;91 92 93,0 1 0,0 1 1,0 0 0,0.8360142070981585;91 92 93,0 1 1,1 1 0,0 0 0,0.728008297205974;91 92 93,0 1 1,1 0 1,0 0 0,0.6265210076832;91 92 93,0 0 0,1 0 0,0 0 0,0.420873892313372;91 92 93,0 0 0,0 1 0,0 0 0,0.6855890760364699;91 92 93,0 0 0,0 0 1,0 0 0,0.5917670584700339;
92 94,0 0,1 0,0 0,1.0;92 94,0 0,0 1,0 0,1.0;
34 95 96 97,0 1 2 3,1 1 1 1,0 0 0 0,0.9185892140480723;34 95 96 97,0 0 1 2,1 0 1 1,0 0 0 0,1.0;34 95 96 97,0 0 1 2,0 1 1 1,0 0 0 0,1.0;34 95 96 97,0 1 0 2,0 1 1 1,0 0 0 0,0.8272347068258699;34 95 96 97,0 1 0 2,1 1 0 1,0 0 0 0,0.7526832782770183;34 95 96 97,0 1 1 2,1 0 1 1,0 0 0 0,0.7391198357511793;34 95 96 97,0 1 1 2,1 1 0 1,0 0 0 0,0.7947430093570511;34 95 96 97,0 0 0 1,0 0 1 1,0 0 0 0,0.721086479365076;34 95 96 97,0 0 0 1,1 0 0 1,0 0 0 0,0.6607546509939407;34 95 96 97,0 0 0 1,0 1 0 1,0 0 0 0,0.787277463111089;34 95 96 97,0 1 2 0,0 1 1 1,0 0 0 0,1.0;34 95 96 97,0 1 2 0,1 1 1 0,0 0 0 0,1.0;34 95 96 97,0 1 2 1,1 0 1 1,0 0 0 0,1.0;34 95 96 97,0 1 2 1,1 1 1 0,0 0 0 0,1.0;34 95 96 97,0 1 2 2,1 1 1 0,0 0 0 0,0.7487614216983293;34 95 96 97,0 1 2 2,1 1 0 1,0 0 0 0,0.7195933124891076;34 95 96 97,0 0 1 0,0 0 1 1,0 0 0 0,1.0;34 95 96 97,0 0 1 0,1 0 1 0,0 0 0 0,1.0;34 95 96 97,0 0 1 0,0 1 1 0,0 0 0 0,1.0;34 95 96 97,0 0 1 1,1 0 1 0,0 0 0 0,0.2926836510019155;34 95 96 97,0 0 1 1,1 0 0 1,0 0 0 0,0.25566125668969153;34 95 96 97,0 0 1 1,0 1 1 0,0 0 0 0,0.45799460171626916;34 95 96 97,0 0 1 1,0 1 0 1,0 0 0 0,0.4209722074040452;34 95 96 97,0 1 0 0,0 1 1 0,0 0 0 0,0.8411372828537113;34 95 96 97,0 1 0 0,0 1 0 1,0 0 0 0,0.7930650432865466;34 95 96 97,0 1 0 0,1 1 0 0,0 0 0 0,0.7231283641942098;34 95 96 97,0 1 0 1,0 0 1 1,0 0 0 0,0.4539906400157274;34 95 96 97,0 1 0 1,0 1 1 0,0 0 0 0,0.5635711363085649;34 95 96 97,0 1 0 1,1 0 0 1,0 0 0 0,0.3612377912819873;34 95 96 97,0 1 0 1,1 1 0 0,0 0 0 0,0.4708182875748247;34 95 96 97,0 1 1 0,0 0 1 1,0 0 0 0,0.5935445188889644;34 95 96 97,0 1 1 0,0 1 0 1,0 0 0 0,0.6661026208695778;34 95 96 97,0 1 1 0,1 0 1 0,0 0 0 0,0.5378140644674483;34 95 96 97,0 1 1 0,1 1 0 0,0 0 0 0,0.6103721664480617;34 95 96 97,0 1 1 1,1 0 1 0,0 0 0 0,0.6900297827482498;34 95 96 97,0 1 1 1,1 0 0 1,0 0 0 0,0.6607546509939407;34 95 96 97,0 1 1 1,1 1 0 0,0 0 0 0,0.7838966967335185;34 95 96 97,0 0 0 0,0 0 1 0,0 0 0 0,0.569086303880483;34 95 96 97,0 0 0 0,0 0 0 1,0 0 0 0,0.5332079099981626;34 95 96 97,0 0 0 0,1 0 0 0,0 0 0 0,0.4244572750608391;34 95 96 97,0 0 0 0,0 1 0 0,0 0 0 0,0.705546262565032;
95 98,0 0,0 1,0 0,1.0;95 98,0 0,1 0,0 0,1.0;
98 99,0 0,1 0,0 0,1.0;98 99,0 0,0 1,0 0,1.0;
99 100 101,0 1 2,1 1 1,0 0 0,0.9240428254038925;99 100 101,0 0 1,1 0 1,0 0 0,1.0;99 100 101,0 0 1,0 1 1,0 0 0,1.0;99 100 101,0 1 0,1 1 0,0 0 0,0.6649285622374306;99 100 101,0 1 0,0 1 1,0 0 0,0.796756408190849;99 100 101,0 1 1,1 1 0,0 0 0,0.7318237146043329;99 100 101,0 1 1,1 0 1,0 0 0,0.6663842180170085;99 100 101,0 0 0,1 0 0,0 0 0,0.4364098443619546;99 100 101,0 0 0,0 1 0,0 0 0,0.6441055391091737;99 100 101,0 0 0,0 0 1,0 0 0,0.5715454465407566;
100 102,0 0,1 0,0 0,1.0;100 102,0 0,0 1,0 0,1.0;
23 43,0 0,0 1,0 0,1.0;23 43,0 0,1 0,0 0,1.0;
40 103,0 0,1 0,0 0,1.0;40 103,0 0,0 1,0 0,1.0;
103 104,0 0,0 1,0 0,1.0;103 104,0 0,1 0,0 0,1.0;
104 105 106,0 1 2,1 1 1,0 0 0,0.9098109550908275;104 105 106,0 0 1,1 0 1,0 0 0,1.0;104 105 106,0 0 1,0 1 1,0 0 0,1.0;104 105 106,0 1 0,1 1 0,0 0 0,0.7522106165731901;104 105 106,0 1 0,0 1 1,0 0 0,0.8003442971464916;104 105 106,0 1 1,1 1 0,0 0 0,0.7610056526410609;104 105 106,0 1 1,1 0 1,0 0 0,0.671392475860602;104 105 106,0 0 0,1 0 0,0 0 0,0.5233898657685689;104 105 106,0 0 0,0 1 0,0 0 0,0.6549771499057806;104 105 106,0 0 0,0 0 1,0 0 0,0.5246104499379212;
105 107,0 0,1 0,0 0,1.0;105 107,0 0,0 1,0 0,1.0;
107 108,0 0,1 0,0 0,1.0;107 108,0 0,0 1,0 0,1.0;
108 109 110,0 1 2,1 1 1,0 0 0,0.9313686860790444;108 109 110,0 0 1,1 0 1,0 0 0,1.0;108 109 110,0 0 1,0 1 1,0 0 0,1.0;108 109 110,0 1 0,1 1 0,0 0 0,0.7134821399312037;108 109 110,0 1 0,0 1 1,0 0 0,0.822625388974711;108 109 110,0 1 1,1 1 0,0 0 0,0.7012294804606087;108 109 110,0 1 1,1 0 1,0 0 0,0.6740671586479614;108 109 110,0 0 0,1 0 0,0 0 0,0.38667554760058553;108 109 110,0 0 0,0 1 0,0 0 0,0.6010136286376903;108 109 110,0 0 0,0 0 1,0 0 0,0.6217107029686981;
109 111,0 0,1 0,0 0,1.0;109 111,0 0,0 1,0 0,1.0;
111 112,0 0,0 1,0 0,1.0;111 112,0 0,1 0,0 0,1.0;
112 113 114,0 1 2,1 1 1,0 0 0,0.9323930672869525;112 113 114,0 0 1,1 0 1,0 0 0,1.0;112 113 114,0 0 1,0 1 1,0 0 0,1.0;112 113 114,0 1 0,1 1 0,0 0 0,0.6837690738115607;112 113 114,0 1 0,0 1 1,0 0 0,0.8151374533391811;112 113 114,0 1 1,1 1 0,0 0 0,0.6948598256541333;112 113 114,0 1 1,1 0 1,0 0 0,0.6801130784738284;112 113 114,0 0 0,1 0 0,0 0 0,0.35839091384904653;112 113 114,0 0 0,0 1 0,0 0 0,0.602892370409058;112 113 114,0 0 0,0 0 1,0 0 0,0.6202629620190128;
113 115,0 0,1 0,0 0,1.0;113 115,0 0,0 1,0 0,1.0;
115 116 117,0 1 2,1 1 1,0 0 0,0.9147616430158966;115 116 117,0 0 1,1 0 1,0 0 0,0.5649338146131766;115 116 117,0 0 1,0 1 1,0 0 0,0.7129124027430446;115 116 117,0 1 0,1 1 0,0 0 0,0.7541714527600007;115 116 117,0 1 0,0 1 1,0 0 0,0.8145002162693925;115 116 117,0 1 1,1 1 0,0 0 0,0.7558987775227091;115 116 117,0 1 1,1 0 1,0 0 0,0.6682489529022327;115 116 117,0 0 0,1 0 0,0 0 0,0.5061814483863007;115 116 117,0 0 0,0 1 0,0 0 0,0.6414330706709348;115 116 117,0 0 0,0 0 1,0 0 0,0.5265742521901736;
116 118,0 0,1 0,0 0,1.0;116 118,0 0,0 1,0 0,1.0;
118 119,0 0,1 0,0 0,1.0;118 119,0 0,0 1,0 0,1.0;
119 120 121 122,0 1 2 3,1 1 1 1,0 0 0 0,0.9169305821805024;119 120 121 122,0 0 1 2,0 1 1 1,0 0 0 0,1.0;119 120 121 122,0 0 1 2,1 0 1 1,0 0 0 0,1.0;119 120 121 122,0 1 0 2,0 1 1 1,0 0 0 0,0.8368329501235251;119 120 121 122,0 1 0 2,1 1 0 1,0 0 0 0,0.7542219636440893;119 120 121 122,0 1 1 2,1 1 0 1,0 0 0 0,0.7034686723352808;119 120 121 122,0 1 1 2,1 0 1 1,0 0 0 0,0.7776417443584549;119 120 121 122,0 0 0 1,0 1 0 1,0 0 0 0,0.7712229728765322;119 120 121 122,0 0 0 1,0 0 1 1,0 0 0 0,0.8534983401277494;119 120 121 122,0 0 0 1,1 0 0 1,0 0 0 0,0.6971349561293079;119 120 121 122,0 1 2 0,0 1 1 1,0 0 0 0,1.0;119 120 121 122,0 1 2 0,1 1 1 0,0 0 0 0,1.0;119 120 121 122,0 1 2 1,1 1 1 0,0 0 0 0,1.0;119 120 121 122,0 1 2 1,1 0 1 1,0 0 0 0,1.0;119 120 121 122,0 1 2 2,1 1 1 0,0 0 0 0,0.7542539015671602;119 120 121 122,0 1 2 2,1 1 0 1,0 0 0 0,0.7768980795106184;119 120 121 122,0 0 1 0,0 1 1 0,0 0 0 0,1.0;119 120 121 122,0 0 1 0,0 0 1 1,0 0 0 0,1.0;119 120 121 122,0 0 1 0,1 0 1 0,0 0 0 0,1.0;119 120 121 122,0 0 1 1,0 1 1 0,0 0 0 0,0.5937397041606203;119 120 121 122,0 0 1 1,0 1 0 1,0 0 0 0,0.6230740805782276;119 120 121 122,0 0 1 1,1 0 1 0,0 0 0 0,0.5849755432651877;119 120 121 122,0 0 1 1,1 0 0 1,0 0 0 0,0.614309919682795;119 120 121 122,0 1 0 0,0 1 1 0,0 0 0 0,0.7582602621579586;119 120 121 122,0 1 0 0,0 1 0 1,0 0 0 0,0.7583643641938166;119 120 121 122,0 1 0 0,1 1 0 0,0 0 0 0,0.6463961644330548;119 120 121 122,0 1 0 1,0 1 1 0,0 0 0 0,0.47234166915965103;119 120 121 122,0 1 0 1,0 0 1 1,0 0 0 0,0.5980344804853975;119 120 121 122,0 1 0 1,1 1 0 0,0 0 0 0,0.3672190733560793;119 120 121 122,0 1 0 1,1 0 0 1,0 0 0 0,0.4929118846818257;119 120 121 122,0 1 1 0,0 1 0 1,0 0 0 0,0.3835231162916872;119 120 121 122,0 1 1 0,0 0 1 1,0 0 0 0,0.47988155119982645;119 120 121 122,0 1 1 0,1 1 0 0,0 0 0 0,0.2490661440705083;119 120 121 122,0 1 1 0,1 0 1 0,0 0 0 0,0.3454245789786473;119 120 121 122,0 1 1 1,1 1 0 0,0 0 0 0,0.6463961644330548;119 120 121 122,0 1 1 1,1 0 1 0,0 0 0 0,0.7237549999483658;119 120 121 122,0 1 1 1,1 0 0 1,0 0 0 0,0.7516577124744126;119 120 121 122,0 0 0 0,0 1 0 0,0 0 0 0,0.4775185759800078;119 120 121 122,0 0 0 0,0 0 1 0,0 0 0 0,0.6132384797568755;119 120 121 122,0 0 0 0,0 0 0 1,0 0 0 0,0.6371876434570177;119 120 121 122,0 0 0 0,1 0 0 0,0 0 0 0,0.45923547057398406;
123 124 125 126,0 1 2 3,1 1 1 1,0 0 0 0,0.9130956004290662;123 124 125 126,0 0 1 2,1 0 1 1,0 0 0 0,1.0;123 124 125 126,0 0 1 2,0 1 1 1,0 0 0 0,1.0;123 124 125 126,0 1 0 2,1 1 0 1,0 0 0 0,1.0;123 124 125 126,0 1 0 2,0 1 1 1,0 0 0 0,1.0;123 124 125 126,0 1 1 2,1 1 0 1,0 0 0 0,1.0;123 124 125 126,0 1 1 2,1 0 1 1,0 0 0 0,1.0;123 124 125 126,0 0 0 1,1 0 0 1,0 0 0 0,1.0;123 124 125 126,0 0 0 1,0 1 0 1,0 0 0 0,1.0;123 124 125 126,0 0 0 1,0 0 1 1,0 0 0 0,1.0;123 124 125 126,0 1 2 0,1 1 1 0,0 0 0 0,0.7264689968381153;123 124 125 126,0 1 2 0,0 1 1 1,0 0 0 0,0.7635020021070721;123 124 125 126,0 1 2 1,1 1 1 0,0 0 0 0,0.7883302568473393;123 124 125 126,0 1 2 1,1 0 1 1,0 0 0 0,0.8544802689379404;123 124 125 126,0 1 2 2,1 1 1 0,0 0 0 0,0.7698660681244525;123 124 125 126,0 1 2 2,1 1 0 1,0 0 0 0,0.728448938774167;123 124 125 126,0 0 1 0,1 0 1 0,0 0 0 0,0.7761866540444998;123 124 125 126,0 0 1 0,0 1 1 0,0 0 0 0,0.6806244890944908;123 124 125 126,0 0 1 0,0 0 1 1,0 0 0 0,0.8207526229291778;123 124 125 126,0 0 1 1,1 0 1 0,0 0 0 0,0.6081080731912575;123 124 125 126,0 0 1 1,1 0 0 1,0 0 0 0,0.5549972596774817;123 124 125 126,0 0 1 1,0 1 1 0,0 0 0 0,0.5724930331013269;123 124 125 126,0 0 1 1,0 1 0 1,0 0 0 0,0.5193822195875512;123 124 125 126,0 1 0 0,1 1 0 0,0 0 0 0,0.641533939361262;123 124 125 126,0 1 0 0,0 1 1 0,0 0 0 0,0.7584033675848594;123 124 125 126,0 1 0 0,0 1 0 1,0 0 0 0,0.6773584552374394;123 124 125 126,0 1 0 1,1 1 0 0,0 0 0 0,0.4540394996743745;123 124 125 126,0 1 0 1,1 0 0 1,0 0 0 0,0.5386108755542416;123 124 125 126,0 1 0 1,0 1 1 0,0 0 0 0,0.5561066489780868;123 124 125 126,0 1 0 1,0 0 1 1,0 0 0 0,0.6406780248579538;123 124 125 126,0 1 1 0,1 1 0 0,0 0 0 0,0.28441658502565537;123 124 125 126,0 1 1 0,1 0 1 0,0 0 0 0,0.422098774419298;123 124 125 126,0 1 1 0,0 1 0 1,0 0 0 0,0.3333729208155919;123 124 125 126,0 1 1 0,0 0 1 1,0 0 0 0,0.47105511020923463;123 124 125 126,0 1 1 1,1 1 0 0,0 0 0 0,0.6490639143079545;123 124 125 126,0 1 1 1,1 0 1 0,0 0 0 0,0.781266879868972;123 124 125 126,0 1 1 1,1 0 0 1,0 0 0 0,0.7591912214766429;123 124 125 126,0 0 0 0,1 0 0 0,0 0 0 0,0.4819538164924919;123 124 125 126,0 0 0 0,0 1 0 0,0 0 0 0,0.3986290724765368;123 124 125 126,0 0 0 0,0 0 1 0,0 0 0 0,0.6273743523738542;123 124 125 126,0 0 0 0,0 0 0 1,0 0 0 0,0.5599650899504238;
127 128 129,0 1 2,1 1 1,0 0 0,0.9296224631476357;127 128 129,0 0 1,0 1 1,0 0 0,0.723024057382335;127 128 129,0 0 1,1 0 1,0 0 0,0.8348953030719424;127 128 129,0 1 0,0 1 1,0 0 0,0.6914439400419214;127 128 129,0 1 0,1 1 0,0 0 0,0.6560230189260878;127 128 129,0 1 1,1 1 0,0 0 0,1.0;127 128 129,0 1 1,1 0 1,0 0 0,1.0;127 128 129,0 0 0,0 1 0,0 0 0,0.40273377608827343;127 128 129,0 0 0,0 0 1,0 0 0,0.6321947963279768;127 128 129,0 0 0,1 0 0,0 0 0,0.6297523919992681;
130 131 132,0 1 2,1 1 1,0 0 0,0.9264702095428503;130 131 132,0 0 1,1 0 1,0 0 0,0.7472078388708567;130 131 132,0 0 1,0 1 1,0 0 0,0.6910753569703525;130 131 132,0 1 0,1 1 0,0 0 0,0.7206412485789194;130 131 132,0 1 0,0 1 1,0 0 0,0.5637659176061995;130 131 132,0 1 1,1 1 0,0 0 0,0.762364212949234;130 131 132,0 1 1,1 0 1,0 0 0,0.6616213638770182;130 131 132,0 0 0,1 0 0,0 0 0,0.6771392428883611;130 131 132,0 0 0,0 1 0,0 0 0,0.5401298258011685;130 131 132,0 0 0,0 0 1,0 0 0,0.48618984983935365;
130 133,0 0,1 0,0 0,1.0;130 133,0 0,0 1,0 0,1.0;
133 134,0 0,1 0,0 0,1.0;133 134,0 0,0 1,0 0,1.0;
134 135 136 137,0 1 2 3,1 1 1 1,0 0 0 0,0.9176728272388538;134 135 136 137,0 0 1 2,1 0 1 1,0 0 0 0,1.0;134 135 136 137,0 0 1 2,0 1 1 1,0 0 0 0,1.0;134 135 136 137,0 1 0 2,0 1 1 1,0 0 0 0,1.0;134 135 136 137,0 1 0 2,1 1 0 1,0 0 0 0,1.0;134 135 136 137,0 1 1 2,1 0 1 1,0 0 0 0,1.0;134 135 136 137,0 1 1 2,1 1 0 1,0 0 0 0,1.0;134 135 136 137,0 0 0 1,0 0 1 1,0 0 0 0,1.0;134 135 136 137,0 0 0 1,1 0 0 1,0 0 0 0,1.0;134 135 136 137,0 0 0 1,0 1 0 1,0 0 0 0,1.0;134 135 136 137,0 1 2 0,0 1 1 1,0 0 0 0,0.8333036369317641;134 135 136 137,0 1 2 0,1 1 1 0,0 0 0 0,0.732970656699008;134 135 136 137,0 1 2 1,1 0 1 1,0 0 0 0,0.7580327902912449;134 135 136 137,0 1 2 1,1 1 1 0,0 0 0 0,0.7694426468518459;134 135 136 137,0 1 2 2,1 1 1 0,0 0 0 0,0.6913279168659889;134 135 136 137,0 1 2 2,1 1 0 1,0 0 0 0,0.7864992782111195;134 135 136 137,0 0 1 0,0 0 1 1,0 0 0 0,0.7627637112979163;134 135 136 137,0 0 1 0,1 0 1 0,0 0 0 0,0.6457863072817559;134 135 136 137,0 0 1 0,0 1 1 0,0 0 0 0,0.7552977676812915;134 135 136 137,0 0 1 1,1 0 1 0,0 0 0 0,0.23320097606397272;134 135 136 137,0 0 1 1,1 0 0 1,0 0 0 0,0.35254597343553873;134 135 136 137,0 0 1 1,0 1 1 0,0 0 0 0,0.3758401283934133;134 135 136 137,0 0 1 1,0 1 0 1,0 0 0 0,0.4951851257649792;134 135 136 137,0 1 0 0,0 1 1 0,0 0 0 0,0.7780783692327701;134 135 136 137,0 1 0 0,0 1 0 1,0 0 0 0,0.8769414146292214;134 135 136 137,0 1 0 0,1 1 0 0,0 0 0 0,0.6974706472322051;134 135 136 137,0 1 0 1,0 0 1 1,0 0 0 0,0.611715124679442;134 135 136 137,0 1 0 1,0 1 1 0,0 0 0 0,0.6293195774654186;134 135 136 137,0 1 0 1,1 0 0 1,0 0 0 0,0.6060254225075439;134 135 136 137,0 1 0 1,1 1 0 0,0 0 0 0,0.6236298752935204;134 135 136 137,0 1 1 0,0 0 1 1,0 0 0 0,0.45410249159153493;134 135 136 137,0 1 1 0,0 1 0 1,0 0 0 0,0.5910519417490774;134 135 136 137,0 1 1 0,1 0 1 0,0 0 0 0,0.3290677920480709;134 135 136 137,0 1 1 0,1 1 0 0,0 0 0 0,0.46601724220561336;134 135 136 137,0 1 1 1,1 0 1 0,0 0 0 0,0.6457863072817559;134 135 136 137,0 1 1 1,1 0 0 1,0 0 0 0,0.7414822469408809;134 135 136 137,0 1 1 1,1 1 0 0,0 0 0 0,0.7460285841528992;134 135 136 137,0 0 0 0,0 0 1 0,0 0 0 0,0.4933769156514596;134 135 136 137,0 0 0 0,0 0 0 1,0 0 0 0,0.6387892030403869;134 135 136 137,0 0 0 0,1 0 0 0,0 0 0 0,0.4758246400504622;134 135 136 137,0 0 0 0,0 1 0 0,0 0 0 0,0.6523113927380784;
135 138,0 0,0 1,0 0,1.0;135 138,0 0,1 0,0 0,1.0;
138 139,0 0,1 0,0 0,1.0;138 139,0 0,0 1,0 0,1.0;
102 140,0 0,0 1,0 0,1.0;102 140,0 0,1 0,0 0,1.0;
141 142,0 0,1 0,0 0,1.0;141 142,0 0,0 1,0 0,1.0;
141 143,0 0,1 0,0 0,1.0;141 143,0 0,0 1,0 0,1.0;
143,0,1,0,0.8583085047654089;
94 144,0 0,0 1,0 0,1.0;94 144,0 0,1 0,0 0,1.0;
144 145 146 147,0 1 2 3,1 1 1 1,0 0 0 0,0.9165731806146302;144 145 146 147,0 0 1 2,1 0 1 1,0 0 0 0,0.662312804109229;144 145 146 147,0 0 1 2,0 1 1 1,0 0 0 0,0.800639140227244;144 145 146 147,0 1 0 2,1 1 0 1,0 0 0 0,0.7910036977166763;144 145 146 147,0 1 0 2,0 1 1 1,0 0 0 0,0.8610881778864778;144 145 146 147,0 1 1 2,1 1 0 1,0 0 0 0,0.8015996047598858;144 145 146 147,0 1 1 2,1 0 1 1,0 0 0 0,0.7333577488116723;144 145 146 147,0 0 0 1,1 0 0 1,0 0 0 0,0.6644577010016854;144 145 146 147,0 0 0 1,0 1 0 1,0 0 0 0,0.8154509436232869;144 145 146 147,0 0 0 1,0 0 1 1,0 0 0 0,0.7528142160051116;144 145 146 147,0 1 2 0,1 1 1 0,0 0 0 0,0.7787119475854325;144 145 146 147,0 1 2 0,0 1 1 1,0 0 0 0,0.8594743856632363;144 145 146 147,0 1 2 1,1 1 1 0,0 0 0 0,0.7909342830614379;144 145 146 147,0 1 2 1,1 0 1 1,0 0 0 0,0.7333703850212268;144 145 146 147,0 1 2 2,1 1 1 0,0 0 0 0,0.722166336217545;144 145 146 147,0 1 2 2,1 1 0 1,0 0 0 0,0.7328442941255473;144 145 146 147,0 0 1 0,1 0 1 0,0 0 0 0,0.6829968805388037;144 145 146 147,0 0 1 0,0 1 1 0,0 0 0 0,0.7732897995471391;144 145 146 147,0 0 1 0,0 0 1 1,0 0 0 0,0.7565445340287209;144 145 146 147,0 0 1 1,1 0 1 0,0 0 0 0,0.2549666288763278;144 145 146 147,0 0 1 1,1 0 0 1,0 0 0 0,0.26708950905581874;144 145 146 147,0 0 1 1,0 1 1 0,0 0 0 0,0.43240914065313985;144 145 146 147,0 0 1 1,0 1 0 1,0 0 0 0,0.44453202083263077;144 145 146 147,0 1 0 0,1 1 0 0,0 0 0 0,0.6721846387970578;144 145 146 147,0 1 0 0,0 1 1 0,0 0 0 0,0.7858863261332325;144 145 146 147,0 1 0 0,0 1 0 1,0 0 0 0,0.7717344754249513;144 145 146 147,0 1 0 1,1 1 0 0,0 0 0 0,0.535704854286525;144 145 146 147,0 1 0 1,1 0 0 1,0 0 0 0,0.4609149858105088;144 145 146 147,0 1 0 1,0 1 1 0,0 0 0 0,0.6262346174078299;144 145 146 147,0 1 0 1,0 0 1 1,0 0 0 0,0.5514447489318135;144 145 146 147,0 1 1 0,1 1 0 0,0 0 0 0,0.5332652116373311;144 145 146 147,0 1 1 0,1 0 1 0,0 0 0 0,0.44635246298182385;144 145 146 147,0 1 1 0,0 1 0 1,0 0 0 0,0.6359178549381269;144 145 146 147,0 1 1 0,0 0 1 1,0 0 0 0,0.5490051062826196;144 145 146 147,0 1 1 1,1 1 0 0,0 0 0 0,0.788928716982592;144 145 146 147,0 1 1 1,1 0 1 0,0 0 0 0,0.652359613923813;144 145 146 147,0 1 1 1,1 0 0 1,0 0 0 0,0.6770735746168743;144 145 146 147,0 0 0 0,1 0 0 0,0 0 0 0,0.3503505814317289;144 145 146 147,0 0 0 0,0 1 0 0,0 0 0 0,0.6448198757619399;144 145 146 147,0 0 0 0,0 0 1 0,0 0 0 0,0.4898231306429015;144 145 146 147,0 0 0 0,0 0 0 1,0 0 0 0,0.5054748459157153;
145 148,0 0,1 0,0 0,1.0;145 148,0 0,0 1,0 0,1.0;
148 149,0 0,1 0,0 0,1.0;148 149,0 0,0 1,0 0,1.0;
149 150 151,0 1 2,1 1 1,0 0 0,0.9199829805097371;149 150 151,0 0 1,1 0 1,0 0 0,1.0;149 150 151,0 0 1,0 1 1,0 0 0,1.0;149 150 151,0 1 0,1 1 0,0 0 0,0.7283463594896961;149 150 151,0 1 0,0 1 1,0 0 0,0.8373102130778446;149 150 151,0 1 1,1 1 0,0 0 0,0.7058632485496725;149 150 151,0 1 1,1 0 1,0 0 0,0.6314732446160315;149 150 151,0 0 0,1 0 0,0 0 0,0.4384066991148692;149 150 151,0 0 0,0 1 0,0 0 0,0.6027944443577108;149 150 151,0 0 0,0 0 1,0 0 0,0.5722527561980062;
150 152,0 0,0 1,0 0,1.0;150 152,0 0,1 0,0 0,1.0;
152 153,0 0,1 0,0 0,1.0;152 153,0 0,0 1,0 0,1.0;
153 154 155 156,0 1 2 3,1 1 1 1,0 0 0 0,0.9252916063650606;153 154 155 156,0 0 1 2,1 0 1 1,0 0 0 0,1.0;153 154 155 156,0 0 1 2,0 1 1 1,0 0 0 0,1.0;153 154 155 156,0 1 0 2,1 1 0 1,0 0 0 0,0.8112188221032451;153 154 155 156,0 1 0 2,0 1 1 1,0 0 0 0,0.8814511621995642;153 154 155 156,0 1 1 2,1 1 0 1,0 0 0 0,0.7910293801497652;153 154 155 156,0 1 1 2,1 0 1 1,0 0 0 0,0.7317727387264666;153 154 155 156,0 0 0 1,1 0 0 1,0 0 0 0,0.6703858638746346;153 154 155 156,0 0 0 1,0 1 0 1,0 0 0 0,0.7929285726957154;153 154 155 156,0 0 0 1,0 0 1 1,0 0 0 0,0.752105568770416;153 154 155 156,0 1 2 0,1 1 1 0,0 0 0 0,1.0;153 154 155 156,0 1 2 0,0 1 1 1,0 0 0 0,1.0;153 154 155 156,0 1 2 1,1 1 1 0,0 0 0 0,1.0;153 154 155 156,0 1 2 1,1 0 1 1,0 0 0 0,1.0;153 154 155 156,0 1 2 2,1 1 1 0,0 0 0 0,0.7290177220623725;153 154 155 156,0 1 2 2,1 1 0 1,0 0 0 0,0.7300923260120094;153 154 155 156,0 0 1 0,1 0 1 0,0 0 0 0,1.0;153 154 155 156,0 0 1 0,0 1 1 0,0 0 0 0,1.0;153 154 155 156,0 0 1 0,0 0 1 1,0 0 0 0,1.0;153 154 155 156,0 0 1 1,1 0 1 0,0 0 0 0,0.26482627132050685;153 154 155 156,0 0 1 1,1 0 0 1,0 0 0 0,0.27037551377738156;153 154 155 156,0 0 1 1,0 1 1 0,0 0 0 0,0.4309432961136509;153 154 155 156,0 0 1 1,0 1 0 1,0 0 0 0,0.4364925385705256;153 154 155 156,0 1 0 0,1 1 0 0,0 0 0 0,0.6843116991134728;153 154 155 156,0 1 0 0,0 1 1 0,0 0 0 0,0.8035824360384192;153 154 155 156,0 1 0 0,0 1 0 1,0 0 0 0,0.7978693500878629;153 154 155 156,0 1 0 1,1 1 0 0,0 0 0 0,0.5720815458906905;153 154 155 156,0 1 0 1,1 0 0 1,0 0 0 0,0.4970820337243149;153 154 155 156,0 1 0 1,0 1 1 0,0 0 0 0,0.6576498160605844;153 154 155 156,0 1 0 1,0 0 1 1,0 0 0 0,0.5826503038942089;153 154 155 156,0 1 1 0,1 1 0 0,0 0 0 0,0.49245779122433897;153 154 155 156,0 1 1 0,1 0 1 0,0 0 0 0,0.4119090366010887;153 154 155 156,0 1 1 0,0 1 0 1,0 0 0 0,0.5835753038511076;153 154 155 156,0 1 1 0,0 0 1 1,0 0 0 0,0.5030265492278572;153 154 155 156,0 1 1 1,1 1 0 0,0 0 0 0,0.7919666285917595;153 154 155 156,0 1 1 1,1 0 1 0,0 0 0 0,0.686153538368292;153 154 155 156,0 1 1 1,1 0 0 1,0 0 0 0,0.6659609848896562;153 154 155 156,0 0 0 0,1 0 0 0,0 0 0 0,0.3756793413264692;153 154 155 156,0 0 0 0,0 1 0 0,0 0 0 0,0.6613630928687649;153 154 155 156,0 0 0 0,0 0 1 0,0 0 0 0,0.525836444245273;153 154 155 156,0 0 0 0,0 0 0 1,0 0 0 0,0.5079712407052219;
139 157 158,0 1 2,1 1 1,0 0 0,0.9173466150488424;139 157 158,0 0 1,1 0 1,0 0 0,0.5566590061711878;139 157 158,0 0 1,0 1 1,0 0 0,0.7169876131110409;139 157 158,0 1 0,1 1 0,0 0 0,0.6765887245322044;139 157 158,0 1 0,0 1 1,0 0 0,0.7688849167721858;139 157 158,0 1 1,1 1 0,0 0 0,0.7575104965129305;139 157 158,0 1 1,1 0 1,0 0 0,0.689478081813059;139 157 158,0 0 0,1 0 0,0 0 0,0.5120106996869571;139 157 158,0 0 0,0 1 0,0 0 0,0.6982207326251834;139 157 158,0 0 0,0 0 1,0 0 0,0.5540385247999497;
157 159,0 0,1 0,0 0,1.0;157 159,0 0,0 1,0 0,1.0;
159 160 161,0 1 2,1 1 1,0 0 0,0.923148792144485;159 160 161,0 0 1,0 1 1,0 0 0,1.0;159 160 161,0 0 1,1 0 1,0 0 0,1.0;159 160 161,0 1 0,0 1 1,0 0 0,0.7826920980873573;159 160 161,0 1 0,1 1 0,0 0 0,0.6797980138205877;159 160 161,0 1 1,1 1 0,0 0 0,0.7455780406288511;159 160 161,0 1 1,1 0 1,0 0 0,0.6694275256424255;159 160 161,0 0 0,0 1 0,0 0 0,0.656429359952005;159 160 161,0 0 0,0 0 1,0 0 0,0.5511790340586441;159 160 161,0 0 0,1 0 0,0 0 0,0.4583492497022099;
160 162,0 0,1 0,0 0,1.0;160 162,0 0,0 1,0 0,1.0;
162 163 164,0 1 2,1 1 1,0 0 0,0.9189603996874612;162 163 164,0 0 1,1 0 1,0 0 0,0.7091924296503148;162 163 164,0 0 1,0 1 1,0 0 0,0.8184921184100052;162 163 164,0 1 0,1 1 0,0 0 0,0.538513384098326;162 163 164,0 1 0,0 1 1,0 0 0,0.7359340106515495;162 163 164,0 1 1,1 1 0,0 0 0,0.6504709899333223;162 163 164,0 1 1,1 0 1,0 0 0,0.7385919277268553;162 163 164,0 0 0,1 0 0,0 0 0,0.4791252270542913;162 163 164,0 0 0,0 1 0,0 0 0,0.5846665115241731;162 163 164,0 0 0,0 0 1,0 0 0,0.6292822521624635;
165 166 167,0 1 2,1 1 1,0 0 0,0.9238696815433549;165 166 167,0 0 1,1 0 1,0 0 0,0.7833444396758604;165 166 167,0 0 1,0 1 1,0 0 0,0.6428238437408418;165 166 167,0 1 0,1 1 0,0 0 0,0.6755731031245267;165 166 167,0 1 0,0 1 1,0 0 0,0.7354439991859354;165 166 167,0 1 1,1 1 0,0 0 0,1.0;165 166 167,0 1 1,1 0 1,0 0 0,1.0;165 166 167,0 0 0,1 0 0,0 0 0,0.5816949062101114;165 166 167,0 0 0,0 1 0,0 0 0,0.4693131292370887;165 166 167,0 0 0,0 0 1,0 0 0,0.6753346455276825;
168 169 170,0 1 2,1 1 1,0 0 0,0.9199526475699;168 169 170,0 0 1,1 0 1,0 0 0,0.8139349722180079;168 169 170,0 0 1,0 1 1,0 0 0,0.6917899472401798;168 169 170,0 1 0,1 1 0,0 0 0,0.6536969177554814;168 169 170,0 1 0,0 1 1,0 0 0,0.729555867649641;168 169 170,0 1 1,1 1 0,0 0 0,1.0;168 169 170,0 1 1,1 0 1,0 0 0,1.0;168 169 170,0 0 0,1 0 0,0 0 0,0.5770276427542012;168 169 170,0 0 0,0 1 0,0 0 0,0.414320557470953;168 169 170,0 0 0,0 0 1,0 0 0,0.6547842012491619;
171 172 173,0 1 2,1 1 1,0 0 0,0.9285994101008466;171 172 173,0 0 1,1 0 1,0 0 0,0.7277472996537134;171 172 173,0 0 1,0 1 1,0 0 0,0.6826922320835305;171 172 173,0 1 0,1 1 0,0 0 0,1.0;171 172 173,0 1 0,0 1 1,0 0 0,1.0;171 172 173,0 1 1,1 1 0,0 0 0,0.7964682932186128;171 172 173,0 1 1,1 0 1,0 0 0,0.6473423905945265;171 172 173,0 0 0,1 0 0,0 0 0,0.6419532279215221;171 172 173,0 0 0,0 1 0,0 0 0,0.6181999783323167;171 172 173,0 0 0,0 0 1,0 0 0,0.4577119363251593;
171 174,0 0,1 0,0 0,1.0;171 174,0 0,0 1,0 0,1.0;
174 175,0 0,1 0,0 0,1.0;174 175,0 0,0 1,0 0,1.0;
175 176 177,0 1 2,1 1 1,0 0 0,0.9220485799917948;175 176 177,0 0 1,0 1 1,0 0 0,0.7344219762802096;175 176 177,0 0 1,1 0 1,0 0 0,0.5587188120630875;175 176 177,0 1 0,0 1 1,0 0 0,1.0;175 176 177,0 1 0,1 1 0,0 0 0,1.0;175 176 177,0 1 1,1 1 0,0 0 0,0.7057467957967086;175 176 177,0 1 1,1 0 1,0 0 0,0.6484229918573792;175 176 177,0 0 0,0 1 0,0 0 0,0.5849459824683545;175 176 177,0 0 0,0 0 1,0 0 0,0.6025290361352621;175 176 177,0 0 0,1 0 0,0 0 0,0.451156389829403;
176 178,0 0,1 0,0 0,1.0;176 178,0 0,0 1,0 0,1.0;
178 179,0 0,1 0,0 0,1.0;178 179,0 0,0 1,0 0,1.0;
179 180 181,0 1 2,1 1 1,0 0 0,0.9179903961783943;179 180 181,0 0 1,1 0 1,0 0 0,0.5974540100309154;179 180 181,0 0 1,0 1 1,0 0 0,0.7188097325388372;179 180 181,0 1 0,1 1 0,0 0 0,0.7047342132682963;179 180 181,0 1 0,0 1 1,0 0 0,0.8117752389632641;179 180 181,0 1 1,1 1 0,0 0 0,1.0;179 180 181,0 1 1,1 0 1,0 0 0,1.0;179 180 181,0 0 0,1 0 0,0 0 0,0.3821361293643728;179 180 181,0 0 0,0 1 0,0 0 0,0.5556346077291965;179 180 181,0 0 0,0 0 1,0 0 0,0.5946601471295558;
180 182,0 0,1 0,0 0,1.0;180 182,0 0,0 1,0 0,1.0;
182 183 184,0 1 2,1 1 1,0 0 0,0.927583584274952;182 183 184,0 0 1,1 0 1,0 0 0,0.5800407247392535;182 183 184,0 0 1,0 1 1,0 0 0,0.7014690036728606;182 183 184,0 1 0,0 1 1,0 0 0,1.0;182 183 184,0 1 0,1 1 0,0 0 0,1.0;182 183 184,0 1 1,1 0 1,0 0 0,0.682787760287444;182 183 184,0 1 1,1 1 0,0 0 0,0.7113175534644394;182 183 184,0 0 0,0 0 1,0 0 0,0.6091974170998462;182 183 184,0 0 0,1 0 0,0 0 0,0.41589010582557484;182 183 184,0 0 0,0 1 0,0 0 0,0.5447596502448374;
183 185,0 0,0 1,0 0,1.0;183 185,0 0,1 0,0 0,1.0;
154 186,0 0,0 1,0 0,1.0;154 186,0 0,1 0,0 0,1.0;
186 187 188,0 1 2,1 1 1,0 0 0,0.9034967297297628;186 187 188,0 0 1,1 0 1,0 0 0,0.5374411866437887;186 187 188,0 0 1,0 1 1,0 0 0,0.7059674140163708;186 187 188,0 1 0,1 1 0,0 0 0,1.0;186 187 188,0 1 0,0 1 1,0 0 0,1.0;186 187 188,0 1 1,1 1 0,0 0 0,0.7406872135740952;186 187 188,0 1 1,1 0 1,0 0 0,0.5894462266913929;186 187 188,0 0 0,1 0 0,0 0 0,0.5689738732714835;186 187 188,0 0 0,0 1 0,0 0 0,0.7695537625952111;186 187 188,0 0 0,0 0 1,0 0 0,0.5338935595735033;
187 189,0 0,1 0,0 0,1.0;187 189,0 0,0 1,0 0,1.0;
185 190,0 0,1 0,0 0,1.0;185 190,0 0,0 1,0 0,1.0;
190 191 192,0 1 2,1 1 1,0 0 0,0.9252638120225053;190 191 192,0 0 1,1 0 1,0 0 0,1.0;190 191 192,0 0 1,0 1 1,0 0 0,1.0;190 191 192,0 1 0,0 1 1,0 0 0,1.0;190 191 192,0 1 0,1 1 0,0 0 0,1.0;190 191 192,0 1 1,1 0 1,0 0 0,1.0;190 191 192,0 1 1,1 1 0,0 0 0,1.0;190 191 192,0 0 0,0 0 1,0 0 0,1.0;190 191 192,0 0 0,1 0 0,0 0 0,1.0;190 191 192,0 0 0,0 1 0,0 0 0,1.0;
191 193,0 0,0 1,0 0,1.0;191 193,0 0,1 0,0 0,1.0;
193 194,0 0,1 0,0 0,1.0;193 194,0 0,0 1,0 0,1.0;
194 195 196,0 1 2,1 1 1,0 0 0,0.9230877261134246;194 195 196,0 0 1,1 0 1,0 0 0,1.0;194 195 196,0 0 1,0 1 1,0 0 0,1.0;194 195 196,0 1 0,1 1 0,0 0 0,1.0;194 195 196,0 1 0,0 1 1,0 0 0,1.0;194 195 196,0 1 1,1 1 0,0 0 0,1.0;194 195 196,0 1 1,1 0 1,0 0 0,1.0;194 195 196,0 0 0,1 0 0,0 0 0,1.0;194 195 196,0 0 0,0 1 0,0 0 0,1.0;194 195 196,0 0 0,0 0 1,0 0 0,1.0;
195 197,0 0,1 0,0 0,1.0;195 197,0 0,0 1,0 0,1.0;
189 198,0 0,1 0,0 0,1.0;189 198,0 0,0 1,0 0,1.0;
198,0,1,0,0.8529958253861734;
197 199,0 0,1 0,0 0,1.0;197 199,0 0,0 1,0 0,1.0;
199,0,1,0,0.8556311043315028;
47 200,0 0,0 1,0 0,1.0;47 200,0 0,1 0,0 0,1.0;
45 70 72 200,0 1 2 3,1 1 1 1,0 0 0 0,0.9253600396012182;45 70 72 200,0 0 1 2,1 0 1 1,0 0 0 0,0.8978480313013982;45 70 72 200,0 0 1 2,0 1 1 1,0 0 0 0,0.8628111647725554;45 70 72 200,0 1 0 2,0 1 1 1,0 0 0 0,0.8007045806629483;45 70 72 200,0 1 0 2,1 1 0 1,0 0 0 0,0.7021211349514691;45 70 72 200,0 1 1 2,1 0 1 1,0 0 0 0,0.8064584692237993;45 70 72 200,0 1 1 2,1 1 0 1,0 0 0 0,0.6728381569834772;45 70 72 200,0 0 0 1,0 0 1 1,0 0 0 0,0.8678856526967297;45 70 72 200,0 0 0 1,1 0 0 1,0 0 0 0,0.7749025260027069;45 70 72 200,0 0 0 1,0 1 0 1,0 0 0 0,0.7268961987480613;45 70 72 200,0 1 2 0,0 1 1 1,0 0 0 0,0.7714042922351199;45 70 72 200,0 1 2 0,1 1 1 0,0 0 0 0,0.6899036369888594;45 70 72 200,0 1 2 1,1 0 1 1,0 0 0 0,0.8355677458838189;45 70 72 200,0 1 2 1,1 1 1 0,0 0 0 0,0.7190302241087153;45 70 72 200,0 1 2 2,1 1 1 0,0 0 0 0,0.7780898284523622;45 70 72 200,0 1 2 2,1 1 0 1,0 0 0 0,0.7610070379871434;45 70 72 200,0 0 1 0,0 0 1 1,0 0 0 0,0.8678856526967298;45 70 72 200,0 0 1 0,1 0 1 0,0 0 0 0,0.7932844037094687;45 70 72 200,0 0 1 0,0 1 1 0,0 0 0 0,0.7081086902226691;45 70 72 200,0 0 1 1,1 0 1 0,0 0 0 0,0.6577038144793727;45 70 72 200,0 0 1 1,1 0 0 1,0 0 0 0,0.6319116143045034;45 70 72 200,0 0 1 1,0 1 1 0,0 0 0 0,0.6139166901955322;45 70 72 200,0 0 1 1,0 1 0 1,0 0 0 0,0.5881244900206628;45 70 72 200,0 1 0 0,0 1 1 0,0 0 0 0,0.7692342865637943;45 70 72 200,0 1 0 0,1 1 0 0,0 0 0 0,0.6617740126206408;45 70 72 200,0 1 0 0,0 1 0 1,0 0 0 0,0.7389362518534572;45 70 72 200,0 1 0 1,0 0 1 1,0 0 0 0,0.5774396032653772;45 70 72 200,0 1 0 1,0 1 1 0,0 0 0 0,0.4321674075156513;45 70 72 200,0 1 0 1,1 0 0 1,0 0 0 0,0.4501623316246226;45 70 72 200,0 1 0 1,1 1 0 0,0 0 0 0,0.3048901358748968;45 70 72 200,0 1 1 0,0 0 1 1,0 0 0 0,0.48982525563360524;45 70 72 200,0 1 1 0,0 1 0 1,0 0 0 0,0.31876085970901;45 70 72 200,0 1 1 0,1 0 1 0,0 0 0 0,0.3883401841677201;45 70 72 200,0 1 1 0,1 1 0 0,0 0 0 0,0.21727578824312477;45 70 72 200,0 1 1 1,1 0 1 0,0 0 0 0,0.7702860220097991;45 70 72 200,0 1 1 1,1 1 0 0,0 0 0 0,0.6617740126206408;45 70 72 200,0 1 1 1,1 0 0 1,0 0 0 0,0.7726907913556142;45 70 72 200,0 0 0 0,0 0 1 0,0 0 0 0,0.656801895943828;45 70 72 200,0 0 0 0,1 0 0 0,0 0 0 0,0.5115552939494501;45 70 72 200,0 0 0 0,0 1 0 0,0 0 0 0,0.43254395403094825;45 70 72 200,0 0 0 0,0 0 0 1,0 0 0 0,0.6047180744586188;
42 201,0 0,0 1,0 0,1.0;42 201,0 0,1 0,0 0,1.0;
155 202,0 0,0 1,0 0,1.0;155 202,0 0,1 0,0 0,1.0;
202 203,0 0,1 0,0 0,1.0;202 203,0 0,0 1,0 0,1.0;
203,0,1,0,0.8905613006178881;
163 204,0 0,1 0,0 0,1.0;163 204,0 0,0 1,0 0,1.0;
204 205 206,0 1 2,1 1 1,0 0 0,0.9232264012639699;204 205 206,0 0 1,1 0 1,0 0 0,1.0;204 205 206,0 0 1,0 1 1,0 0 0,1.0;204 205 206,0 1 0,1 1 0,0 0 0,0.6858442396868003;204 205 206,0 1 0,0 1 1,0 0 0,0.7652867344821661;204 205 206,0 1 1,1 1 0,0 0 0,0.656837787593268;204 205 206,0 1 1,1 0 1,0 0 0,0.7121650780882942;204 205 206,0 0 0,1 0 0,0 0 0,0.42947483699538713;204 205 206,0 0 0,0 1 0,0 0 0,0.5243671025804323;204 205 206,0 0 0,0 0 1,0 0 0,0.6792184888487303;
205 207,0 0,1 0,0 0,1.0;205 207,0 0,0 1,0 0,1.0;
146 207,0 0,1 0,0 0,1.0;146 207,0 0,0 1,0 0,1.0;
208 209,0 0,1 0,0 0,1.0;208 209,0 0,0 1,0 0,1.0;
208 210,0 0,1 0,0 0,1.0;208 210,0 0,0 1,0 0,1.0;
210,0,1,0,0.8948173966624425;
168 211,0 0,1 0,0 0,1.0;168 211,0 0,0 1,0 0,1.0;
211 212,0 0,1 0,0 0,1.0;211 212,0 0,0 1,0 0,1.0;
212,0,1,0,0.9002398494201989;
86 213,0 0,0 1,0 0,1.0;86 213,0 0,1 0,0 0,1.0;
214 215,0 0,1 0,0 0,1.0;214 215,0 0,0 1,0 0,1.0;
214 216 217 218,0 1 2 3,1 1 1 1,0 0 0 0,0.9174543494211054;214 216 217 218,0 0 1 2,0 1 1 1,0 0 0 0,1.0;214 216 217 218,0 0 1 2,1 0 1 1,0 0 0 0,1.0;214 216 217 218,0 1 0 2,0 1 1 1,0 0 0 0,0.8333259098432177;214 216 217 218,0 1 0 2,1 1 0 1,0 0 0 0,0.7494787151022181;214 216 217 218,0 1 1 2,1 1 0 1,0 0 0 0,0.762576923640933;214 216 217 218,0 1 1 2,1 0 1 1,0 0 0 0,0.7544122138749015;214 216 217 218,0 0 0 1,0 1 0 1,0 0 0 0,0.727647517068754;214 216 217 218,0 0 0 1,0 0 1 1,0 0 0 0,0.7609589121055254;214 216 217 218,0 0 0 1,1 0 0 1,0 0 0 0,0.6428298143162365;214 216 217 218,0 1 2 0,0 1 1 1,0 0 0 0,1.0;214 216 217 218,0 1 2 0,1 1 1 0,0 0 0 0,1.0;214 216 217 218,0 1 2 1,1 1 1 0,0 0 0 0,1.0;214 216 217 218,0 1 2 1,1 0 1 1,0 0 0 0,1.0;214 216 217 218,0 1 2 2,1 1 1 0,0 0 0 0,0.7686777694036322;214 216 217 218,0 1 2 2,1 1 0 1,0 0 0 0,0.6967443918955671;214 216 217 218,0 0 1 0,0 1 1 0,0 0 0 0,1.0;214 216 217 218,0 0 1 0,0 0 1 1,0 0 0 0,1.0;214 216 217 218,0 0 1 0,1 0 1 0,0 0 0 0,1.0;214 216 217 218,0 0 1 1,0 1 1 0,0 0 0 0,0.46648816094403567;214 216 217 218,0 0 1 1,0 1 0 1,0 0 0 0,0.3738826294871108;214 216 217 218,0 0 1 1,1 0 1 0,0 0 0 0,0.3493919784286297;214 216 217 218,0 0 1 1,1 0 0 1,0 0 0 0,0.2567864469717047;214 216 217 218,0 1 0 0,0 1 1 0,0 0 0 0,0.8349880903261109;214 216 217 218,0 1 0 0,0 1 0 1,0 0 0 0,0.7516512915360549;214 216 217 218,0 1 0 0,1 1 0 0,0 0 0 0,0.7108708060712163;214 216 217 218,0 1 0 1,0 1 1 0,0 0 0 0,0.6266035746199872;214 216 217 218,0 1 0 1,0 0 1 1,0 0 0 0,0.5238372712418291;214 216 217 218,0 1 0 1,1 1 0 0,0 0 0 0,0.5196681640258147;214 216 217 218,0 1 0 1,1 0 0 1,0 0 0 0,0.41690186064765644;214 216 217 218,0 1 1 0,0 1 0 1,0 0 0 0,0.5930929155030016;214 216 217 218,0 1 1 0,0 0 1 1,0 0 0 0,0.5829321435817681;214 216 217 218,0 1 1 0,1 1 0 0,0 0 0 0,0.5787630363657538;214 216 217 218,0 1 1 0,1 0 1 0,0 0 0 0,0.5686022644445203;214 216 217 218,0 1 1 1,1 1 0 0,0 0 0 0,0.7673028254529253;214 216 217 218,0 1 1 1,1 0 1 0,0 0 0 0,0.7337788265668463;214 216 217 218,0 1 1 1,1 0 0 1,0 0 0 0,0.621460875075744;214 216 217 218,0 0 0 0,0 1 0 0,0 0 0 0,0.6023765392140827;214 216 217 218,0 0 0 0,0 0 1 0,0 0 0 0,0.5845475818307988;214 216 217 218,0 0 0 0,0 0 0 1,0 0 0 0,0.4392050769688034;214 216 217 218,0 0 0 0,1 0 0 0,0 0 0 0,0.43161479050249074;
136 216,0 0,1 0,0 0,1.0;136 216,0 0,0 1,0 0,1.0;
137 219,0 0,1 0,0 0,1.0;137 219,0 0,0 1,0 0,1.0;
219 220,0 0,1 0,0 0,1.0;219 220,0 0,0 1,0 0,1.0;
220,0,1,0,0.8641949653425263;
192 221,0 0,1 0,0 0,1.0;192 221,0 0,0 1,0 0,1.0;
221 222,0 0,1 0,0 0,1.0;221 222,0 0,0 1,0 0,1.0;
222,0,1,0,0.8926300792884899;
196 223,0 0,1 0,0 0,1.0;196 223,0 0,0 1,0 0,1.0;
223 224,0 0,0 1,0 0,1.0;223 224,0 0,1 0,0 0,1.0;
224,0,1,0,0.902737682394557;
181 225,0 0,0 1,0 0,1.0;181 225,0 0,1 0,0 0,1.0;
225 226 227,0 1 2,1 1 1,0 0 0,0.9175645813707571;225 226 227,0 0 1,1 0 1,0 0 0,1.0;225 226 227,0 0 1,0 1 1,0 0 0,1.0;225 226 227,0 1 0,1 1 0,0 0 0,0.7795783853579801;225 226 227,0 1 0,0 1 1,0 0 0,0.7937007317556595;225 226 227,0 1 1,1 1 0,0 0 0,0.7573676749683272;225 226 227,0 1 1,1 0 1,0 0 0,0.6477021680958797;225 226 227,0 0 0,1 0 0,0 0 0,0.5369326939455079;225 226 227,0 0 0,0 1 0,0 0 0,0.6605821505516344;225 226 227,0 0 0,0 0 1,0 0 0,0.5116172313962853;
226 228,0 0,1 0,0 0,1.0;226 228,0 0,0 1,0 0,1.0;
228 229,0 0,1 0,0 0,1.0;228 229,0 0,0 1,0 0,1.0;
229 230 231 232,0 1 2 3,1 1 1 1,0 0 0 0,0.9100564351564688;229 230 231 232,0 0 1 2,1 0 1 1,0 0 0 0,1.0;229 230 231 232,0 0 1 2,0 1 1 1,0 0 0 0,1.0;229 230 231 232,0 1 0 2,1 1 0 1,0 0 0 0,1.0;229 230 231 232,0 1 0 2,0 1 1 1,0 0 0 0,1.0;229 230 231 232,0 1 1 2,1 1 0 1,0 0 0 0,1.0;229 230 231 232,0 1 1 2,1 0 1 1,0 0 0 0,1.0;229 230 231 232,0 0 0 1,1 0 0 1,0 0 0 0,1.0;229 230 231 232,0 0 0 1,0 1 0 1,0 0 0 0,1.0;229 230 231 232,0 0 0 1,0 0 1 1,0 0 0 0,1.0;229 230 231 232,0 1 2 0,0 1 1 1,0 0 0 0,1.0;229 230 231 232,0 1 2 0,1 1 1 0,0 0 0 0,1.0;229 230 231 232,0 1 2 1,1 0 1 1,0 0 0 0,1.0;229 230 231 232,0 1 2 1,1 1 1 0,0 0 0 0,1.0;229 230 231 232,0 1 2 2,1 1 0 1,0 0 0 0,1.0;229 230 231 232,0 1 2 2,1 1 1 0,0 0 0 0,1.0;229 230 231 232,0 0 1 0,0 0 1 1,0 0 0 0,0.7196873842021096;229 230 231 232,0 0 1 0,1 0 1 0,0 0 0 0,0.7084652218007146;229 230 231 232,0 0 1 0,0 1 1 0,0 0 0 0,0.7999086696149263;229 230 231 232,0 0 1 1,1 0 0 1,0 0 0 0,0.37976341997512597;229 230 231 232,0 0 1 1,1 0 1 0,0 0 0 0,0.37724120697547037;229 230 231 232,0 0 1 1,0 1 0 1,0 0 0 0,0.503687778982965;229 230 231 232,0 0 1 1,0 1 1 0,0 0 0 0,0.5011655659833096;229 230 231 232,0 1 0 0,0 1 0 1,0 0 0 0,1.0;229 230 231 232,0 1 0 0,1 1 0 0,0 0 0 0,1.0;229 230 231 232,0 1 0 0,0 1 1 0,0 0 0 0,1.0;229 230 231 232,0 1 0 1,1 0 0 1,0 0 0 0,1.0;229 230 231 232,0 1 0 1,1 1 0 0,0 0 0 0,1.0;229 230 231 232,0 1 0 1,0 0 1 1,0 0 0 0,1.0;229 230 231 232,0 1 0 1,0 1 1 0,0 0 0 0,1.0;229 230 231 232,0 1 1 0,0 1 0 1,0 0 0 0,0.5743292980299108;229 230 231 232,0 1 1 0,0 0 1 1,0 0 0 0,0.488995251858346;229 230 231 232,0 1 1 0,1 1 0 0,0 0 0 0,0.5332167721939809;229 230 231 232,0 1 1 0,1 0 1 0,0 0 0 0,0.4478827260224162;229 230 231 232,0 1 1 1,1 0 0 1,0 0 0 0,0.6631641948811934;229 230 231 232,0 1 1 1,1 1 0 0,0 0 0 0,0.7626815428493947;229 230 231 232,0 1 1 1,1 0 1 0,0 0 0 0,0.6770145555271045;229 230 231 232,0 0 0 0,0 0 0 1,0 0 0 0,0.5937540883574013;229 230 231 232,0 0 0 0,1 0 0 0,0 0 0 0,0.4854450027271533;229 230 231 232,0 0 0 0,0 1 0 0,0 0 0 0,0.7062375872996887;229 230 231 232,0 0 0 0,0 0 1 0,0 0 0 0,0.640414476266867;
230 233,0 0,0 1,0 0,1.0;230 233,0 0,1 0,0 0,1.0;
233 234,0 0,1 0,0 0,1.0;233 234,0 0,0 1,0 0,1.0;
234,0,1,0,0.8759140390489367;
177 235,0 0,1 0,0 0,1.0;177 235,0 0,0 1,0 0,1.0;
235 236,0 0,1 0,0 0,1.0;235 236,0 0,0 1,0 0,1.0;
236 237 238,0 1 2,1 1 1,0 0 0,0.9161820422818334;236 237 238,0 0 1,1 0 1,0 0 0,0.7228512055650533;236 237 238,0 0 1,0 1 1,0 0 0,0.7654623025470705;236 237 238,0 1 0,1 1 0,0 0 0,0.5697758624824772;236 237 238,0 1 0,0 1 1,0 0 0,0.6933095840811587;236 237 238,0 1 1,1 1 0,0 0 0,0.6896186452897771;236 237 238,0 1 1,1 0 1,0 0 0,0.7705412699064413;236 237 238,0 0 0,1 0 0,0 0 0,0.537438052772631;236 237 238,0 0 0,0 1 0,0 0 0,0.5356051743195882;236 237 238,0 0 0,0 0 1,0 0 0,0.6742746654132492;
127 239,0 0,0 1,0 0,1.0;127 239,0 0,1 0,0 0,1.0;
239 240,0 0,0 1,0 0,1.0;239 240,0 0,1 0,0 0,1.0;
240,0,1,0,0.8730062442781122;
93 241,0 0,0 1,0 0,1.0;93 241,0 0,1 0,0 0,1.0;
158 241,0 0,0 1,0 0,1.0;158 241,0 0,1 0,0 0,1.0;
147 242,0 0,0 1,0 0,1.0;147 242,0 0,1 0,0 0,1.0;
140 142 209 242,0 1 2 3,1 1 1 1,0 0 0 0,0.9170200457044948;140 142 209 242,0 0 1 2,1 0 1 1,0 0 0 0,1.0;140 142 209 242,0 0 1 2,0 1 1 1,0 0 0 0,1.0;140 142 209 242,0 1 0 2,0 1 1 1,0 0 0 0,1.0;140 142 209 242,0 1 0 2,1 1 0 1,0 0 0 0,1.0;140 142 209 242,0 1 1 2,1 0 1 1,0 0 0 0,1.0;140 142 209 242,0 1 1 2,1 1 0 1,0 0 0 0,1.0;140 142 209 242,0 0 0 1,0 0 1 1,0 0 0 0,0.7581471109682671;140 142 209 242,0 0 0 1,1 0 0 1,0 0 0 0,0.6764223926117479;140 142 209 242,0 0 0 1,0 1 0 1,0 0 0 0,0.780487893520466;140 142 209 242,0 1 2 0,0 1 1 1,0 0 0 0,1.0;140 142 209 242,0 1 2 0,1 1 1 0,0 0 0 0,1.0;140 142 209 242,0 1 2 1,1 0 1 1,0 0 0 0,1.0;140 142 209 242,0 1 2 1,1 1 1 0,0 0 0 0,1.0;140 142 209 242,0 1 2 2,1 1 1 0,0 0 0 0,1.0;140 142 209 242,0 1 2 2,1 1 0 1,0 0 0 0,1.0;140 142 209 242,0 0 1 0,0 0 1 1,0 0 0 0,1.0;140 142 209 242,0 0 1 0,1 0 1 0,0 0 0 0,1.0;140 142 209 242,0 0 1 0,0 1 1 0,0 0 0 0,1.0;140 142 209 242,0 0 1 1,1 0 1 0,0 0 0 0,0.2856297518482739;140 142 209 242,0 0 1 1,1 0 0 1,0 0 0 0,0.23934347047553595;140 142 209 242,0 0 1 1,0 1 1 0,0 0 0 0,0.46151284552368066;140 142 209 242,0 0 1 1,0 1 0 1,0 0 0 0,0.4152265641509426;140 142 209 242,0 1 0 0,0 1 1 0,0 0 0 0,1.0;140 142 209 242,0 1 0 0,0 1 0 1,0 0 0 0,1.0;140 142 209 242,0 1 0 0,1 1 0 0,0 0 0 0,1.0;140 142 209 242,0 1 0 1,0 0 1 1,0 0 0 0,0.4973119631008136;140 142 209 242,0 1 0 1,0 1 1 0,0 0 0 0,0.6051993216970857;140 142 209 242,0 1 0 1,1 0 0 1,0 0 0 0,0.38302994664894086;140 142 209 242,0 1 0 1,1 1 0 0,0 0 0 0,0.49091730524521304;140 142 209 242,0 1 1 0,0 0 1 1,0 0 0 0,1.0;140 142 209 242,0 1 1 0,0 1 0 1,0 0 0 0,1.0;140 142 209 242,0 1 1 0,1 0 1 0,0 0 0 0,1.0;140 142 209 242,0 1 1 0,1 1 0 0,0 0 0 0,1.0;140 142 209 242,0 1 1 1,1 0 1 0,0 0 0 0,0.7094060166566586;140 142 209 242,0 1 1 1,1 0 0 1,0 0 0 0,0.6609387299767895;140 142 209 242,0 1 1 1,1 1 0 0,0 0 0 0,0.7949695924153677;140 142 209 242,0 0 0 0,0 0 1 0,0 0 0 0,0.5331333618046115;140 142 209 242,0 0 0 0,0 0 0 1,0 0 0 0,0.4912387996158025;140 142 209 242,0 0 0 0,1 0 0 0,0 0 0 0,0.37995838876140875;140 142 209 242,0 0 0 0,0 1 0 0,0 0 0 0,0.6383304936877405;
101 243,0 0,0 1,0 0,1.0;101 243,0 0,1 0,0 0,1.0;
243 244,0 0,1 0,0 0,1.0;243 244,0 0,0 1,0 0,1.0;
244,0,1,0,0.8896455699594701;
245 246,0 0,1 0,0 0,1.0;245 246,0 0,0 1,0 0,1.0;
245 247,0 0,1 0,0 0,1.0;245 247,0 0,0 1,0 0,1.0;
247,0,1,0,0.8630915648745618;
13 248,0 0,0 1,0 0,1.0;13 248,0 0,1 0,0 0,1.0;
248 249,0 0,1 0,0 0,1.0;248 249,0 0,0 1,0 0,1.0;
249,0,1,0,0.8971829297157854;
16 250,0 0,1 0,0 0,1.0;16 250,0 0,0 1,0 0,1.0;
250 251,0 0,1 0,0 0,1.0;250 251,0 0,0 1,0 0,1.0;
252 253,0 0,1 0,0 0,1.0;252 253,0 0,0 1,0 0,1.0;
252 254,0 0,1 0,0 0,1.0;252 254,0 0,0 1,0 0,1.0;
254,0,1,0,0.8644738583214525;
30 255,0 0,1 0,0 0,1.0;30 255,0 0,0 1,0 0,1.0;
255 256,0 0,0 1,0 0,1.0;255 256,0 0,1 0,0 0,1.0;
256,0,1,0,0.8891217478849093;
114 257,0 0,0 1,0 0,1.0;114 257,0 0,1 0,0 0,1.0;
257 258,0 0,1 0,0 0,1.0;257 258,0 0,0 1,0 0,1.0;
258,0,1,0,0.864347507720995;
110 259,0 0,0 1,0 0,1.0;110 259,0 0,1 0,0 0,1.0;
259 260,0 0,1 0,0 0,1.0;259 260,0 0,0 1,0 0,1.0;
260,0,1,0,0.8747792156239843;
52 261,0 0,1 0,0 0,1.0;52 261,0 0,0 1,0 0,1.0;
120 261,0 0,1 0,0 0,1.0;120 261,0 0,0 1,0 0,1.0;
121 262,0 0,1 0,0 0,1.0;121 262,0 0,0 1,0 0,1.0;
262 263,0 0,1 0,0 0,1.0;262 263,0 0,0 1,0 0,1.0;
263,0,1,0,0.8852405272531292;
217 264,0 0,0 1,0 0,1.0;217 264,0 0,1 0,0 0,1.0;
264 265,0 0,1 0,0 0,1.0;264 265,0 0,0 1,0 0,1.0;
265,0,1,0,0.8817363029624637;
41 266,0 0,1 0,0 0,1.0;41 266,0 0,0 1,0 0,1.0;
67 266,0 0,0 1,0 0,1.0;67 266,0 0,1 0,0 0,1.0;
44 201 251 253,0 1 2 3,1 1 1 1,0 0 0 0,0.9108545089672139;44 201 251 253,0 0 1 2,0 1 1 1,0 0 0 0,1.0;44 201 251 253,0 0 1 2,1 0 1 1,0 0 0 0,1.0;44 201 251 253,0 1 0 2,0 1 1 1,0 0 0 0,1.0;44 201 251 253,0 1 0 2,1 1 0 1,0 0 0 0,1.0;44 201 251 253,0 1 1 2,1 1 0 1,0 0 0 0,1.0;44 201 251 253,0 1 1 2,1 0 1 1,0 0 0 0,1.0;44 201 251 253,0 0 0 1,0 1 0 1,0 0 0 0,1.0;44 201 251 253,0 0 0 1,0 0 1 1,0 0 0 0,1.0;44 201 251 253,0 0 0 1,1 0 0 1,0 0 0 0,1.0;44 201 251 253,0 1 2 0,1 1 1 0,0 0 0 0,0.7120287494328869;44 201 251 253,0 1 2 0,0 1 1 1,0 0 0 0,0.7374480196212414;44 201 251 253,0 1 2 1,1 1 1 0,0 0 0 0,0.7661987622331443;44 201 251 253,0 1 2 1,1 0 1 1,0 0 0 0,0.852387377871446;44 201 251 253,0 1 2 2,1 1 1 0,0 0 0 0,0.6827193986229076;44 201 251 253,0 1 2 2,1 1 0 1,0 0 0 0,0.7547595835917666;44 201 251 253,0 0 1 0,0 1 1 0,0 0 0 0,0.6409725023184307;44 201 251 253,0 0 1 0,1 0 1 0,0 0 0 0,0.744387145708441;44 201 251 253,0 0 1 0,0 0 1 1,0 0 0 0,0.8088007738218206;44 201 251 253,0 0 1 1,0 1 1 0,0 0 0 0,0.2791221614808751;44 201 251 253,0 0 1 1,0 1 0 1,0 0 0 0,0.36790396125142333;44 201 251 253,0 0 1 1,1 0 1 0,0 0 0 0,0.3498069708288071;44 201 251 253,0 0 1 1,1 0 0 1,0 0 0 0,0.4385887705993552;44 201 251 253,0 1 0 0,0 1 1 0,0 0 0 0,0.6684691438861599;44 201 251 253,0 1 0 0,1 1 0 0,0 0 0 0,0.7679317729179722;44 201 251 253,0 1 0 0,0 1 0 1,0 0 0 0,0.7682697828203291;44 201 251 253,0 1 0 1,0 1 1 0,0 0 0 0,0.5348220553068402;44 201 251 253,0 1 0 1,0 0 1 1,0 0 0 0,0.635556658847374;44 201 251 253,0 1 0 1,1 1 0 0,0 0 0 0,0.5935540608847867;44 201 251 253,0 1 0 1,1 0 0 1,0 0 0 0,0.6942886644253206;44 201 251 253,0 1 1 0,1 1 0 0,0 0 0 0,0.44478210098588744;44 201 251 253,0 1 1 0,1 0 1 0,0 0 0 0,0.4567349047558731;44 201 251 253,0 1 1 0,0 1 0 1,0 0 0 0,0.4748318951784892;44 201 251 253,0 1 1 0,0 0 1 1,0 0 0 0,0.48678469894847487;44 201 251 253,0 1 1 1,1 1 0 0,0 0 0 0,0.6970777723230398;44 201 251 253,0 1 1 1,1 0 1 0,0 0 0 0,0.7484552778083655;44 201 251 253,0 1 1 1,1 0 0 1,0 0 0 0,0.8427792625052326;44 201 251 253,0 0 0 0,0 1 0 0,0 0 0 0,0.46739926678680666;44 201 251 253,0 0 0 0,0 0 1 0,0 0 0 0,0.46302560143925975;44 201 251 253,0 0 0 0,1 0 0 0,0 0 0 0,0.6226406130299966;44 201 251 253,0 0 0 0,0 0 0 1,0 0 0 0,0.6518126135837041;
7 267,0 0,0 1,0 0,1.0;7 267,0 0,1 0,0 0,1.0;
267 268,0 0,1 0,0 0,1.0;267 268,0 0,0 1,0 0,1.0;
36 38 246 268,0 1 2 3,1 1 1 1,0 0 0 0,0.915033800997205;36 38 246 268,0 0 1 2,1 0 1 1,0 0 0 0,1.0;36 38 246 268,0 0 1 2,0 1 1 1,0 0 0 0,1.0;36 38 246 268,0 1 0 2,1 1 0 1,0 0 0 0,0.7670891050636826;36 38 246 268,0 1 0 2,0 1 1 1,0 0 0 0,0.859303757443741;36 38 246 268,0 1 1 2,1 1 0 1,0 0 0 0,0.7365261873799874;36 38 246 268,0 1 1 2,1 0 1 1,0 0 0 0,0.7343538882232782;36 38 246 268,0 0 0 1,1 0 0 1,0 0 0 0,0.6275672575230796;36 38 246 268,0 0 0 1,0 1 0 1,0 0 0 0,0.7541351567298696;36 38 246 268,0 0 0 1,0 0 1 1,0 0 0 0,0.779743930006473;36 38 246 268,0 1 2 0,1 1 1 0,0 0 0 0,1.0;36 38 246 268,0 1 2 0,0 1 1 1,0 0 0 0,1.0;36 38 246 268,0 1 2 1,1 0 1 1,0 0 0 0,1.0;36 38 246 268,0 1 2 1,1 1 1 0,0 0 0 0,1.0;36 38 246 268,0 1 2 2,1 1 0 1,0 0 0 0,0.6920906768879602;36 38 246 268,0 1 2 2,1 1 1 0,0 0 0 0,0.7608047131743608;36 38 246 268,0 0 1 0,1 0 1 0,0 0 0 0,1.0;36 38 246 268,0 0 1 0,0 0 1 1,0 0 0 0,1.0;36 38 246 268,0 0 1 0,0 1 1 0,0 0 0 0,1.0;36 38 246 268,0 0 1 1,1 0 0 1,0 0 0 0,0.26022454011749485;36 38 246 268,0 0 1 1,1 0 1 0,0 0 0 0,0.34205706220275656;36 38 246 268,0 0 1 1,0 1 0 1,0 0 0 0,0.37588755862751244;36 38 246 268,0 0 1 1,0 1 1 0,0 0 0 0,0.45772008071277404;36 38 246 268,0 1 0 0,1 1 0 0,0 0 0 0,0.6891987741110014;36 38 246 268,0 1 0 0,0 1 0 1,0 0 0 0,0.7428170642510912;36 38 246 268,0 1 0 0,0 1 1 0,0 0 0 0,0.8422452563012026;36 38 246 268,0 1 0 1,1 0 0 1,0 0 0 0,0.48532648068983464;36 38 246 268,0 1 0 1,1 1 0 0,0 0 0 0,0.5733939359936677;36 38 246 268,0 1 0 1,0 0 1 1,0 0 0 0,0.5947545659812808;36 38 246 268,0 1 0 1,0 1 1 0,0 0 0 0,0.6828220212851138;36 38 246 268,0 1 1 0,1 1 0 0,0 0 0 0,0.5056095132289177;36 38 246 268,0 1 1 0,1 0 1 0,0 0 0 0,0.4993745800103464;36 38 246 268,0 1 1 0,0 1 0 1,0 0 0 0,0.5332050764351023;36 38 246 268,0 1 1 0,0 0 1 1,0 0 0 0,0.5269701432165309;36 38 246 268,0 1 1 1,1 0 0 1,0 0 0 0,0.6390909007838396;36 38 246 268,0 1 1 1,1 1 0 0,0 0 0 0,0.7709221617144185;36 38 246 268,0 1 1 1,1 0 1 0,0 0 0 0,0.7214131456175065;36 38 246 268,0 0 0 0,1 0 0 0,0 0 0 0,0.4103182607809467;36 38 246 268,0 0 0 0,0 0 0 1,0 0 0 0,0.45006941312205306;36 38 246 268,0 0 0 0,0 1 0 0,0 0 0 0,0.6027652714995826;36 38 246 268,0 0 0 0,0 0 1 0,0 0 0 0,0.595117641515454;
131 269,0 0,1 0,0 0,1.0;131 269,0 0,0 1,0 0,1.0;
218 269,0 0,1 0,0 0,1.0;218 269,0 0,0 1,0 0,1.0;
78 270,0 0,1 0,0 0,1.0;78 270,0 0,0 1,0 0,1.0;
31 270,0 0,0 1,0 0,1.0;31 270,0 0,1 0,0 0,1.0;
184 271,0 0,1 0,0 0,1.0;184 271,0 0,0 1,0 0,1.0;
231 271,0 0,0 1,0 0,1.0;231 271,0 0,1 0,0 0,1.0;
172 272,0 0,0 1,0 0,1.0;172 272,0 0,1 0,0 0,1.0;
272 273,0 0,1 0,0 0,1.0;272 273,0 0,0 1,0 0,1.0;
273,0,1,0,0.8754633125073332;
161 274,0 0,1 0,0 0,1.0;161 274,0 0,0 1,0 0,1.0;
274 275,0 0,1 0,0 0,1.0;274 275,0 0,0 1,0 0,1.0;
275,0,1,0,0.9017466701944088;
206 276,0 0,0 1,0 0,1.0;206 276,0 0,1 0,0 0,1.0;
276 277,0 0,1 0,0 0,1.0;276 277,0 0,0 1,0 0,1.0;
277,0,1,0,0.8884037256330023;
165 278,0 0,1 0,0 0,1.0;165 278,0 0,0 1,0 0,1.0;
278 279,0 0,1 0,0 0,1.0;278 279,0 0,0 1,0 0,1.0;
279,0,1,0,0.8917913397397468;
106 280,0 0,0 1,0 0,1.0;106 280,0 0,1 0,0 0,1.0;
280 281,0 0,1 0,0 0,1.0;280 281,0 0,0 1,0 0,1.0;
281,0,1,0,0.9255678868548891;
74 282,0 0,1 0,0 0,1.0;74 282,0 0,0 1,0 0,1.0;
27 282,0 0,0 1,0 0,1.0;27 282,0 0,1 0,0 0,1.0;
283 284 285,0 1 2,1 1 1,0 0 0,0.9361533124085815;283 284 285,0 0 1,1 0 1,0 0 0,0.7213755552457619;283 284 285,0 0 1,0 1 1,0 0 0,0.6344546808609062;283 284 285,0 1 0,1 1 0,0 0 0,0.7638432803221387;283 284 285,0 1 0,0 1 1,0 0 0,0.6454258779667601;283 284 285,0 1 1,1 1 0,0 0 0,0.6968307488761813;283 284 285,0 1 1,1 0 1,0 0 0,0.6653342209056585;283 284 285,0 0 0,1 0 0,0 0 0,0.6388711246428352;283 284 285,0 0 0,0 1 0,0 0 0,0.44177226370599376;283 284 285,0 0 0,0 0 1,0 0 0,0.41440342265094676;
283 286,0 0,1 0,0 0,1.0;283 286,0 0,0 1,0 0,1.0;
286 287,0 0,1 0,0 0,1.0;286 287,0 0,0 1,0 0,1.0;
288 289,0 0,1 0,0 0,1.0;288 289,0 0,0 1,0 0,1.0;
288 290,0 0,1 0,0 0,1.0;288 290,0 0,0 1,0 0,1.0;
290,0,1,0,0.8676130985771893;
213 215 287 289,0 1 2 3,1 1 1 1,0 0 0 0,0.913541897250097;213 215 287 289,0 0 1 2,1 0 1 1,0 0 0 0,1.0;213 215 287 289,0 0 1 2,0 1 1 1,0 0 0 0,1.0;213 215 287 289,0 1 0 2,1 1 0 1,0 0 0 0,1.0;213 215 287 289,0 1 0 2,0 1 1 1,0 0 0 0,1.0;213 215 287 289,0 1 1 2,1 0 1 1,0 0 0 0,1.0;213 215 287 289,0 1 1 2,1 1 0 1,0 0 0 0,1.0;213 215 287 289,0 0 0 1,0 0 1 1,0 0 0 0,1.0;213 215 287 289,0 0 0 1,1 0 0 1,0 0 0 0,1.0;213 215 287 289,0 0 0 1,0 1 0 1,0 0 0 0,1.0;213 215 287 289,0 1 2 0,0 1 1 1,0 0 0 0,0.8070629466912018;213 215 287 289,0 1 2 0,1 1 1 0,0 0 0 0,0.7104312295201267;213 215 287 289,0 1 2 1,1 0 1 1,0 0 0 0,0.7688455098877296;213 215 287 289,0 1 2 1,1 1 1 0,0 0 0 0,0.7607351680748986;213 215 287 289,0 1 2 2,1 1 0 1,0 0 0 0,0.7952649326084644;213 215 287 289,0 1 2 2,1 1 1 0,0 0 0 0,0.6755274823805475;213 215 287 289,0 0 1 0,0 0 1 1,0 0 0 0,0.7693559172665224;213 215 287 289,0 0 1 0,1 0 1 0,0 0 0 0,0.6527314641619733;213 215 287 289,0 0 1 0,0 1 1 0,0 0 0 0,0.7447489549571333;213 215 287 289,0 0 1 1,1 0 0 1,0 0 0 0,0.3773281519798277;213 215 287 289,0 0 1 1,1 0 1 0,0 0 0 0,0.22478446047376655;213 215 287 289,0 0 1 1,0 1 0 1,0 0 0 0,0.4903650928866865;213 215 287 289,0 0 1 1,0 1 1 0,0 0 0 0,0.3378214013806251;213 215 287 289,0 1 0 0,0 1 0 1,0 0 0 0,0.8710647883829065;213 215 287 289,0 1 0 0,1 1 0 0,0 0 0 0,0.7652403997276176;213 215 287 289,0 1 0 0,0 1 1 0,0 0 0 0,0.7223386344221039;213 215 287 289,0 1 0 1,1 0 0 1,0 0 0 0,0.6432799056885592;213 215 287 289,0 1 0 1,1 1 0 0,0 0 0 0,0.6327502300616363;213 215 287 289,0 1 0 1,0 0 1 1,0 0 0 0,0.6143028307162796;213 215 287 289,0 1 0 1,0 1 1 0,0 0 0 0,0.6037731550893566;213 215 287 289,0 1 1 0,0 0 1 1,0 0 0 0,0.43432657049661294;213 215 287 289,0 1 1 0,0 1 0 1,0 0 0 0,0.5763405863757511;213 215 287 289,0 1 1 0,1 0 1 0,0 0 0 0,0.3107599539628313;213 215 287 289,0 1 1 0,1 1 0 0,0 0 0 0,0.4527739698419696;213 215 287 289,0 1 1 1,1 0 0 1,0 0 0 0,0.749409371427012;213 215 287 289,0 1 1 1,1 0 1 0,0 0 0 0,0.6527314641619733;213 215 287 289,0 1 1 1,1 1 0 0,0 0 0 0,0.7718252400106;213 215 287 289,0 0 0 0,0 0 0 1,0 0 0 0,0.6611690577636331;213 215 287 289,0 0 0 0,0 0 1 0,0 0 0 0,0.47805540973017435;213 215 287 289,0 0 0 0,1 0 0 0,0 0 0 0,0.5108384780433839;213 215 287 289,0 0 0 0,0 1 0 0,0 0 0 0,0.623576525710422;
117 291,0 0,0 1,0 0,1.0;117 291,0 0,1 0,0 0,1.0;
48 291,0 0,1 0,0 0,1.0;48 291,0 0,0 1,0 0,1.0;
96 292,0 0,1 0,0 0,1.0;96 292,0 0,0 1,0 0,1.0;
292 293,0 0,1 0,0 0,1.0;292 293,0 0,0 1,0 0,1.0;
293,0,1,0,0.8977176567672313;
284 294,0 0,1 0,0 0,1.0;284 294,0 0,0 1,0 0,1.0;
123 294,0 0,1 0,0 0,1.0;123 294,0 0,0 1,0 0,1.0;
89 97,0 0,1 0,0 0,1.0;89 97,0 0,0 1,0 0,1.0;
295,0,1,0,0.905906741691308;
151 296,0 0,0 1,0 0,1.0;151 296,0 0,1 0,0 0,1.0;
296 297,0 0,1 0,0 0,1.0;296 297,0 0,0 1,0 0,1.0;
297,0,1,0,0.8985756840775718;
227 298,0 0,0 1,0 0,1.0;227 298,0 0,1 0,0 0,1.0;
298,0,1,0,0.931625542532775;
232 299,0 0,1 0,0 0,1.0;232 299,0 0,0 1,0 0,1.0;
299 300,0 0,1 0,0 0,1.0;299 300,0 0,0 1,0 0,1.0;
300,0,1,0,0.908996409870255;
14 17,0 0,0 1,0 0,1.0;14 17,0 0,1 0,0 0,1.0;
18 68,0 0,1 0,0 0,1.0;18 68,0 0,0 1,0 0,1.0;
32 63,0 0,1 0,0 0,1.0;32 63,0 0,0 1,0 0,1.0;
49 53,0 0,1 0,0 0,1.0;49 53,0 0,0 1,0 0,1.0;
50 79,0 0,1 0,0 0,1.0;50 79,0 0,0 1,0 0,1.0;
57 81,0 0,0 1,0 0,1.0;57 81,0 0,1 0,0 0,1.0;
82 285,0 0,1 0,0 0,1.0;82 285,0 0,0 1,0 0,1.0;
122 124,0 0,1 0,0 0,1.0;122 124,0 0,0 1,0 0,1.0;
125 128,0 0,0 1,0 0,1.0;125 128,0 0,1 0,0 0,1.0;
126 295,0 0,1 0,0 0,1.0;126 295,0 0,0 1,0 0,1.0;
129 132,0 0,1 0,0 0,1.0;129 132,0 0,0 1,0 0,1.0;
156 237,0 0,1 0,0 0,1.0;156 237,0 0,0 1,0 0,1.0;
164 166,0 0,1 0,0 0,1.0;164 166,0 0,0 1,0 0,1.0;
167 169,0 0,0 1,0 0,1.0;167 169,0 0,1 0,0 0,1.0;
170 173,0 0,1 0,0 0,1.0;170 173,0 0,0 1,0 0,1.0;
188 238,0 0,1 0,0 0,1.0;188 238,0 0,0 1,0 0,1.0;
