0
5
6
7
9
10
11
45
46
47
68
69
70
113
114
115
120
121
122
148
149
165
166
167
170
171
172
191
192
193
204
205
206
207
208
210
211
212
229
230
231
232
233
246
247
248
255
256
257
269
270
271
291
292
293
299
300
314
315
316
342
343
344
347
348
349
350
351
352
353
354
355
356
357
358
361
362
363
364
365
398
399
400
413
414
415
417
418
419
420
428
429
430
473
474
475
480
481
482
492
493
494
495
496
504
505
531
532
547
548
549
555
556
557
558
589
590
591
596
597
598
609
610
611
612
613
624
625
626
633
634
635
643
644
645
646
647
648
649
650
677
678
679
691
692
693
694
695
696
787
788
789
796
797
798
812
813
814
816
817
818
821
822
823
828
829
841
842
843
859
860
861
863
864
865
881
882
883
896
897
898
903
904
905
928
929
931
932
933
950
951
952
985
986
987
1002
1003
1004
1028
1029
1030
1063
1064
1065
1066
1098
1099
1100
1107
1108
1109
1110
1111
1112
1113
1125
1126
1127
1153
1154
1155
1159
1160
1161
1170
1171
1172
1177
1178
1179
1197
1198
1199
1206
1207
1208
1214
1215
1216
1255
1256
1257
1275
1276
1277
1279
1280
1282
1283
1284
1289
1290
1291
1292
1293
1294
1295
1296
1302
1303
1304
1322
1323
1337
1338
1339
1345
1346
1347
1348
1349
1350
1353
1354
1355
1357
1358
1359
1371
1372
1373
1376
1377
1378
1388
1389
1390
1404
1405
1406
1411
1412
1413
1433
1434
1435
1455
1456
1457
1463
1464
1465
1475
1476
1477
1486
1487
1488
1494
1495
1496
1498
1499
1500
1509
1510
1511
1513
1514
1515
1519
1520
1521
1542
1543
1544
1545
1546
1551
1552
1553
1555
1556
1557
1564
1565
1566
1567
1568
1597
1598
1599
1601
1602
1603
1616
1617
1618
1621
1622
1628
1629
1658
1659
1660
1661
1662
1663
1702
1703
1713
1714
1715
1736
1737
1738
1746
1747
1748
1755
1756
1757
1782
1783
1784
1790
1791
1792
1802
1803
1804
1811
1812
1813
1815
1816
1817
1838
1839
1840
1858
1859
1860
1883
1884
1885
1904
1905
1906
1916
1917
1918
1919
1920
1921
1929
1930
1931
1952
1953
1954
1955
1956
1975
1976
1977
1983
1984
1985
1995
1996
1997
1998
2017
2018
2021
2022
2023
2026
2027
2028
2034
2035
2036
2043
2044
2045
2046
2047
2081
2082
2083
2116
2117
2118
2130
2131
2132
2145
2146
2147
2165
2166
2184
2185
2186
2223
2224
2225
2245
2246
2262
2263
2264
2266
2267
2268
2273
2274
2275
2286
2287
2288
2326
2327
2328
2344
2345
2346
2366
2367
2386
2387
2388
2410
2411
2412
2413
2414
2422
2423
2424
2430
2431
2432
2435
2444
2445
2446
2452
2453
2454
2463
2464
2465
2476
2477
2478
2504
2505
2506
2507
2519
2520
2544
2545
2546
2556
2557
2583
2584
2607
2608
2609
2614
2615
2620
2629
2630
2631
2654
2655
2657
2658
2659
2660
2663
2664
2665
2669
2670
2671
2673
2674
2675
2688
2689
2690
2693
2694
2707
2708
2709
2725
2726
2731
2732
2733
2734
2762
2763
2764
2765
2777
2778
2779
2800
2801
2802
2803
2827
2828
2852
2853
2854
2860
2861
2862
2863
2864
2865
2872
2873
2900
2906
2907
2908
2935
2936
2937
2938
2939
2940
2946
2947
2948
2952
2953
2971
2972
2973
2974
2976
2977
2978
2979
2980
2984
2985
2986
3026
3027
3051
3052
3053
3066
3067
3077
3078
3079
3080
3085
3086
3127
3128
3129
3131
3132
3133
3149
3150
3151
3152
3166
3167
3168
3177
3178
3179
3189
3190
3201
3202
3203
3210
3211
3212
3213
3216
3217
3218
3241
3242
3263
3264
3265
3286
3309
3310
3311
3312
3319
3320
3321
3338
3352
3353
3354
3358
3359
3378
3379
3386
3387
3388
3395
3396
3397
3398
3399
3400
3401
3419
3420
3421
3425
3426
3428
3466
3467
3468
3488
3489
3490
3500
3501
3505
3506
3507
3521
3522
3523
3542
3543
3544
3545
3553
3554
3555
3556
3575
3576
3626
3627
3656
3657
3658
3676
3677
3678
3687
3688
3703
3704
3705
3707
3708
3709
3713
3714
3715
3728
3729
3737
3738
3739
3744
3745
3746
3758
3759
3760
3764
3765
3766
3790
3791
3792
3807
3808
3809
3813
3814
3830
3831
3832
3841
3842
3843
3846
3847
3848
3863
3864
3865
3873
3874
3886
3887
3888
3893
3901
3902
3903
3907
3908
3918
3919
3920
3936
3937
3938
3939
3951
3952
3953
3981
3982
3983
3984
3985
3986
3987
3989
3990
3991
4021
4022
4023
4054
4055
4056
4064
4068
4069
4081
4082
4083
4084
4090
4091
4092
4098
4099
4100
4101
4102
4103
4112
4113
4114
4115
4116
4117
4118
4139
4150
4151
4172
4173
4174
4203
4204
4205
4215
4216
4217
4220
4221
4222
4234
4235
4237
4238
4239
4241
4242
4247
4248
4249
4257
4258
4259
4262
4263
4264
4269
4270
4271
4282
4283
4332
4333
4334
4335
4350
4351
4352
4367
4368
4382
4383
4391
4395
4396
4397
4400
4401
4402
4403
4407
4408
4409
4417
4418
4449
4452
4453
4454
4460
4461
4462
4473
4474
4475
4479
4480
4481
4484
4485
4486
4495
4496
4497
4528
4534
4535
4536
4558
4559
4560
4566
4572
4573
4574
4605
4606
4616
4617
4618
4622
4623
4624
4628
4629
4638
4639
4640
4656
4657
4663
4664
4693
4694
4695
4702
4703
4725
4726
4727
4728
4743
4744
4754
4755
4756
4761
4762
4791
4794
4795
4796
4813
4814
4828
4829
4830
4849
4850
4851
4855
4856
4857
4861
4862
4863
4885
4886
4887
4889
4890
4891
4892
4893
4908
4909
4910
4911
4913
4914
4915
4937
4938
4939
4940
4941
4956
4957
4969
4970
4972
4973
4974
4975
4978
4979
4980
4989
4990
4991
4995
4996
4997
5017
5018
5019
5025
5026
5027
5034
5035
5036
5037
5056
5064
5065
5071
5072
5073
5081
5082
5083
5085
5086
5087
5093
5094
5095
5101
5102
5103
5104
5105
5114
5115
5116
5117
5118
5119
5120
5127
5138
5139
5140
5147
5148
5158
5169
5170
5171
5210
5215
5216
5221
5222
5223
5224
5225
5230
5231
5232
5233
5243
5244
5245
5252
5253
5254
5255
5256
5257
5258
5259
5268
5274
5275
5281
5282
5283
5284
5286
5287
5288
5289
5290
5291
5292
5293
5294
5302
5303
5311
5312
5313
5314
5315
5316
5317
5318
5319
5323
5324
5325
5328
5329
5330
5342
5343
5344
5355
5356
5357
5358
5359
5360
5361
5366
5367
5369
5370
5373
5374
5375
5379
5386
5387
5392
5393
5394
5397
5398
5399
5408
5409
5410
5414
5415
5416
5417
5420
5421
5425
5426
5427
5428
5429
5441
5442
5443
5444
5445
5446
5447
5448
5449
5450
5451
5452
5453
5454
5470
5471
5472
5477
5478
5479
5481
5482
5483
5484
5485
5486
5487
5488
5501
5502
5505
5506
5529
5530
5542
5546
5547
5548
5549
5556
5557
5558
5563
5564
5565
5566
5567
5568
5569
5575
5576
5577
5579
5580
5581
5583
5584
5585
5590
5591
5592
5598
5599
5600
5608
5609
5610
5611
5613
5614
5615
5619
5620
5621
5625
5626
5627
5629
5630
5631
5633
5634
5635
5637
5638
5639
5647
5648
5649
5654
5655
5656
5658
5659
5660
5662
5663
5664
5667
5668
5669
5670
5671
5675
5676
5677
5681
5682
5683
5688
5689
5690
5693
5694
5695
5701
5702
5703
5705
5706
5707
5711
5712
5713
5718
5719
5720
5725
5726
5727
5740
5741
5746
5747
5748
5749
5750
5751
5753
5754
5755
5758
5759
5760
5765
5766
5773
5774
5775
5776
5782
5783
5784
5785
5786
5787
5788
5789
5790
5791
5792
5793
5794
5795
5796
5797
5798
5799
5800
5801
5802
5807
5808
5809
5810
5811
5813
5814
5815
5817
5818
5819
5822
5823
5824
5825
5826
5827
5829
5830
5831
5832
5836
5837
5838
5842
5843
5845
5846
5847
5848
5849
5850
5857
5858
5859
5860
5861
5862
5864
5865
5866
5867
5868
5869
5870
5871
5872
5873
5875
5876
5877
5880
5881
5882
5883
5886
5887
5888
5893
5894
5895
5896
5897
5898
5899
5905
5906
5907
5909
5910
5913
5914
5915
5916
5917
5918
5919
5920
5921
5923
5924
5925
5926
5927
5928
5932
5933
5936
5937
5938
5940
5941
5942
5943
5944
5945
5948
5949
5950
5955
5956
5957
5962
5963
5964
5965
5966
5970
5971
5972
5980
5981
5982
5985
5986
5987
5990
5991
5995
5996
5997
6000
6001
6002
6005
6006
6007
6019
6020
6021
6030
6031
6035
6036
6037
6044
6045
6046
6050
6051
6052
6053
6062
6063
6064
6066
6067
6068
6072
6073
6083
6084
6085
6092
6093
6094
6101
6102
6107
6108
6109
6120
6121
6122
6123
6124
6126
6127
6128
6129
6130
6131
6132
6137
6138
6139
6140
6141
6142
6144
6145
6146
6149
6150
6151
6158
6159
6160
6166
6167
6168
6174
6175
6176
6177
6178
6182
6183
6184
6191
6192
6193
6206
6207
6208
6209
6213
6214
6215
6219
6220
6221
6222
6223
6224
6232
6233
6236
6237
6238
6244
6245
6246
6252
6253
6254
6256
6257
6258
6263
6264
6265
6268
6269
6270
6273
6274
6275
6278
6279
6280
6282
6283
6284
6289
6290
6291
6293
6294
6295
6300
6301
6302
6303
6304
6305
6310
6311
6312
6313
6318
6319
6320
6326
6327
6328
6338
6339
6340
6345
6346
6347
6352
6353
6354
6359
6360
6361
6364
6365
6366
6367
6373
6374
6375
6380
6381
6382
6392
6393
6394
6399
6400
6401
6406
6407
6408
6409
6412
6413
6414
6417
6418
6419
6420
6421
6422
6423
6424
6427
6428
6433
6434
6435
6440
6441
6442
6443
6444
6445
6452
6453
6454
6457
6458
6459
6464
6465
6466
6468
6470
6471
6472
6474
6475
6476
6479
6480
6481
6482
6483
6484
6485
6486
6487
6488
6490
6491
6492
6495
6496
6497
6501
6502
6505
6506
6508
6509
6510
6512
6513
6514
6515
6516
6519
6520
6521
6524
6525
6526
6528
6529
6540
6541
6542
6543
6547
6548
6551
6552
6553
6554
6558
6559
6565
6566
6568
6569
6570
6573
6574
6575
6579
6580
6581
6584
6585
6586
6590
6591
6592
6598
6599
6600
6603
6604
6605
6612
6613
6614
6619
6620
6622
6623
6624
6625
6626
6627
6628
6629
6630
6634
6635
6636
6637
6638
6639
6641
6642
6645
6646
6647
6649
6650
6651
6653
6654
6655
6656
6657
6659
6660
6661
6662
6665
6666
6667
6668
6673
6674
6681
6682
6687
6688
6689
6693
6694
6695
6698
6699
6702
6703
6704
6712
6713
6716
6717
6718
6719
6720
6721
6722
6723
6724
6725
6726
6727
6728
6729
6730
6731
6732
6733
6734
6735
6736
6737
6738
6739
6740
6741
6742
6743
6744
6745
6746
6747
6748
6749
6750
6751
6752
6753
