0
15
16
17
28
29
30
34
35
40
41
42
43
44
49
50
51
59
60
61
66
67
68
73
74
75
76
80
81
82
139
140
141
143
144
145
182
183
184
210
211
220
221
222
253
254
255
273
274
279
280
281
304
305
306
308
309
310
325
326
329
330
331
344
345
346
347
370
371
372
377
378
379
387
388
389
391
392
394
395
396
400
401
402
403
404
405
413
414
415
416
417
418
429
430
431
435
436
463
464
465
468
469
473
474
475
477
478
479
496
497
504
505
506
507
508
509
510
511
512
513
518
519
520
523
524
525
530
531
536
542
543
544
545
546
547
548
549
559
560
561
565
566
567
572
573
574
575
576
580
581
582
583
593
594
595
596
619
620
621
623
624
625
630
631
632
633
634
635
654
655
656
664
665
666
676
677
678
679
680
681
685
686
688
689
690
694
695
696
701
702
703
709
710
711
724
725
727
728
729
731
732
733
734
735
736
737
739
740
741
751
752
753
757
758
759
760
761
762
763
769
770
771
772
773
774
779
780
781
789
790
791
800
801
806
807
808
809
810
811
812
813
816
817
818
825
826
827
831
835
836
840
841
849
850
851
857
858
859
860
861
869
870
891
901
902
903
917
918
919
931
932
933
1029
1030
1031
1032
1033
1037
1049
1050
1051
1057
1058
1059
1066
1067
1082
1083
1087
1088
1089
1095
1096
1097
1098
1099
1112
1113
1114
1140
1141
1142
1152
1153
1154
1161
1162
1163
1165
1166
1167
1170
1171
1192
1193
1194
1218
1219
1223
1224
1225
1298
1299
1309
1310
1311
1316
1317
1318
1323
1324
1327
1328
1329
1330
1331
1333
1334
1335
1358
1359
1368
1369
1370
1373
1377
1378
1379
1393
1394
1395
1439
1440
1441
1479
1480
1481
1488
1489
1490
1491
1496
1497
1509
1510
1511
1529
1530
1531
1532
1533
1534
1535
1536
1537
1538
1539
1565
1566
1567
1568
1569
1585
1586
1599
1600
1601
1672
1673
1674
1675
1676
1677
1685
1686
1687
1698
1699
1700
1705
1706
1707
1708
1709
1718
1719
1735
1736
1737
1749
1750
1751
1786
1787
1788
1822
1823
1824
1825
1834
1835
1836
1837
1838
1839
1840
1845
1846
1848
1849
1854
1855
1856
1860
1861
1871
1872
1873
1905
1906
1954
1955
1956
1957
1958
1961
1962
1963
1967
1968
1972
1973
1974
1982
1984
1985
1986
1988
1989
1990
1994
1995
1996
1997
1998
2012
2018
2019
2020
2021
2022
2023
2024
2036
2037
2038
2042
2043
2044
2059
2060
2061
2067
2075
2076
2077
2078
2082
2083
2096
2097
2098
2107
2108
2112
2113
2114
2115
2116
2119
2120
2121
2122
2154
2155
2156
2172
2173
2174
2183
2184
2185
2257
2258
2263
2264
2265
2276
2277
2278
2311
2312
2321
2322
2359
2360
2361
2363
2364
2365
2393
2399
2400
2401
2462
2463
2464
2493
2494
2495
2496
2497
2498
2507
2508
2514
2515
2516
2523
2524
2525
2532
2533
2537
2538
2539
2548
2549
2550
2552
2553
2554
2566
2567
2568
2580
2581
2603
2614
2615
2616
2654
2655
2710
2711
2712
2733
2734
2735
2777
2778
2779
2787
2788
2789
2793
2794
2795
2796
2797
2798
2806
2807
2808
2823
2824
2825
2827
2828
2846
2847
2854
2855
2856
2906
2907
2908
2916
2917
2918
2921
2922
2923
2929
2930
2934
2935
2936
2959
2960
2974
2975
2976
2978
2979
3027
3028
3029
3030
3035
3036
3037
3038
3039
3047
3048
3049
3050
3051
3060
3061
3062
3063
3064
3070
3071
3082
3083
3084
3085
3086
3093
3094
3133
3134
3135
3144
3145
3146
3151
3152
3167
3168
3169
3217
3218
3219
3221
3222
3223
3224
3271
3272
3273
3280
3281
3282
3294
3295
3307
3308
3315
3316
3331
3332
3333
3335
3336
3337
3387
3388
3389
3393
3394
3395
3410
3411
3412
3413
3428
3429
3439
3440
3441
3447
3455
3456
3491
3492
3493
3518
3519
3520
3526
3527
3545
3546
3547
3557
3558
3559
3560
3571
3572
3573
3576
3637
3638
3639
3658
3659
3663
3686
3687
3688
3707
3708
3713
3714
3715
3722
3723
3737
3738
3739
3749
3750
3751
3752
3755
3756
3789
3790
3791
3794
3795
3813
3814
3815
3831
3832
3840
3841
3842
3844
3845
3846
3857
3862
3863
3864
3872
3873
3874
3883
3884
3898
3899
3900
3904
3905
3906
3907
3908
3910
3911
3912
3922
3923
3924
3925
3926
3927
3938
3939
3940
3941
3942
3949
3950
3956
3957
3958
3959
3963
3982
3983
3988
3989
3990
3998
3999
4000
4021
4022
4023
4029
4030
4038
4039
4091
4092
4098
4099
4100
4108
4109
4110
4127
4128
4142
4143
4144
4151
4152
4153
4158
4159
4189
4190
4191
4200
4201
4202
4257
4258
4259
4260
4261
4267
4268
4269
4276
4277
4278
4288
4289
4290
4306
4307
4308
4314
4315
4334
4335
4336
4346
4359
4360
4369
4370
4371
4372
4373
4374
4376
4377
4387
4388
4391
4392
4393
4413
4417
4418
4426
4427
4488
4489
4490
4502
4503
4504
4513
4514
4515
4563
4564
4565
4576
4577
4578
4593
4594
4595
4622
4623
4624
4627
4628
4629
4630
4634
4635
4636
4642
4643
4647
4648
4649
4650
4651
4652
4653
4658
4659
4660
4661
4662
4666
4667
4668
4689
4690
4698
4699
4700
4705
4706
4707
4736
4737
4747
4748
4749
4750
4754
4755
4756
4758
4766
4767
4768
4774
4775
4784
4785
4786
4787
4788
4793
4794
4798
4799
4800
4807
4808
4809
4832
4833
4843
4844
4845
4846
4847
4848
4849
4857
4858
4875
4876
4877
4879
4880
4892
4893
4894
4933
4934
4948
4996
4997
4998
5000
5001
5012
5013
5016
5017
5018
5019
5026
5027
5028
5029
5060
5061
5062
5063
5067
5068
5069
5070
5078
5079
5085
5086
5092
5093
5096
5097
5098
5108
5109
5116
5117
5118
5119
5120
5124
5125
5126
5128
5131
5132
5133
5134
5135
5136
5137
5138
5140
5141
5145
5146
5147
5150
5151
5156
5157
5158
5159
5160
5161
5164
5165
5166
5169
5174
5177
5178
5179
5180
5189
5190
5191
5215
5216
5224
5225
5226
5239
5240
5241
5242
5246
5247
5248
5254
5255
5256
5257
5258
5261
5262
5263
5264
5318
5319
5320
5347
5348
5349
5354
5355
5356
5357
5358
5359
5360
5365
5366
5367
5370
5372
5373
5374
5377
5378
5379
5387
5388
5389
5390
5401
5402
5403
5419
5420
5421
5422
5423
5435
5436
5437
5438
5439
5440
5441
5446
5447
5448
5451
5452
5456
5457
5458
5459
5465
5466
5467
5468
5469
5471
5472
5473
5474
5480
5481
5493
5494
5495
5499
5500
5507
5513
5514
5515
5523
5524
5550
5551
5552
5558
5559
5560
5561
5565
5566
5597
5598
5599
5621
5622
5623
5624
5625
5631
5632
5633
5637
5638
5639
5641
5642
5643
5644
5646
5647
5648
5649
5650
5651
5656
5657
5658
5662
5663
5664
5665
5670
5671
5672
5673
5674
5677
5678
5679
5680
5681
5682
5683
5693
5694
5695
5713
5714
5717
5718
5719
5726
5727
5728
5739
5742
5743
5749
5750
5751
5752
5753
5754
5755
5756
5763
5764
5765
5775
5776
5777
5790
5791
5792
5796
5797
5798
5799
5800
5810
5811
5812
5817
5818
5819
5824
5825
5826
5850
5851
5852
5856
5857
5858
5859
5860
5861
5863
5864
5865
5872
5873
5874
5875
5876
5877
5883
5884
5886
5887
5888
5890
5891
5892
5895
5896
5897
5900
5901
5902
5909
5910
5911
5915
5916
5917
5922
5923
5924
5925
5926
5927
5928
5930
5931
5932
5933
5934
5935
5936
5937
5938
5939
5940
5941
5943
5944
5946
5947
5953
5954
5955
5968
5969
5970
5973
5974
5975
5978
5979
5980
5984
5985
5988
5989
5990
6003
6004
6005
6011
6012
6013
6018
6019
6020
6022
6023
6024
6026
6027
6028
6029
6030
6031
6032
6033
6040
6041
6042
6047
6048
6049
6051
6052
6053
6054
6055
6056
6057
6058
6060
6061
6062
6064
6065
6066
6067
6076
6077
6078
6079
6080
6082
6083
6084
6086
6087
6088
6092
6093
6094
6100
6101
6102
6103
6104
6105
6106
6107
6112
6113
6114
6121
6122
6125
6126
6127
6132
6133
6134
6141
6142
6143
6146
6147
6148
6162
6163
6164
6165
6174
6175
6176
6179
6180
6183
6184
6185
6186
6189
6190
6191
6197
6198
6199
6201
6202
6203
6208
6209
6210
6214
6215
6216
6217
6218
6219
6221
6222
6223
6228
6229
6230
6234
6235
6236
6240
6241
6242
6256
6257
6258
6261
6262
6263
6270
6271
6272
6285
6286
6287
6288
6289
6290
6291
6292
6293
6300
6301
6305
6306
6307
6313
6314
6315
6319
6320
6321
6333
6334
6335
6344
6345
6346
6360
6361
6362
6363
6365
6366
6367
6368
6369
6372
6373
6374
6386
6387
6397
6398
6399
6400
6401
6402
6403
6415
6416
6417
6424
6425
6426
6445
6446
6447
6453
6454
6455
6460
6461
6471
6472
6473
6479
6480
6481
6482
6483
6484
6485
6486
6487
6510
6511
6512
6517
6518
6519
6522
6523
6524
6525
6529
6530
6534
6535
6538
6539
6545
6546
6547
6548
6549
6550
6551
6552
6553
6555
6556
6557
6558
6559
6560
6561
6562
6564
6565
6566
6572
6573
6574
6575
6576
6577
6583
6584
6585
6586
6591
6592
6595
6596
6597
6604
6605
6611
6612
6620
6621
6622
6630
6631
6634
6635
6636
6637
6638
6639
6640
6641
6642
6643
6644
6648
6659
6660
6663
6664
6665
6673
6674
6675
6676
6677
6685
6686
6687
6701
6702
6703
6708
6709
6710
6714
6715
6718
6719
6744
6745
6746
6750
6751
6752
6778
6779
6780
6781
6782
6787
6788
6789
6795
6796
6797
6801
6802
6803
6804
6805
6806
6807
6813
6814
6815
6818
6819
6825
6826
6827
6828
6829
6830
6831
6834
6835
6836
6841
6842
6843
6844
6845
6846
6847
6848
6849
6850
6851
6853
6854
6855
6856
6857
6858
6859
6860
6863
6864
6865
6867
6868
6869
6873
6874
6875
6876
6877
6878
6880
6881
6882
6886
6887
6888
6890
6891
6896
6897
6900
6901
6902
6904
6905
6906
6908
6909
6910
6913
6914
6915
6922
6923
6924
6925
6928
6929
6933
6934
6935
6936
6937
6938
6939
6941
6942
6943
6947
6948
6949
6954
6955
6956
6962
6963
6964
6968
6969
6971
6972
6973
6974
6975
6976
6977
6978
6979
6982
6983
6984
6988
6991
6993
6994
6995
6996
7000
7001
7002
7006
7007
7008
7011
7012
7019
7020
7021
7022
7023
7024
7032
7033
7034
7035
7036
7039
7040
7041
7042
7043
7044
7045
7046
7047
7049
7050
7051
7052
7053
7054
7055
7056
7057
7058
7059
7060
7061
7062
7063
7064
7065
7066
7067
7068
7069
7070
7071
7072
7073
7074
7075
7076
7077
7078
7079
7080
7081
7082
7083
7084
7085
7086
7087
7088
7089
7090
7091
7092
7093
7094
7095
7096
7097
7098
7099
7100
7101
7102
