0
1
8
9
10
16
17
18
20
21
37
38
39
42
43
61
62
63
68
69
70
81
82
83
90
91
92
93
94
111
112
113
114
124
125
163
164
165
172
173
174
176
177
178
192
193
194
206
207
208
231
232
233
252
253
254
293
294
295
308
309
310
311
328
329
330
338
339
340
356
357
358
383
384
406
407
408
424
425
426
427
428
429
430
431
432
433
434
435
436
437
455
456
457
487
488
489
496
497
498
507
508
509
512
513
530
531
532
552
553
554
580
581
582
606
607
619
620
621
628
629
630
638
639
651
652
673
674
675
676
677
687
688
689
699
700
709
710
711
715
716
725
726
727
732
733
753
754
755
767
768
769
788
789
790
791
792
793
794
803
804
805
825
826
827
828
829
833
834
835
851
852
853
856
857
858
881
882
883
884
885
895
896
907
908
918
919
920
925
926
927
933
934
935
936
937
938
946
947
968
969
970
1011
1012
1014
1015
1016
1022
1023
1038
1039
1047
1048
1049
1053
1054
1055
1077
1078
1079
1080
1081
1088
1089
1090
1097
1098
1099
1134
1135
1136
1137
1138
1152
1153
1154
1184
1185
1186
1190
1191
1192
1194
1195
1196
1211
1212
1213
1215
1216
1217
1226
1227
1228
1238
1239
1240
1252
1253
1254
1261
1262
1263
1273
1274
1275
1298
1299
1305
1306
1307
1308
1309
1310
1314
1315
1316
1317
1318
1321
1322
1323
1332
1333
1334
1337
1338
1339
1360
1361
1362
1367
1368
1369
1402
1403
1404
1406
1407
1408
1423
1424
1425
1429
1430
1431
1443
1444
1445
1455
1456
1457
1469
1470
1471
1472
1484
1485
1486
1490
1491
1492
1496
1497
1498
1501
1502
1503
1526
1527
1560
1561
1595
1596
1597
1603
1604
1605
1606
1607
1608
1615
1616
1617
1623
1624
1625
1644
1645
1648
1649
1650
1660
1661
1662
1669
1670
1671
1675
1676
1677
1680
1681
1699
1700
1701
1705
1706
1707
1720
1721
1722
1727
1728
1739
1740
1741
1742
1749
1750
1751
1767
1768
1784
1785
1786
1797
1798
1799
1807
1808
1809
1819
1820
1821
1836
1838
1839
1840
1841
1842
1843
1854
1855
1856
1890
1891
1892
1896
1899
1900
1901
1910
1911
1912
1921
1925
1926
1927
1935
1936
1937
1940
1941
1942
1946
1947
1948
1965
1966
1967
2001
2002
2003
2007
2008
2009
2020
2021
2022
2059
2067
2068
2069
2086
2087
2088
2089
2090
2091
2093
2094
2109
2110
2111
2135
2136
2158
2159
2160
2161
2162
2164
2165
2183
2184
2206
2207
2209
2210
2247
2248
2258
2259
2260
2266
2267
2277
2308
2309
2310
2322
2323
2324
2325
2366
2382
2383
2384
2385
2386
2397
2410
2411
2412
2414
2415
2420
2421
2422
2437
2444
2445
2446
2463
2464
2465
2477
2478
2481
2482
2483
2496
2497
2498
2526
2527
2528
2529
2537
2538
2539
2552
2553
2554
2577
2578
2586
2587
2588
2597
2598
2599
2624
2625
2631
2632
2633
2649
2650
2651
2657
2658
2659
2669
2670
2671
2687
2688
2689
2690
2694
2695
2696
2709
2710
2711
2714
2715
2716
2717
2718
2719
2726
2727
2728
2731
2732
2733
2776
2777
2778
2789
2790
2799
2800
2801
2819
2820
2821
2831
2870
2884
2885
2905
2906
2907
2919
2920
2921
2928
2929
2930
2935
2945
2946
2947
2948
2950
2951
2952
2953
3000
3001
3023
3031
3032
3041
3042
3045
3063
3064
3065
3067
3068
3069
3073
3074
3075
3081
3082
3083
3092
3093
3094
3108
3109
3110
3119
3133
3134
3135
3136
3137
3171
3172
3176
3177
3178
3179
3180
3193
3194
3195
3206
3207
3208
3219
3220
3221
3282
3283
3284
3298
3299
3300
3301
3302
3316
3317
3318
3323
3324
3325
3336
3337
3338
3358
3359
3364
3365
3366
3421
3422
3423
3447
3448
3449
3479
3480
3481
3488
3489
3490
3515
3516
3519
3526
3527
3528
3535
3536
3537
3559
3560
3561
3564
3565
3566
3589
3590
3591
3595
3596
3599
3600
3607
3608
3609
3615
3616
3617
3625
3626
3627
3632
3633
3634
3635
3639
3640
3641
3666
3668
3669
3670
3677
3678
3694
3695
3696
3705
3706
3707
3711
3712
3713
3730
3731
3732
3737
3738
3739
3757
3758
3759
3760
3761
3762
3765
3766
3767
3780
3781
3782
3789
3790
3791
3795
3796
3797
3812
3813
3814
3829
3830
3842
3843
3860
3861
3862
3878
3879
3880
3904
3905
3906
3920
3921
3923
3924
3925
3929
3930
3936
3937
3938
3958
3959
3960
4022
4023
4024
4025
4047
4048
4051
4052
4053
4057
4058
4060
4061
4062
4064
4065
4068
4069
4087
4088
4089
4106
4107
4108
4125
4126
4127
4140
4141
4144
4145
4151
4152
4167
4184
4185
4186
4199
4200
4201
4202
4203
4204
4224
4225
4226
4227
4247
4248
4255
4256
4264
4265
4266
4276
4277
4291
4292
4293
4305
4313
4314
4315
4327
4328
4341
4342
4343
4348
4349
4350
4355
4356
4357
4358
4359
4362
4363
4364
4366
4367
4368
4377
4378
4389
4412
4413
4414
4416
4417
4418
4419
4420
4431
4432
4433
4441
4442
4444
4445
4472
4473
4479
4480
4481
4482
4483
4490
4491
4492
4493
4499
4500
4501
4518
4519
4520
4525
4526
4527
4530
4531
4532
4543
4544
4550
4551
4552
4558
4563
4591
4592
4609
4612
4613
4614
4615
4616
4617
4630
4634
4635
4642
4643
4644
4646
4647
4668
4669
4670
4677
4692
4693
4702
4703
4704
4705
4706
4707
4708
4709
4712
4713
4719
4720
4721
4726
4746
4747
4748
4749
4750
4751
4752
4757
4758
4759
4761
4762
4764
4765
4766
4767
4768
4769
4770
4773
4781
4782
4783
4784
4786
4787
4788
4798
4799
4800
4801
4820
4821
4830
4831
4832
4836
4837
4838
4845
4846
4847
4871
4872
4873
4889
4890
4917
4918
4919
4920
4921
4949
4950
4951
4962
4963
4964
4965
4966
4967
4971
4972
4973
4974
4975
4976
4977
4978
4988
4989
4990
4991
4995
4996
5003
5004
5013
5014
5015
5020
5021
5022
5026
5027
5028
5037
5038
5043
5045
5046
5047
5049
5050
5051
5055
5056
5057
5076
5077
5078
5081
5107
5108
5109
5142
5143
5155
5156
5157
5167
5173
5174
5175
5190
5204
5240
5241
5276
5277
5278
5279
5280
5284
5285
5286
5287
5291
5292
5294
5297
5298
5299
5300
5301
5302
5303
5304
5305
5306
5323
5324
5325
5326
5327
5328
5338
5339
5340
5341
5343
5344
5345
5350
5351
5352
5359
5360
5361
5362
5366
5367
5368
5370
5372
5373
5375
5376
5382
5383
5384
5385
5386
5387
5388
5389
5390
5391
5392
5393
5394
5395
5396
5415
5416
5420
5421
5422
5424
5425
5427
5428
5429
5430
5431
5432
5433
5434
5438
5439
5443
5444
5445
5448
5449
5450
5461
5462
5463
5474
5475
5476
5480
5481
5482
5484
5485
5486
5492
5493
5494
5501
5502
5506
5507
5508
5513
5514
5515
5516
5517
5518
5519
5520
5522
5523
5524
5537
5538
5539
5542
5543
5544
5547
5548
5549
5555
5556
5557
5561
5562
5563
5564
5568
5569
5571
5572
5573
5579
5580
5581
5585
5586
5587
5589
5590
5591
5592
5593
5594
5595
5596
5597
5598
5599
5607
5608
5610
5611
5612
5614
5616
5618
5619
5620
5621
5623
5624
5625
5626
5636
5637
5641
5642
5643
5645
5646
5647
5648
5649
5650
5653
5654
5655
5656
5657
5658
5659
5660
5661
5662
5663
5664
5665
5666
5667
5668
5669
5670
5671
5674
5675
5676
5679
5680
5681
5684
5685
5688
5691
5692
5693
5694
5695
5696
5697
5698
5707
5708
5714
5715
5716
5721
5722
5723
5744
5745
5751
5752
5753
5758
5759
5760
5766
5767
5777
5778
5779
5782
5783
5788
5789
5792
5793
5796
5797
5798
5802
5803
5804
5809
5810
5811
5814
5815
5816
5821
5822
5823
5825
5826
5827
5840
5841
5842
5843
5844
5845
5848
5849
5850
5853
5854
5855
5856
5867
5868
5869
5873
5874
5875
5879
5880
5881
5887
5888
5889
5895
5896
5897
5906
5907
5908
5914
5915
5916
5919
5920
5921
5922
5923
5926
5927
5928
5938
5939
5940
5945
5946
5947
5952
5953
5954
5955
5956
5957
5958
5959
5960
5961
5962
5963
5988
5989
5990
5991
5992
5993
5998
5999
6000
6004
6005
6006
6026
6027
6028
6036
6037
6038
6044
6045
6046
6054
6055
6056
6061
6062
6063
6075
6076
6077
6088
6089
6090
6099
6100
6101
6109
6110
6111
6116
6117
6118
6125
6126
6127
6128
6151
6152
6158
6159
6160
6167
6168
6169
6173
6174
6175
6192
6193
6194
6200
6201
6202
6207
6208
6209
6213
6214
6215
6218
6219
6220
6221
6222
6224
6225
6226
6233
6234
6235
6239
6240
6241
6245
6246
6247
6248
6252
6253
6254
6256
6263
6264
6265
6266
6269
6270
6273
6274
6275
6276
6277
6278
6279
6280
6281
6282
6283
6284
6285
6288
6289
6290
6291
6292
6293
6294
6295
6296
6301
6302
6303
6304
6313
6314
6315
6326
6327
6328
6346
6347
6354
6355
6356
6357
6360
6361
6362
6363
6365
6366
6367
6373
6374
6375
6376
6384
6385
6386
6390
6391
6392
6393
6394
6395
6396
6397
6398
6400
6401
6402
6410
6411
6412
6417
6418
6419
6429
6430
6431
6442
6443
6444
6446
6447
6448
6451
6452
6453
6454
6455
6457
6458
6459
6461
6462
6463
6465
6466
6467
6470
6471
6472
6477
6478
6480
6481
6501
6506
6507
6508
6509
6512
6513
6515
6516
6517
6518
6527
6528
6529
6531
6532
6533
6535
6536
6537
6538
6541
6542
6543
6544
6545
6546
6549
6550
6551
6553
6554
6555
6556
6557
6559
6560
6561
6562
6563
6572
6573
6574
6582
6583
6584
6585
6601
6602
6603
6605
6606
6607
6611
6612
6622
6623
6637
6638
6639
6644
6645
6658
6659
6660
6672
6673
6674
6680
6681
6682
6710
6711
6762
6763
6764
6769
6770
6771
6778
6779
6780
6794
6795
6796
6797
6798
6813
6814
6823
6824
6827
6828
6836
6837
6838
6845
6846
6847
6857
6858
6859
6864
6865
6866
6868
6869
6870
6879
6880
6881
6886
6887
6889
6890
6891
6892
6893
6894
6901
6902
6903
6906
6907
6908
6924
6925
6944
6945
6946
6947
6948
6954
6955
6956
6961
6962
6963
6973
6974
6975
6976
6987
6988
6989
7005
7006
7007
7009
7010
7011
7014
7015
7016
7017
7018
7023
7024
7030
7031
7032
7033
7034
7035
7036
7037
7038
7039
7040
7041
7052
7053
7054
7056
7057
7058
7061
7062
7070
7071
7072
7081
7082
7083
7089
7090
7094
7098
7099
7100
7101
7102
7103
7104
7110
7111
7112
7115
7116
7117
7122
7123
7124
7134
7135
7136
7138
7139
7140
7146
7147
7148
7151
7152
7153
7154
7155
7158
7159
7160
7162
7163
7164
7165
7166
7167
7168
7169
7170
7174
7175
7176
7179
7180
7181
7182
7183
7186
7187
7188
7190
7191
7192
7200
7201
7204
7205
7206
7213
7214
7215
7223
7224
7225
7226
7227
7228
7230
7231
7232
7233
7235
7236
7237
7240
7241
7242
7244
7245
7246
7253
7254
7255
7258
7259
7260
7264
7265
7266
7271
7272
7273
7274
7276
7277
7278
7279
7280
7281
7294
7295
7303
7304
7305
7308
7309
7310
7311
7312
7313
7314
7315
7316
7318
7319
7320
7342
7343
7344
7357
7358
7359
7367
7368
7369
7372
7373
7374
7386
7387
7389
7390
7391
7393
7394
7395
7397
7398
7399
7403
7404
7405
7410
7411
7412
7414
7415
7416
7419
7420
7421
7427
7428
7429
7430
7431
7432
7433
7434
7439
7440
7442
7443
7444
7448
7449
7450
7455
7456
7457
7467
7468
7469
7472
7473
7474
7475
7479
7480
7485
7486
7487
7488
7489
7490
7491
7492
7493
7500
7503
7504
7505
7521
7522
7526
7527
7528
7546
7547
7548
7551
7552
7553
7556
7557
7562
7563
7565
7566
7567
7570
7571
7572
7577
7578
7579
7582
7583
7585
7586
7587
7588
7593
7594
7595
7602
7603
7604
7608
7611
7612
7614
7615
7617
7618
7619
7620
7621
7622
7623
7624
7625
7626
7627
7628
7629
7630
7631
7632
7633
7634
7635
7636
7637
7638
7639
7640
7641
7642
