9
10
11
67
68
69
81
82
83
104
105
106
113
114
115
133
134
156
157
158
165
166
167
168
172
173
174
175
176
177
178
179
195
196
197
209
210
211
212
213
240
241
242
243
257
258
271
272
274
275
285
286
297
298
319
320
321
322
323
390
391
392
404
405
406
432
433
434
435
439
440
441
442
443
463
464
465
466
467
479
480
481
489
490
491
504
505
506
510
511
512
513
514
515
518
519
520
521
534
535
536
537
538
540
541
542
543
544
545
546
562
563
564
566
567
568
569
570
579
580
601
602
612
613
614
633
634
636
637
638
639
640
643
644
645
664
665
671
672
673
678
679
680
684
685
686
694
695
700
701
702
727
728
746
782
783
784
800
801
802
810
811
812
859
860
861
882
931
932
933
943
944
945
946
957
958
959
962
963
964
991
992
993
996
997
998
1003
1004
1021
1022
1023
1024
1025
1032
1036
1037
1038
1041
1042
1043
1067
1068
1069
1070
1071
1072
1091
1113
1114
1115
1117
1118
1126
1127
1128
1161
1162
1163
1165
1166
1167
1176
1177
1178
1196
1197
1198
1216
1217
1218
1251
1252
1253
1276
1277
1295
1296
1302
1316
1317
1318
1323
1324
1336
1337
1338
1348
1349
1350
1363
1364
1365
1367
1368
1369
1370
1371
1395
1396
1397
1421
1422
1423
1460
1461
1462
1463
1464
1473
1474
1475
1487
1488
1489
1511
1512
1515
1516
1527
1528
1533
1534
1535
1543
1544
1545
1556
1557
1558
1559
1560
1577
1578
1589
1590
1592
1593
1594
1615
1616
1622
1623
1624
1630
1631
1632
1651
1652
1653
1654
1655
1656
1657
1675
1676
1677
1682
1683
1719
1720
1721
1752
1753
1754
1778
1779
1780
1790
1791
1792
1801
1802
1803
1820
1821
1822
1841
1842
1850
1851
1852
1859
1860
1861
1875
1876
1877
1900
1901
1902
1919
1920
1921
1927
1928
1935
1936
1937
1943
1944
1945
1946
1947
1957
1984
1985
1986
2004
2005
2053
2054
2055
2063
2064
2065
2068
2069
2116
2117
2118
2131
2132
2133
2144
2145
2166
2209
2210
2211
2212
2226
2227
2228
2232
2233
2238
2239
2240
2253
2254
2255
2258
2259
2260
2263
2264
2265
2274
2275
2276
2277
2281
2282
2302
2303
2304
2308
2309
2310
2311
2312
2338
2339
2346
2352
2353
2372
2373
2374
2394
2395
2396
2401
2402
2403
2406
2407
2408
2410
2412
2413
2414
2415
2418
2419
2425
2426
2427
2450
2451
2460
2469
2470
2471
2475
2476
2477
2500
2518
2519
2520
2525
2526
2527
2529
2530
2531
2533
2534
2539
2549
2550
2571
2579
2583
2584
2585
2587
2588
2589
2590
2591
2601
2612
2613
2614
2625
2626
2627
2628
2632
2633
2634
2635
2654
2655
2656
2665
2716
2717
2718
2737
2738
2739
2753
2756
2757
2758
2763
2764
2775
2776
2777
2789
2806
2807
2808
2818
2819
2859
2860
2862
2863
2866
2867
2868
2871
2872
2873
2880
2881
2882
2898
2899
2933
2955
2958
2959
2966
2967
2968
2971
2972
2973
3023
3026
3027
3028
3043
3044
3057
3090
3091
3096
3097
3112
3146
3147
3148
3156
3157
3158
3161
3162
3163
3170
3180
3181
3182
3183
3184
3185
3186
3187
3188
3193
3194
3195
3196
3207
3211
3213
3214
3216
3217
3218
3224
3225
3226
3227
3245
3246
3247
3253
3254
3255
3261
3262
3263
3265
3280
3285
3286
3287
3297
3298
3299
3316
3317
3318
3341
3342
3343
3356
3357
3358
3369
3370
3408
3412
3413
3414
3415
3420
3421
3422
3436
3437
3458
3459
3460
3461
3462
3486
3487
3495
3496
3500
3506
3507
3513
3514
3517
3518
3519
3523
3524
3554
3555
3556
3557
3565
3566
3567
3597
3600
3601
3602
3606
3607
3612
3628
3629
3634
3635
3638
3639
3640
3645
3646
3647
3658
3659
3660
3662
3663
3687
3688
3689
3690
3691
3711
3725
3750
3751
3752
3753
3754
3755
3756
3759
3775
3776
3779
3780
3781
3782
3790
3791
3792
3809
3813
3816
3817
3818
3834
3835
3836
3837
3839
3840
3841
3854
3855
3856
3857
3858
3862
3863
3864
3876
3877
3898
3899
3900
3902
3903
3906
3922
3923
3924
3945
3946
3953
3954
3955
3957
3958
3959
3977
4012
4013
4021
4022
4023
4040
4041
4050
4051
4052
4068
4069
4070
4079
4080
4081
4082
4085
4086
4105
4106
4107
4108
4109
4110
4111
4112
4113
4114
4116
4117
4118
4119
4120
4136
4137
4138
4139
4159
4160
4161
4162
4163
4171
4172
4173
4177
4178
4179
4187
4188
4189
4199
4200
4201
4206
4207
4208
4209
4210
4211
4220
4221
4222
4224
4225
4226
4231
4232
4240
4241
4242
4244
4245
4246
4249
4250
4251
4256
4257
4258
4260
4261
4268
4269
4270
4271
4272
4273
4274
4275
4276
4277
4278
4279
4280
4281
4282
4284
4285
4286
4287
4288
4289
4290
4291
4292
4293
4294
4295
4296
4297
4298
4299
4305
4306
4307
4308
4309
4312
4313
4315
4316
4323
4324
4325
4330
4331
4334
4335
4336
4337
4339
4340
4341
4342
4346
4347
4348
4354
4355
4356
4357
4358
4359
4360
4361
4362
4366
4367
4368
4371
4372
4373
4376
4377
4378
4380
4381
4382
4383
4384
4385
4386
4387
4389
4390
4391
4395
4396
4397
4406
4410
4411
4412
4422
4423
4424
4433
4451
4459
4460
4461
4462
4463
4469
4470
4471
4476
4477
4478
4482
4483
4484
4485
4491
4492
4493
4494
4495
4497
4498
4499
4503
4504
4505
4507
4508
4509
4510
4511
4513
4514
4515
4525
4527
4528
4529
4538
4539
4543
4544
4545
4547
4551
4552
4553
4556
4557
4558
4569
4570
4571
4572
4573
4574
4577
4578
4579
4581
4582
4583
4588
4589
4590
4601
4602
4603
4608
4609
4615
4616
4617
4618
4627
4628
4629
4640
4641
4650
4651
4652
4653
4664
4665
4666
4673
4674
4675
4676
4677
4681
4682
4683
4684
4685
4687
4688
4689
4690
4691
4693
4694
4695
4714
4715
4727
4728
4729
4730
4741
4742
4743
4752
4753
4770
4771
4772
4776
4777
4778
4783
4784
4785
4788
4789
4790
4793
4794
4795
4804
4805
4806
4812
4813
4814
4817
4818
4819
4823
4824
4838
4839
4840
4862
4863
4865
4867
4868
4869
4870
4873
4874
4875
4876
4877
4878
4883
4884
4885
4890
4891
4892
4894
4895
4896
4897
4898
4899
4900
4912
4913
4914
4923
4924
4925
4931
4932
4933
4937
4938
4939
4947
4948
4949
4950
4951
4959
4960
4961
4962
4970
4971
4978
4986
4987
4988
5008
5009
5010
5020
5021
5032
5033
5034
5035
5039
5040
5046
5047
5051
5056
5057
5058
5059
5060
5064
5065
5066
5073
5074
5075
5077
5078
5079
5085
5086
5087
5091
5092
5093
5103
5106
5107
5117
5120
5121
5122
5123
5128
5129
5130
5136
5137
5138
5139
5156
5157
5158
5170
5171
5206
5207
5223
5224
5225
5254
5255
5256
5290
5291
5292
5294
5295
5296
5297
5306
5307
5308
5321
5351
5352
5365
5366
5367
5379
5380
5381
5388
5389
5394
5395
5396
5397
5398
5399
5400
5401
5402
5403
5417
5421
5422
5423
5426
5436
5439
5440
5441
5442
5443
5444
5451
5460
5461
5469
5470
5471
5476
5477
5479
5480
5499
5500
5509
5510
5511
5516
5517
5521
5522
5523
5524
5528
5529
5530
5531
5532
5537
5538
5539
5540
5543
5544
5545
5546
5547
5548
5549
5550
5551
5552
5553
5554
5556
5557
5558
5559
5560
5561
5562
5563
5564
5569
5570
5571
5579
5580
5589
5590
5591
5597
5598
5599
5601
5602
5603
5604
5605
5606
5610
5611
5612
5619
5620
5621
5622
5626
5627
5633
5634
5635
5636
5637
5642
5643
5644
5645
5653
5654
5655
5661
5662
5663
5664
5665
5668
5669
5676
5677
5678
5679
5680
5681
5682
5683
5684
5686
5687
5688
5689
5690
5691
5692
5693
5695
5696
5697
5701
5702
5703
5704
5705
5710
5711
5712
5717
5718
5719
5720
5721
5722
5723
5724
5728
5729
5730
5731
5732
5733
5734
5735
5740
5741
5742
5756
5757
5758
5760
5761
5770
5771
5772
5776
5777
5778
5780
5781
5782
5785
5786
5787
5791
5792
5793
5794
5795
5798
5799
5800
5802
5803
5804
5808
5809
5813
5814
5817
5818
5819
5820
5821
5822
5823
5824
5836
5837
5838
5839
5841
5842
5843
5856
5857
5858
5864
5865
5866
5867
5868
5869
5877
5878
5879
5880
5881
5882
5883
5893
5894
5895
5896
5897
5899
5900
5908
5923
5924
5925
5926
5928
5929
5930
5931
5932
5933
5939
5940
5941
5942
5971
5972
5973
5976
5977
5978
5980
5981
5982
5983
5984
5985
5986
5987
5988
5989
5990
5991
5992
5995
5996
5997
6007
6008
6009
6011
6012
6013
6016
6017
6021
6023
6024
6025
6026
6027
6028
6029
6030
6033
6034
6035
6039
6040
6041
6044
6045
6046
6050
6051
6052
6057
6058
6081
6082
6083
6084
6085
6099
6100
6126
6127
6128
6130
6131
6132
6135
6136
6137
6141
6142
6143
6145
6146
6147
6150
6151
6152
6153
6154
6155
6156
6157
6158
6159
6160
6161
6162
6163
6164
6165
6166
6167
6168
6169
6170
6171
6172
6173
6174
6175
6176
6177
6178
6179
6180
6181
