9
10
11
27
28
29
65
66
67
69
70
71
79
80
81
82
84
85
86
87
88
89
92
93
94
96
97
98
99
100
105
106
109
110
111
129
130
141
142
145
146
147
157
158
159
165
166
167
181
182
183
186
187
188
191
192
193
194
195
196
213
214
215
223
224
225
229
230
231
241
242
243
245
246
254
255
258
259
260
285
286
287
313
314
315
341
342
343
357
358
359
420
421
430
431
432
438
439
440
449
450
453
454
455
463
464
465
466
467
468
470
471
472
475
476
477
537
538
539
552
553
554
557
558
559
566
567
568
600
601
602
618
619
620
654
655
656
683
684
696
697
698
716
737
738
739
760
761
762
775
776
777
807
808
809
810
813
814
815
819
820
821
841
842
843
854
855
856
865
866
867
868
869
874
875
876
877
881
882
883
886
887
888
892
893
894
899
900
901
907
908
909
910
911
912
920
921
922
926
927
928
932
933
934
951
952
953
954
955
956
957
958
959
960
961
965
966
967
1008
1009
1010
1011
1016
1017
1018
1019
1027
1028
1029
1030
1031
1034
1035
1036
1037
1038
1039
1040
1041
1052
1053
1054
1055
1056
1058
1067
1068
1069
1128
1129
1135
1136
1137
1141
1142
1143
1144
1145
1150
1151
1152
1153
1154
1155
1156
1157
1158
1160
1161
1162
1166
1167
1168
1170
1173
1174
1175
1192
1193
1194
1202
1203
1204
1206
1207
1260
1261
1262
1335
1336
1337
1356
1357
1358
1385
1386
1387
1392
1393
1394
1448
1449
1450
1451
1452
1453
1472
1473
1474
1487
1488
1489
1491
1492
1493
1512
1520
1521
1522
1545
1546
1547
1562
1563
1564
1566
1567
1568
1569
1570
1571
1583
1584
1585
1598
1599
1600
1607
1608
1610
1612
1613
1669
1670
1671
1672
1673
1674
1678
1679
1685
1686
1687
1703
1704
1705
1707
1708
1709
1710
1717
1718
1719
1720
1721
1739
1740
1743
1744
1745
1747
1748
1749
1756
1757
1758
1771
1772
1773
1780
1781
1782
1784
1785
1786
1790
1791
1792
1801
1802
1803
1818
1819
1820
1821
1822
1823
1824
1847
1848
1849
1872
1873
1874
1900
1901
1913
1914
1924
1925
1926
1938
1939
1979
1980
1981
1982
1983
1985
1987
2002
2003
2004
2009
2010
2011
2012
2013
2014
2015
2016
2028
2029
2030
2038
2039
2040
2046
2047
2048
2057
2058
2059
2064
2065
2088
2089
2090
2091
2093
2094
2095
2103
2104
2105
2121
2122
2123
2124
2125
2126
2154
2155
2156
2163
2164
2165
2180
2181
2182
2206
2207
2208
2215
2216
2217
2226
2227
2228
2239
2240
2241
2244
2245
2246
2249
2250
2251
2256
2257
2258
2277
2278
2279
2287
2288
2289
2293
2334
2335
2336
2342
2343
2349
2350
2351
2364
2365
2366
2374
2375
2376
2386
2387
2388
2391
2392
2402
2403
2404
2413
2414
2415
2417
2418
2419
2430
2431
2432
2437
2438
2439
2440
2441
2442
2465
2466
2467
2469
2470
2472
2473
2474
2477
2478
2479
2498
2499
2500
2510
2511
2514
2515
2516
2517
2518
2519
2522
2523
2524
2530
2531
2532
2533
2534
2548
2549
2553
2554
2555
2571
2572
2573
2574
2575
2577
2578
2579
2586
2587
2588
2592
2593
2594
2598
2599
2600
2655
2656
2657
2671
2672
2673
2676
2677
2695
2696
2698
2699
2700
2702
2703
2704
2705
2706
2707
2713
2714
2715
2729
2730
2731
2732
2733
2758
2759
2760
2766
2767
2768
2783
2784
2785
2792
2793
2794
2795
2800
2801
2802
2809
2810
2811
2817
2818
2819
2820
2834
2835
2836
2844
2845
2846
2849
2850
2851
2855
2856
2857
2866
2873
2874
2875
2879
2880
2881
2887
2888
2889
2898
2899
2905
2906
2907
2916
2917
2918
2921
2922
2923
2924
2926
2927
2941
2942
2943
2997
2998
2999
3006
3007
3008
3024
3025
3026
3030
3031
3032
3036
3037
3040
3041
3042
3052
3053
3054
3055
3061
3062
3063
3064
3065
3068
3069
3070
3074
3075
3076
3105
3117
3118
3119
3122
3128
3129
3130
3133
3134
3135
3149
3150
3151
3158
3159
3165
3166
3167
3222
3223
3224
3242
3243
3244
3263
3276
3277
3295
3296
3297
3305
3306
3307
3322
3323
3324
3361
3362
3363
3365
3366
3375
3376
3377
3399
3408
3409
3416
3417
3418
3431
3432
3433
3444
3445
3464
3465
3466
3478
3479
3480
3482
3483
3484
3486
3487
3488
3489
3491
3492
3494
3495
3496
3507
3508
3531
3532
3533
3541
3554
3555
3556
3572
3573
3574
3579
3580
3581
3588
3589
3614
3615
3625
3626
3648
3649
3650
3667
3668
3669
3670
3671
3672
3680
3681
3725
3726
3727
3741
3742
3750
3751
3754
3755
3777
3778
3779
3780
3781
3823
3824
3834
3835
3836
3851
3852
3875
3876
3877
3915
3916
3917
3918
3919
3930
3931
3932
3933
3961
3962
3978
3979
3980
3988
4003
4004
4005
4006
4021
4022
4031
4032
4039
4040
4045
4060
4061
4062
4063
4064
4065
4066
4108
4109
4110
4111
4114
4115
4116
4117
4118
4119
4121
4122
4139
4140
4149
4150
4157
4158
4203
4204
4205
4209
4210
4212
4213
4214
4220
4221
4223
4224
4225
4241
4242
4264
4265
4269
4270
4271
4272
4273
4274
4275
4276
4285
4286
4287
4288
4291
4292
4311
4312
4313
4314
4339
4352
4353
4354
4360
4361
4362
4395
4396
4425
4426
4427
4433
4434
4441
4442
4466
4467
4468
4484
4485
4489
4510
4511
4512
4513
4514
4515
4516
4517
4518
4521
4522
4532
4533
4541
4542
4543
4553
4554
4576
4577
4578
4579
4621
4622
4623
4626
4627
4639
4640
4641
4642
4656
4657
4658
4659
4665
4666
4669
4670
4671
4674
4675
4676
4677
4682
4683
4691
4692
4696
4697
4698
4699
4713
4714
4718
4719
4720
4727
4728
4729
4730
4738
4739
4740
4754
4755
4756
4760
4761
4762
4797
4800
4801
4804
4805
4813
4814
4815
4826
4827
4828
4834
4835
4836
4841
4842
4848
4866
4867
4868
4870
4871
4884
4885
4888
4889
4890
4917
4918
4919
4946
4947
4948
4951
4952
4953
4954
4955
4956
4958
4959
4960
4963
4964
4981
4982
4983
5007
5008
5015
5016
5036
5037
5038
5039
5052
5053
5054
5058
5059
5060
5063
5064
5089
5090
5091
5093
5094
5096
5098
5099
5100
5105
5106
5108
5109
5110
5111
5112
5113
5118
5119
5125
5126
5127
5128
5129
5130
5135
5136
5137
5138
5145
5146
5147
5164
5165
5166
5167
5168
5169
5170
5177
5178
5179
5180
5186
5187
5188
5193
5194
5195
5196
5200
5201
5202
5211
5212
5213
5233
5234
5264
5265
5266
5267
5268
5269
5270
5273
5274
5275
5276
5277
5283
5284
5285
5301
5302
5303
5304
5305
5307
5308
5309
5329
5330
5331
5335
5336
5337
5338
5339
5343
5344
5345
5346
5347
5348
5349
5355
5356
5360
5371
5372
5375
5376
5378
5379
5389
5415
5416
5417
5418
5441
5442
5443
5449
5453
5454
5455
5456
5457
5467
5468
5469
5470
5471
5495
5496
5503
5504
5505
5514
5515
5516
5521
5522
5529
5530
5531
5533
5534
5535
5541
5542
5543
5562
5563
5564
5571
5572
5579
5580
5581
5585
5586
5591
5598
5599
5600
5601
5602
5609
5610
5611
5624
5625
5635
5636
5637
5652
5653
5654
5662
5663
5664
5678
5679
5680
5686
5687
5690
5691
5692
5693
5695
5696
5697
5698
5699
5703
5704
5705
5706
5707
5708
5710
5711
5714
5715
5718
5719
5720
5727
5728
5737
5738
5739
5744
5745
5746
5751
5752
5753
5759
5760
5761
5775
5776
5777
5783
5784
5785
5787
5788
5789
5799
5800
5806
5807
5808
5813
5814
5815
5821
5828
5829
5830
5831
5832
5833
5844
5845
5846
5853
5854
5856
5857
5858
5867
5868
5874
5875
5876
5877
5878
5879
5880
5881
5882
5883
5887
5888
5889
5898
5899
5900
5901
5902
5908
5909
5910
5916
5917
5925
5926
5927
5930
5931
5932
5934
5935
5936
5938
5939
5940
5947
5948
5949
5958
5959
5960
5961
5962
5963
5964
5966
5967
5968
5971
5972
5976
5977
5978
5983
5984
5985
5988
5989
5990
6004
6005
6006
6013
6014
6015
6016
6017
6018
6019
6020
6021
6029
6030
6031
6032
6033
6035
6036
6038
6039
6040
6053
6054
6055
6062
6063
6064
6071
6072
6073
6079
6080
6081
6082
6099
6100
6111
6112
6113
6114
6121
6122
6123
6135
6136
6137
6162
6163
6189
6190
6191
6200
6201
6202
6206
6207
6208
6217
6218
6219
6239
6240
6241
6249
6260
6261
6262
6263
6264
6265
6271
6272
6273
6278
6279
6280
6291
6292
6297
6298
6301
6302
6303
6305
6306
6314
6315
6316
6317
6324
6325
6326
6330
6331
6332
6336
6337
6338
6340
6341
6342
6344
6345
6346
6350
6351
6352
6355
6356
6357
6358
6363
6364
6365
6366
6367
6368
6369
6370
6371
6372
6373
6374
6375
6376
6381
6382
6383
6384
6385
6386
6387
6388
6389
6396
6397
6398
6399
6405
6406
6407
6410
6411
6412
6413
6414
6415
6419
6420
6421
6422
6423
6424
6425
6426
6429
6430
6431
6432
6433
6436
6437
6438
6439
6442
6443
6445
6446
6447
6451
6452
6453
6454
6455
6456
6457
6459
6460
6461
6466
6467
6468
6472
6473
6474
6475
6476
6480
6481
6483
6484
6485
6487
6488
6489
6492
6493
6494
6495
6500
6501
6502
6505
6506
6507
6510
6511
6512
6513
6514
6515
6516
6519
6520
6521
6522
6529
6530
6532
6533
6534
6535
6536
6537
6542
6543
6544
6545
6546
6547
6548
6549
6550
6552
6553
6554
6565
6566
6567
6574
6575
6576
6578
6579
6580
6585
6586
6587
6588
6589
6590
6591
6593
6594
6595
6598
6599
6603
6604
6605
6606
6607
6608
6609
6611
6612
6613
6614
6615
6616
6617
6618
6619
6620
6621
6622
6623
6633
6634
6638
6639
6649
6650
6651
6652
6653
6654
6655
6659
6660
6661
6664
6665
6666
6676
6677
6678
6683
6684
6685
6686
6687
6688
6689
6690
6699
6700
6701
6705
6706
6707
6714
6715
6720
6721
6722
6723
6724
6725
6726
6730
6731
6732
6737
6738
6739
6748
6749
6750
6760
6761
6762
6770
6771
6775
6776
6777
6783
6784
6786
6787
6788
6789
6790
6791
6793
6794
6795
6798
6799
6800
6801
6802
6804
6805
6806
6808
6809
6810
6811
6812
6813
6816
6817
6818
6819
6822
6823
6824
6825
6826
6831
6832
6836
6837
6838
6839
6844
6845
6846
6860
6861
6862
6879
6880
6881
6889
6890
6896
6897
6899
6900
6901
6905
6906
6907
6912
6913
6914
6918
6919
6920
6928
6929
6930
6933
6934
6935
6937
6938
6939
6940
6947
6948
6955
6956
6957
6962
6963
6964
6971
6972
6992
6993
6994
7006
7011
7012
7013
7022
7029
7030
7031
7034
7048
7049
7051
7052
7053
7059
7060
7061
7075
7076
7077
7095
7096
7112
7113
7114
7122
7123
7124
7135
7136
7137
7143
7144
7147
7148
7149
7157
7167
7168
7169
7170
7171
7172
7173
7174
7175
7176
7177
7182
7183
7184
7191
7192
7193
7197
7198
7199
7206
7207
7208
7209
7210
7211
7212
7213
7214
7215
7216
7217
7218
7223
7224
7225
7233
7234
7236
7237
7238
7240
7241
7246
7247
7248
7252
7253
7254
7258
7259
7260
7303
7304
7305
7312
7313
7314
7318
7319
7320
7328
7329
7330
7331
7349
7350
7351
7358
7359
7360
7367
7368
7369
7370
7371
7391
7392
7393
7394
7395
7396
7414
7415
7416
7421
7422
7423
7433
7434
7435
7441
7442
7447
7448
7449
7451
7452
7453
7454
7455
7457
7458
7459
7461
7462
7463
7464
7465
7466
7467
7468
7469
7470
7471
7472
7473
7474
7475
7476
7477
7478
7479
7480
7481
7482
7483
7484
7485
7486
7487
7488
7489
7490
7491
7492
7493
7494
7495
7496
7497
7498
7499
7500
7501
7502
7503
