0
1
5
6
7
27
28
29
43
44
45
60
61
62
64
65
66
79
80
81
82
97
98
99
114
137
138
139
151
152
153
154
173
174
175
176
177
186
187
188
189
243
244
245
276
277
278
292
293
294
319
320
321
335
336
337
344
345
346
358
359
360
376
377
378
392
393
394
395
396
397
400
401
417
418
419
423
424
425
463
464
465
466
467
477
478
479
486
487
488
493
494
495
503
504
505
520
521
530
531
532
544
545
546
552
553
554
555
556
557
558
562
563
564
569
570
571
583
584
622
623
624
644
645
646
700
701
702
711
712
713
717
718
719
720
721
722
776
777
778
779
780
781
782
783
785
786
787
797
798
800
801
802
803
804
810
811
812
823
824
825
862
863
864
865
866
867
868
904
905
909
910
911
912
913
914
918
919
933
941
942
944
945
972
973
974
992
993
994
1032
1033
1034
1050
1051
1052
1063
1064
1065
1066
1069
1070
1071
1072
1073
1074
1075
1076
1082
1083
1084
1085
1086
1095
1096
1097
1098
1099
1100
1101
1183
1184
1192
1193
1194
1203
1204
1205
1242
1243
1244
1245
1246
1247
1253
1259
1260
1261
1278
1279
1280
1283
1284
1285
1291
1292
1293
1294
1298
1299
1300
1301
1302
1303
1311
1312
1313
1315
1316
1328
1329
1330
1341
1342
1343
1358
1359
1360
1361
1383
1384
1385
1386
1417
1418
1419
1429
1430
1431
1437
1438
1439
1475
1476
1477
1495
1496
1497
1499
1500
1501
1502
1503
1511
1512
1513
1524
1525
1526
1527
1528
1529
1530
1531
1532
1533
1534
1535
1536
1538
1539
1540
1541
1542
1556
1557
1558
1567
1568
1569
1571
1572
1573
1574
1575
1577
1578
1579
1589
1590
1591
1594
1595
1596
1604
1605
1606
1613
1614
1615
1627
1628
1629
1631
1632
1633
1647
1648
1649
1652
1653
1668
1669
1670
1671
1672
1673
1675
1676
1677
1688
1689
1690
1691
1692
1693
1715
1716
1717
1729
1730
1733
1734
1760
1761
1762
1766
1767
1768
1777
1778
1786
1787
1788
1812
1813
1814
1836
1837
1838
1847
1848
1849
1858
1859
1860
1878
1879
1880
1895
1896
1900
1901
1902
1923
1924
1925
1947
1948
1949
1956
1957
1958
1975
1976
1995
1996
1997
1999
2000
2001
2012
2013
2014
2016
2017
2018
2051
2052
2053
2054
2058
2059
2060
2082
2083
2084
2109
2110
2111
2123
2124
2125
2131
2132
2133
2147
2148
2149
2152
2153
2154
2178
2179
2180
2195
2196
2197
2235
2236
2237
2244
2245
2246
2265
2266
2276
2282
2283
2284
2285
2286
2287
2303
2304
2305
2317
2318
2325
2326
2327
2331
2332
2333
2339
2340
2344
2345
2346
2347
2348
2349
2356
2357
2358
2372
2373
2374
2375
2376
2382
2393
2394
2395
2397
2398
2399
2409
2410
2411
2427
2428
2429
2445
2446
2464
2465
2466
2476
2477
2478
2484
2485
2486
2497
2498
2499
2502
2503
2504
2505
2506
2508
2509
2510
2514
2515
2516
2524
2525
2526
2528
2529
2530
2534
2535
2536
2544
2545
2550
2551
2552
2553
2554
2555
2563
2564
2565
2581
2582
2583
2586
2587
2588
2589
2590
2592
2593
2594
2595
2656
2657
2658
2659
2667
2668
2669
2678
2679
2680
2713
2714
2715
2727
2728
2729
2732
2735
2736
2737
2752
2753
2754
2788
2789
2790
2812
2813
2814
2828
2829
2830
2841
2842
2843
2855
2856
2857
2872
2873
2874
2888
2889
2900
2901
2902
2905
2906
2907
2908
2909
2916
2917
2918
2924
2925
2926
2929
2930
2947
2948
2963
2964
2965
2990
2991
2992
3005
3006
3007
3008
3009
3010
3022
3023
3024
3031
3032
3033
3039
3040
3041
3043
3044
3067
3068
3069
3081
3082
3083
3093
3094
3100
3101
3102
3113
3114
3115
3123
3124
3129
3130
3131
3132
3133
3162
3163
3164
3165
3166
3167
3174
3175
3176
3178
3179
3180
3182
3183
3195
3196
3197
3206
3207
3208
3209
3210
3211
3212
3219
3220
3221
3242
3243
3279
3280
3281
3289
3290
3293
3294
3295
3305
3306
3307
3369
3370
3437
3438
3439
3454
3455
3456
3470
3471
3472
3480
3505
3506
3512
3513
3514
3516
3517
3518
3525
3526
3557
3558
3559
3560
3561
3562
3573
3574
3575
3594
3595
3596
3597
3598
3601
3602
3603
3607
3608
3609
3610
3618
3628
3629
3632
3633
3634
3635
3652
3653
3654
3668
3669
3670
3675
3676
3677
3685
3686
3687
3702
3703
3709
3710
3711
3716
3717
3723
3724
3725
3732
3734
3735
3736
3737
3738
3740
3741
3742
3743
3744
3745
3746
3749
3750
3751
3752
3753
3754
3755
3756
3757
3761
3762
3763
3801
3802
3803
3835
3836
3837
3869
3870
3871
3874
3875
3876
3884
3885
3886
3887
3888
3889
3894
3895
3896
3899
3900
3901
3902
3903
3914
3915
3916
3941
3942
3943
3957
3958
3959
3975
3976
3977
3979
3980
3981
3992
3993
3994
4020
4021
4022
4024
4025
4026
4033
4034
4036
4037
4039
4040
4061
4062
4073
4074
4075
4084
4089
4090
4091
4092
4093
4094
4099
4100
4101
4106
4107
4108
4124
4125
4126
4132
4133
4134
4142
4143
4144
4145
4176
4177
4178
4191
4192
4193
4206
4207
4208
4231
4232
4233
4260
4261
4269
4270
4271
4272
4278
4279
4280
4281
4282
4283
4284
4293
4294
4316
4326
4327
4328
4329
4330
4331
4336
4337
4338
4341
4342
4343
4345
4346
4349
4350
4351
4371
4372
4387
4388
4389
4395
4396
4397
4400
4401
4419
4420
4421
4438
4446
4447
4448
4451
4452
4453
4456
4457
4458
4468
4469
4470
4494
4495
4496
4508
4509
4540
4554
4555
4556
4557
4558
4560
4561
4565
4574
4575
4576
4579
4587
4588
4594
4595
4596
4618
4619
4620
4626
4627
4636
4637
4651
4652
4662
4663
4664
4681
4682
4683
4686
4687
4688
4702
4703
4704
4711
4712
4713
4722
4723
4724
4727
4728
4729
4730
4731
4732
4736
4744
4745
4746
4747
4748
4759
4760
4761
4762
4764
4765
4766
4767
4768
4769
4776
4777
4778
4788
4789
4791
4792
4793
4799
4800
4801
4803
4804
4805
4806
4816
4817
4818
4819
4820
4827
4828
4835
4836
4850
4851
4857
4858
4859
4860
4861
4875
4876
4886
4887
4888
4897
4903
4904
4934
4935
4936
4943
4944
4960
4967
4968
4980
4999
5000
5007
5008
5019
5020
5021
5040
5053
5054
5068
5069
5070
5087
5088
5093
5094
5095
5101
5102
5103
5111
5112
5113
5121
5122
5123
5131
5132
5133
5135
5136
5138
5139
5155
5156
5157
5162
5163
5164
5165
5166
5173
5180
5181
5182
5183
5185
5194
5195
5203
5204
5205
5206
5207
5208
5221
5222
5223
5224
5225
5226
5234
5235
5236
5237
5238
5239
5240
5241
5242
5243
5251
5252
5253
5265
5266
5267
5268
5269
5270
5271
5272
5274
5275
5283
5292
5293
5294
5295
5306
5308
5309
5310
5311
5312
5313
5319
5320
5342
5343
5344
5353
5354
5357
5358
5359
5365
5366
5371
5390
5391
5394
5395
5411
5412
5413
5414
5415
5416
5425
5426
5436
5437
5438
5451
5452
5454
5455
5456
5457
5463
5464
5469
5470
5492
5493
5494
5499
5500
5505
5507
5508
5509
5513
5514
5515
5516
5528
5529
5535
5536
5541
5542
5549
5555
5556
5579
5580
5581
5590
5591
5592
5593
5602
5603
5604
5623
5624
5625
5626
5641
5642
5650
5651
5652
5670
5671
5684
5685
5686
5699
5700
5701
5718
5734
5735
5736
5742
5743
5750
5751
5752
5753
5760
5761
5762
5766
5767
5768
5771
5772
5773
5778
5779
5780
5787
5788
5789
5790
5791
5792
5793
5794
5795
5855
5856
5857
5858
5859
5879
5880
5881
5885
5886
5887
5889
5890
5891
5894
5895
5896
5912
5913
5914
5921
5922
5923
5934
5935
5936
5942
5943
5946
5947
5950
5951
5952
5966
5967
5968
5977
5978
5979
5989
5990
5991
6002
6003
6004
6013
6014
6015
6033
6034
6035
6062
6063
6064
6067
6068
6069
6070
6071
6077
6078
6079
6085
6086
6087
6088
6089
6103
6104
6105
6109
6110
6111
6115
6116
6122
6123
6124
6130
6131
6132
6134
6135
6136
6138
6139
6140
6142
6143
6144
6147
6148
6151
6152
6154
6155
6158
6160
6161
6162
6166
6167
6168
6170
6171
6172
6176
6177
6178
6180
6181
6182
6186
6187
6188
6189
6190
6191
6192
6193
6194
6195
6197
6198
6199
6200
6203
6204
6205
6206
6207
6210
6211
6212
6214
6217
6218
6219
6221
6235
6236
6237
6239
6240
6241
6242
6243
6244
6248
6249
6250
6251
6252
6260
6261
6262
6263
6264
6272
6273
6274
6275
6276
6277
6281
6282
6283
6288
6289
6290
6291
6293
6294
6295
6299
6300
6301
6302
6303
6304
6313
6314
6315
6316
6317
6319
6320
6321
6337
6338
6339
6340
6342
6343
6344
6352
6353
6354
6355
6356
6357
6358
6367
6368
6369
6371
6372
6373
6379
6380
6381
6391
6392
6393
6394
6395
6403
6404
6405
6416
6417
6418
6424
6425
6426
6429
6430
6433
6434
6435
6437
6438
6439
6441
6442
6448
6449
6450
6458
6459
6460
6461
6462
6464
6465
6467
6470
6471
6472
6473
6474
6475
6476
6477
6478
6479
6480
6481
6482
6483
6484
6485
6486
6487
6488
6489
6490
6491
6492
6493
6494
6495
6496
6499
6500
6501
6512
6521
6522
6523
6524
6525
6527
6528
6529
6531
6532
6533
6536
6537
6538
6543
6544
6545
6548
6553
6554
6555
6556
6557
6569
6570
6571
6585
6586
6587
6597
6598
6599
6601
6602
6603
6604
6605
6606
6607
6611
6612
6613
6614
6615
6616
6617
6618
6621
6622
6623
6624
6625
6626
6628
6629
6633
6634
6635
6636
6640
6641
6642
6643
6644
6645
6646
6647
6659
6660
6661
6663
6664
6665
6667
6668
6669
6670
6676
6677
6678
6681
6682
6683
6685
6686
6687
6692
6693
6694
6695
6696
6697
6698
6699
6700
6701
6702
6712
6713
6714
6715
6716
6717
6720
6721
6722
6724
6725
6726
6730
6731
6732
6738
6739
6740
6743
6744
6745
6748
6749
6750
6763
6764
6765
6770
6771
6772
6783
6784
6785
6801
6802
6806
6807
6836
6837
6847
6848
6849
6851
6852
6853
6857
6858
6859
6860
6862
6863
6864
6869
6870
6871
6882
6883
6887
6888
6889
6891
6892
6893
6895
6896
6897
6903
6904
6905
6908
6909
6910
6911
6912
6913
6914
6915
6916
6918
6919
6920
6923
6924
6925
6942
6943
6944
6950
6961
6962
6963
6964
6973
6974
6975
6976
6985
6986
6987
6988
6989
6990
6991
7001
7002
7028
7029
7035
7036
7047
7048
7049
7050
7051
7052
7054
7055
7057
7058
7059
7067
7071
7072
7073
7074
7082
7087
7088
7092
7096
7097
7102
7103
7104
7109
7110
7111
7114
7115
7116
7120
7121
7128
7129
7130
7132
7133
7135
7136
7137
7142
7143
7144
7147
7148
7153
7154
7155
7156
7157
7158
7159
7160
7161
7162
7163
7164
7165
7166
7167
7168
7169
7170
7171
7172
7173
7174
7175
7176
7177
7178
7179
7200
7201
7203
7213
7214
7220
7221
7222
7226
7227
7228
7245
7246
7247
7271
7272
7273
7278
7279
7287
7288
7289
7299
7300
7301
7302
7305
7306
7310
7311
7313
7314
7318
7319
7320
7321
7322
7323
7324
7325
7331
7332
7333
7341
7342
7343
7350
7351
7352
7357
7358
7359
7361
7362
7363
7366
7367
7368
7371
7372
7373
7384
7385
7386
7392
7393
7394
7395
7396
7399
7400
7401
7403
7404
7405
7410
7411
7412
7413
7414
7415
7418
7419
7420
7421
7422
7423
7425
7426
7434
7435
7436
7441
7442
7443
7450
7451
7452
7455
7456
7457
7465
7466
7467
7468
7469
7478
7479
7480
7481
7482
7485
7486
7487
7488
7497
7498
7499
7512
7513
7514
7515
7516
7517
7518
7519
7520
7521
7522
7523
7524
7525
7527
7528
7529
7542
7543
7544
7549
7550
7551
7552
7553
7554
7566
7567
7568
7569
7570
7598
7599
7601
7604
7605
7606
7617
7618
7620
7621
7622
7623
7624
7632
7633
7634
7641
7642
7643
7659
7660
7667
7668
7674
7675
7676
7678
7679
7680
7682
7683
7684
7692
7693
7700
7701
7702
7703
7704
7711
7712
7713
7718
7719
7720
7723
7724
7732
7733
7740
7741
7742
7743
7749
7750
7751
7756
7757
7758
7762
7763
7764
7769
7770
7771
7775
7776
7777
7786
7796
7797
7798
7801
7802
7803
7807
7808
7837
7838
7841
7842
7843
7863
7864
7874
7875
7877
7878
7880
7881
7882
7890
7891
7899
7900
7903
7904
7905
7906
7907
7908
7909
7910
7919
7920
7921
7925
7926
7931
7932
7934
7935
7951
7952
7953
7955
7956
7957
7960
7961
7962
7966
7967
7968
7972
7973
7974
7975
7976
7977
7979
7980
7981
7982
7994
7995
8002
8003
8004
8005
8011
8012
8013
8016
8020
8021
8022
8026
8027
8028
8032
8033
8035
8036
8037
8041
8042
8043
8046
8047
8048
8049
8051
8052
8053
8054
8055
8056
8057
8062
8063
8064
8069
8070
8071
8072
8077
8078
8079
8083
8084
8085
8086
8087
8088
8090
8091
8098
8099
8100
8101
8106
8107
8108
8114
8115
8116
8132
8147
8148
8151
8153
8154
8156
8157
8158
8159
8162
8163
8164
8165
8167
8168
8170
8171
8172
8173
8176
8177
8183
8184
8185
8187
8188
8189
8190
8191
8192
8193
8196
8197
8198
8208
8209
8210
8211
8212
8213
8214
8232
8233
8234
8236
8237
8238
8240
8241
8244
8245
8246
8249
8250
8251
8252
8255
8256
8257
8277
8280
8281
8283
8284
8285
8290
8291
8292
8296
8297
8298
8303
8304
8306
8307
8308
8309
8310
8313
8314
8315
8317
8318
8319
8323
8324
8325
8326
8327
8328
8329
8330
8343
8344
8345
8347
8348
8349
8350
8351
8352
8357
8358
8359
8360
8361
8362
8363
8366
8369
8370
8373
8374
8375
8385
8386
8387
8391
8392
8393
8394
8402
8403
8404
8411
8412
8413
8414
8426
8427
8428
8429
8435
8436
8437
8438
8450
8451
8454
8456
8457
8458
8464
8465
8466
8468
8469
8470
8473
8474
8475
8479
8480
8481
8482
8483
8484
8485
8486
8487
8488
8489
8490
8491
8492
8493
8494
8495
8502
8503
8504
8508
8509
8510
8511
8516
8517
8518
8529
8530
8531
8532
8535
8536
8537
8539
8540
8541
8544
8545
8549
8550
8551
8560
8561
8562
8566
8567
8569
8570
8571
8573
8574
8575
8577
8578
8579
8581
8582
8583
8584
8585
8594
8595
8607
8608
8609
8613
8614
8616
8617
8618
8619
8620
8623
8624
8625
8626
8627
8628
8629
8630
8631
8632
8633
8634
8635
8636
8637
8638
8639
8640
8641
8642
8643
8645
8646
8647
8648
8649
8650
8651
8652
8653
8657
8658
8659
8662
8663
8664
8665
8666
8667
8668
8669
8670
8674
8675
8676
8677
8678
8681
8682
8683
8692
8693
8694
8696
8697
8698
8699
8700
8701
8702
8703
8704
8705
8706
8707
8708
8709
8710
8713
8714
8715
8717
8718
8719
8721
8722
8723
8724
8725
8726
8727
8732
8733
8734
8735
8736
8737
8742
8743
8744
8757
8758
8759
8763
8764
8765
8771
8772
8773
8774
8779
8780
8781
8785
8786
8788
8789
8790
8791
8792
8793
8794
8795
8796
8797
8798
8799
8800
8803
8804
8805
8806
8807
8808
8810
8811
8812
8813
8814
8815
8816
8817
8818
8824
8828
8832
8833
8834
8835
8836
8837
8838
8839
8840
8841
8842
8843
8844
8845
8846
8847
8849
8850
8851
8856
8857
8858
8859
8860
8861
8863
8864
8865
8866
8867
8868
8869
8870
8871
8873
8874
8875
8876
8877
8878
8879
8880
8881
8882
8887
8888
8889
8890
8891
8892
8893
8894
8895
8896
8901
8902
8903
8904
8905
8906
8911
8912
8913
8914
8915
8916
8917
8918
8919
8920
8921
8925
8933
8934
8935
8936
8939
8940
8941
8942
8945
8946
8947
8948
8949
8951
8952
8953
8954
8955
8956
8957
8958
8959
8960
8961
8964
8965
8969
8970
8971
8972
8973
8974
8978
8979
8980
8984
8985
8990
8999
9007
9008
9018
9019
9020
9021
9025
9026
9027
9029
9030
9032
9033
9034
9035
9036
9037
9038
9039
9040
9041
9042
9043
9045
9046
9047
9048
9049
9051
9052
9054
9055
9056
9057
9058
9059
9060
9061
9062
9063
9064
9065
9066
9067
9068
9069
9070
9071
9072
9073
9074
9075
9076
9077
9078
9079
9080
9081
9082
9083
9084
9085
9086
9087
9088
9089
9090
9091
9092
9093
9094
9095
9096
9097
9098
9099
9100
9101
9102
9103
9104
9105
9106
