0
1
8
9
10
62
63
64
77
78
79
89
90
91
92
98
99
100
108
112
113
114
146
147
148
169
170
171
193
194
195
196
211
212
213
221
222
223
229
230
234
235
254
255
257
258
259
269
270
271
272
273
274
306
307
308
310
311
319
320
331
332
333
339
340
352
353
354
357
358
359
360
361
377
378
379
387
388
389
398
399
400
401
409
410
413
414
429
430
433
434
435
436
437
438
439
440
441
442
443
444
446
447
448
452
465
466
467
504
505
506
516
517
518
527
528
529
533
534
535
541
542
554
555
556
567
568
569
575
576
577
584
585
586
589
590
591
597
598
599
600
601
605
606
607
614
615
648
649
650
651
652
667
668
669
672
673
674
700
701
702
720
721
722
742
743
744
747
748
749
771
772
773
781
789
790
795
796
806
807
808
809
814
815
816
824
825
826
827
829
830
831
940
941
942
943
966
967
986
987
988
999
1000
1001
1007
1008
1009
1011
1012
1013
1020
1021
1022
1029
1030
1031
1033
1034
1035
1039
1040
1041
1050
1051
1061
1062
1070
1071
1072
1077
1078
1079
1083
1084
1085
1090
1092
1093
1094
1102
1103
1104
1105
1108
1109
1110
1116
1117
1118
1121
1122
1123
1133
1134
1143
1144
1148
1149
1150
1174
1175
1183
1184
1185
1187
1188
1201
1202
1203
1205
1206
1207
1209
1210
1211
1217
1218
1219
1221
1222
1223
1229
1230
1231
1232
1237
1238
1239
1265
1266
1267
1284
1285
1286
1298
1299
1300
1303
1304
1305
1320
1321
1322
1325
1326
1327
1335
1336
1337
1339
1340
1341
1373
1374
1375
1397
1398
1399
1412
1413
1414
1431
1432
1433
1470
1471
1477
1478
1486
1487
1488
1489
1508
1509
1510
1513
1514
1515
1524
1525
1526
1532
1533
1534
1544
1545
1546
1547
1548
1559
1560
1561
1566
1567
1577
1578
1579
1585
1586
1587
1589
1590
1591
1596
1597
1598
1599
1600
1602
1603
1604
1610
1611
1612
1627
1628
1648
1649
1650
1652
1653
1654
1672
1673
1674
1701
1702
1703
1806
1807
1808
1809
1834
1835
1859
1860
1861
1869
1870
1876
1877
1878
1898
1899
1906
1907
1908
1911
1912
1913
1931
1932
1933
1934
1935
1936
1950
1951
1952
1957
1958
1965
1966
1967
1987
1988
2005
2006
2007
2011
2012
2013
2019
2020
2021
2022
2023
2024
2025
2026
2037
2038
2047
2048
2049
2051
2052
2061
2062
2063
2080
2081
2082
2096
2097
2098
2104
2105
2106
2121
2122
2123
2124
2125
2126
2133
2134
2135
2157
2158
2159
2194
2195
2196
2207
2208
2219
2220
2241
2242
2243
2278
2279
2280
2292
2293
2294
2299
2300
2301
2305
2306
2309
2310
2311
2312
2313
2400
2401
2402
2415
2416
2417
2428
2429
2430
2431
2432
2433
2444
2445
2446
2458
2459
2460
2462
2463
2464
2473
2474
2475
2482
2483
2485
2486
2487
2488
2493
2494
2495
2496
2497
2507
2508
2509
2511
2512
2513
2531
2532
2533
2543
2544
2548
2549
2550
2571
2572
2573
2574
2575
2579
2580
2581
2583
2584
2585
2593
2594
2595
2599
2600
2601
2602
2603
2604
2608
2609
2610
2625
2626
2627
2635
2636
2637
2638
2660
2661
2662
2680
2681
2682
2712
2713
2714
2732
2733
2734
2747
2748
2749
2754
2755
2756
2774
2775
2776
2785
2786
2787
2795
2796
2805
2806
2812
2813
2814
2911
2912
2913
2918
2919
2939
2940
2948
2949
2950
2963
2964
2965
2971
2972
2973
2979
2980
2981
2984
2985
3012
3013
3014
3025
3026
3027
3040
3041
3042
3057
3058
3059
3060
3062
3063
3064
3088
3089
3090
3114
3115
3128
3129
3132
3133
3141
3142
3143
3149
3150
3153
3154
3155
3156
3158
3159
3163
3164
3169
3170
3171
3176
3177
3178
3186
3187
3188
3189
3207
3208
3209
3221
3222
3223
3258
3259
3260
3265
3266
3278
3279
3290
3291
3292
3317
3318
3319
3323
3324
3325
3339
3340
3370
3371
3377
3378
3379
3389
3390
3391
3398
3399
3402
3403
3404
3436
3437
3439
3440
3441
3442
3443
3449
3450
3451
3452
3472
3473
3474
3487
3488
3489
3512
3513
3517
3518
3531
3532
3533
3535
3536
3537
3540
3541
3542
3543
3552
3553
3593
3594
3595
3598
3599
3600
3601
3602
3604
3605
3606
3613
3614
3615
3616
3617
3618
3626
3627
3628
3654
3655
3656
3665
3666
3671
3672
3673
3675
3676
3677
3695
3696
3697
3699
3700
3707
3708
3709
3720
3721
3731
3732
3733
3742
3743
3744
3760
3761
3762
3782
3783
3784
3786
3787
3788
3794
3795
3796
3797
3798
3799
3812
3813
3823
3824
3825
3826
3827
3828
3834
3835
3836
3880
3881
3894
3895
3900
3901
3902
3918
3919
3920
3921
3928
3929
3930
3947
3948
3955
3956
3965
3966
3979
3980
3984
3985
3986
3987
3988
3990
3991
4005
4006
4007
4013
4014
4030
4031
4032
4035
4036
4037
4044
4045
4046
4050
4051
4052
4053
4058
4059
4060
4061
4067
4068
4078
4079
4080
4091
4092
4095
4096
4097
4099
4105
4106
4107
4115
4116
4133
4134
4135
4136
4137
4138
4140
4141
4142
4150
4151
4169
4170
4171
4172
4173
4177
4178
4179
4200
4201
4211
4212
4213
4214
4215
4216
4232
4237
4238
4239
4260
4261
4262
4265
4266
4267
4281
4282
4283
4289
4290
4291
4320
4321
4322
4328
4329
4330
4335
4336
4339
4340
4341
4342
4343
4345
4346
4347
4354
4355
4356
4357
4361
4362
4363
4385
4386
4401
4402
4403
4404
4405
4406
4414
4415
4417
4418
4419
4420
4430
4445
4446
4468
4469
4470
4486
4487
4488
4489
4535
4536
4565
4566
4567
4609
4610
4611
4614
4615
4629
4630
4638
4639
4640
4644
4645
4654
4655
4656
4666
4667
4668
4669
4682
4688
4689
4690
4694
4695
4700
4701
4702
4703
4727
4728
4740
4741
4742
4750
4751
4752
4763
4764
4778
4779
4785
4786
4806
4807
4819
4820
4821
4823
4824
4828
4829
4830
4835
4836
4837
4839
4840
4841
4842
4847
4848
4863
4864
4865
4868
4869
4870
4871
4872
4873
4915
4916
4939
4940
4944
4945
4946
4947
4952
4953
4954
4956
4957
4958
4968
4969
4970
4972
4973
4985
4986
4987
4988
4993
4994
4995
5015
5016
5024
5025
5026
5040
5041
5042
5086
5087
5088
5089
5090
5104
5105
5106
5111
5112
5120
5121
5122
5143
5144
5145
5155
5156
5166
5167
5168
5182
5183
5184
5191
5192
5199
5200
5201
5212
5213
5215
5216
5227
5228
5229
5230
5238
5239
5240
5244
5245
5246
5250
5251
5252
5253
5254
5260
5261
5262
5270
5271
5272
5278
5279
5280
5281
5307
5308
5309
5319
5320
5342
5343
5344
5355
5362
5363
5371
5372
5387
5393
5394
5395
5412
5413
5414
5436
5437
5438
5445
5446
5465
5466
5467
5468
5509
5510
5519
5520
5521
5527
5528
5529
5532
5533
5534
5538
5539
5540
5547
5548
5552
5556
5557
5558
5565
5566
5567
5579
5580
5581
5582
5588
5589
5590
5591
5595
5596
5624
5625
5626
5638
5639
5640
5641
5642
5681
5682
5697
5698
5699
5701
5702
5710
5711
5712
5713
5714
5715
5716
5722
5723
5733
5734
5735
5736
5737
5738
5740
5741
5742
5743
5744
5758
5759
5760
5765
5766
5767
5768
5769
5777
5778
5779
5782
5818
5819
5820
5831
5832
5845
5846
5847
5860
5861
5862
5863
5864
5867
5868
5876
5877
5878
5890
5891
5892
5893
5905
5906
5907
5915
5916
5917
5918
5922
5923
5924
5925
5926
5928
5930
5931
5932
5935
5936
5937
5938
5939
5944
5945
5946
5949
5950
5951
5952
5953
5956
5957
5959
5960
5972
5973
5974
5988
5989
5990
5991
5992
6018
6019
6022
6023
6024
6027
6028
6029
6032
6033
6034
6035
6038
6039
6040
6041
6043
6044
6051
6052
6053
6054
6055
6057
6058
6060
6061
6062
6065
6066
6067
6074
6075
6076
6077
6078
6082
6083
6084
6099
6100
6101
6107
6108
6109
6110
6112
6113
6114
6115
6116
6117
6118
6125
6126
6127
6128
6129
6130
6131
6132
6133
6134
6137
6138
6139
6140
6141
6143
6144
6145
6150
6151
6152
6158
6159
6160
6164
6165
6166
6172
6173
6174
6186
6187
6188
6189
6191
6192
6193
6194
6195
6197
6198
6206
6207
6208
6209
6210
6226
6227
6228
6229
6238
6239
6240
6241
6248
6249
6250
6251
6252
6253
6275
6276
6277
6298
6299
6300
6308
6309
6318
6319
6320
6321
6329
6330
6331
6336
6337
6342
6343
6344
6352
6353
6354
6362
6363
6364
6365
6366
6367
6368
6369
6376
6377
6378
6382
6383
6384
6392
6393
6394
6401
6402
6408
6409
6410
6417
6418
6419
6422
6423
6424
6425
6426
6427
6428
6432
6433
6434
6440
6441
6442
6447
6448
6449
6454
6455
6456
6466
6467
6475
6476
6477
6488
6489
6490
6496
6497
6505
6506
6508
6509
6510
6512
6513
6514
6515
6521
6522
6523
6524
6528
6529
6530
6532
6533
6534
6536
6537
6538
6555
6556
6557
6564
6565
6566
6569
6570
6571
6573
6574
6575
6586
6587
6588
6595
6596
6601
6602
6603
6605
6606
6607
6616
6617
6618
6629
6630
6631
6642
6643
6644
6651
6652
6653
6660
6661
6662
6664
6665
6666
6670
6671
6672
6688
6689
6690
6699
6700
6701
6703
6704
6705
6709
6710
6711
6716
6717
6718
6722
6723
6724
6726
6727
6728
6730
6731
6732
6733
6734
6735
6736
6737
6738
6739
6740
6743
6744
6745
6748
6749
6750
6752
6753
6757
6758
6759
6777
6778
6779
6792
6793
6794
6807
6808
6809
6825
6826
6827
6839
6840
6842
6843
6845
6846
6847
6860
6861
6862
6871
6879
6880
6881
6882
6883
6888
6889
6890
6903
6904
6905
6916
6917
6918
6954
6955
6956
6963
6964
6965
6973
6974
6975
6980
6981
6982
6985
6986
6987
6988
6989
6990
6996
6997
6998
7017
7018
7019
7026
7027
7041
7042
7051
7052
7059
7060
7061
7067
7068
7069
7070
7071
7072
7074
7075
7076
7078
7079
7080
7081
7082
7083
7084
7085
7086
7096
7098
7099
7100
7101
7102
7103
7106
7107
7108
7112
7113
7117
7118
7119
7121
7122
7123
7130
7131
7133
7134
7135
7141
7142
7143
7155
7156
7157
7161
7166
7167
7168
7176
7177
7178
7185
7186
7187
7189
7190
7191
7194
7195
7196
7199
7200
7201
7211
7214
7215
7216
7217
7218
7219
7220
7222
7223
7224
7225
7226
7227
7228
7229
7230
7231
7232
7233
7234
7246
7247
7248
7257
7258
7259
7260
7261
7273
7274
7275
7276
7277
7278
7288
7289
7290
7295
7296
7299
7300
7301
7302
7303
7304
7305
7310
7311
7312
7313
7314
7315
7316
7317
7322
7323
7324
7332
7333
7334
7341
7342
7343
7358
7359
7369
7370
7371
7376
7377
7378
7380
7381
7382
7383
7385
7386
7387
7388
7389
7391
7392
7393
7403
7404
7405
7409
7410
7411
7412
7413
7421
7422
7438
7439
7447
7448
7449
7459
7460
7461
7469
7470
7472
7473
7478
7479
7485
7486
7499
7500
7501
7502
7503
7510
7511
7517
7518
7519
7522
7523
7524
7526
7527
7529
7530
7531
7532
7533
7534
7535
7536
7537
7538
7539
7541
7542
7543
7544
7545
7546
7547
7548
7549
7550
7551
7556
7557
7558
7561
7562
7563
7566
7567
7568
7577
7578
7582
7583
7584
7586
7587
7588
7592
7593
7594
7598
7599
7601
7602
7606
7607
7609
7610
7611
7616
7617
7618
7619
7621
7622
7623
7624
7625
7626
7627
7628
7632
7633
7634
7647
7648
7649
7661
7662
7663
7667
7668
7669
7672
7673
7674
7678
7679
7680
7681
7682
7683
7684
7685
7686
7687
7688
7693
7694
7695
7704
7705
7706
7713
7714
7715
7718
7719
7720
7721
7722
7723
7728
7729
7730
7731
7732
7733
7736
7737
7738
7743
7744
7745
7753
7754
7755
7766
7767
7770
7771
7775
7776
7777
7780
7781
7782
7792
7793
7794
7797
7798
7799
7804
7805
7806
7807
7816
7817
7818
7820
7821
7822
7827
7828
7829
7837
7838
7839
7841
7842
7843
7849
7850
7851
7852
7853
7854
7868
7869
7872
7877
7878
7879
7880
7881
7882
7883
7920
7921
7934
7935
7936
7937
7938
7946
7947
7948
7955
7956
7957
7967
7968
7969
7985
7986
7987
7993
7994
7995
7996
8005
8006
8007
8012
8013
8014
8018
8019
8020
8021
8023
8024
8025
8026
8027
8028
8031
8032
8035
8036
8037
8038
8039
8040
8041
8042
8043
8044
8045
8046
8047
8048
8049
8050
8051
8052
8053
8054
8055
8056
8063
8064
8065
8066
8067
8068
8069
8070
8071
8078
8079
8080
8090
8091
8093
8094
8096
8097
8099
8100
8101
8118
8119
8120
8125
8126
8127
8128
8129
8130
8131
8137
8138
8139
8143
8144
8145
8151
8160
8163
8164
8165
8168
8169
8170
8174
8175
8176
8180
8181
8182
8183
8184
8185
8186
8187
8188
8189
8193
8194
8195
8198
8199
8204
8205
8206
8207
8208
8209
8210
8211
8213
8214
8215
8217
8218
8219
8221
8222
8224
8226
8227
8228
8231
8236
8237
8238
8239
8240
8241
8242
8243
8244
8245
8246
8247
8248
8249
8250
8251
8252
8253
8254
8255
8256
8257
8258
8259
8260
8261
8262
8263
8264
8265
8266
8267
8268
8269
8270
8271
8272
8273
8274
8275
