4
5
6
22
23
24
66
67
68
79
80
81
87
88
89
108
109
117
118
138
139
140
141
142
143
145
146
156
157
158
160
161
162
191
200
201
202
220
221
226
227
228
236
237
238
258
259
260
261
267
268
269
278
279
280
292
293
294
295
298
299
300
311
312
313
333
334
335
351
352
356
357
358
359
360
361
362
371
372
373
374
375
376
377
378
379
380
381
389
390
391
419
420
421
425
426
427
433
434
435
436
437
440
441
442
446
447
448
450
451
452
453
465
466
467
468
469
475
476
477
480
481
482
486
487
498
499
500
501
502
519
520
521
535
536
537
548
549
550
555
556
576
577
578
592
593
594
654
655
656
670
671
672
678
679
680
681
682
695
696
697
705
706
707
711
712
713
727
728
731
732
733
734
735
736
737
738
739
740
745
746
747
748
749
753
754
755
757
758
759
760
761
762
766
767
769
770
771
780
781
782
790
791
792
809
810
811
814
815
816
829
830
831
835
836
837
838
839
858
859
860
868
869
871
872
873
874
875
887
888
889
908
909
910
931
932
952
953
954
965
966
967
971
972
973
982
983
984
998
999
1000
1011
1012
1021
1022
1023
1034
1035
1036
1045
1046
1047
1061
1062
1063
1065
1066
1074
1075
1076
1093
1094
1095
1102
1103
1104
1111
1112
1113
1117
1118
1119
1120
1130
1131
1132
1134
1135
1136
1149
1150
1151
1158
1159
1160
1173
1174
1175
1187
1188
1200
1210
1211
1212
1215
1216
1217
1224
1225
1226
1238
1239
1240
1244
1245
1246
1247
1250
1251
1252
1263
1264
1265
1285
1286
1287
1295
1296
1297
1307
1308
1309
1310
1323
1324
1325
1343
1344
1345
1358
1359
1360
1363
1364
1365
1371
1372
1373
1383
1384
1385
1386
1387
1388
1390
1391
1392
1395
1396
1397
1415
1416
1417
1418
1419
1444
1445
1446
1450
1451
1452
1457
1458
1459
1460
1461
1462
1469
1470
1471
1473
1474
1475
1481
1482
1483
1490
1491
1492
1493
1494
1495
1496
1497
1498
1499
1500
1516
1517
1518
1519
1520
1521
1522
1523
1524
1525
1531
1532
1533
1534
1535
1536
1543
1544
1545
1546
1562
1563
1564
1569
1570
1577
1578
1579
1580
1581
1582
1583
1584
1585
1586
1589
1590
1591
1592
1593
1594
1598
1599
1614
1615
1616
1617
1633
1634
1635
1639
1640
1641
1647
1648
1649
1658
1659
1660
1661
1667
1668
1675
1676
1677
1686
1687
1688
1695
1696
1697
1698
1699
1718
1719
1720
1733
1734
1735
1758
1759
1760
1786
1787
1788
1803
1804
1805
1817
1818
1819
1822
1823
1824
1829
1830
1831
1843
1844
1845
1854
1855
1856
1862
1863
1864
1896
1897
1898
1899
1912
1913
1914
1927
1928
1929
1939
1940
1941
1963
1964
1965
1980
1981
1982
2006
2032
2033
2041
2042
2043
2044
2046
2047
2048
2059
2080
2081
2082
2088
2089
2090
2091
2094
2095
2096
2097
2101
2102
2103
2104
2105
2106
2133
2134
2135
2136
2145
2146
2147
2156
2157
2158
2166
2167
2168
2175
2176
2177
2192
2193
2214
2215
2216
2224
2225
2226
2277
2278
2279
2331
2332
2333
2357
2358
2359
2384
2385
2386
2391
2392
2393
2432
2433
2436
2437
2438
2467
2468
2469
2472
2473
2474
2482
2483
2485
2486
2487
2495
2496
2497
2501
2502
2503
2507
2508
2509
2515
2516
2517
2518
2531
2532
2533
2550
2551
2552
2579
2580
2581
2585
2586
2587
2588
2589
2617
2618
2619
2620
2621
2622
2642
2656
2657
2658
2667
2668
2672
2673
2675
2676
2677
2686
2687
2688
2697
2698
2699
2705
2706
2721
2722
2723
2727
2728
2735
2736
2737
2738
2739
2740
2742
2743
2744
2748
2749
2750
2753
2754
2755
2760
2761
2762
2787
2788
2789
2796
2797
2805
2806
2807
2818
2828
2829
2830
2867
2868
2887
2888
2889
2910
2911
2928
2929
2930
2934
2935
2936
2968
2969
2970
2974
2975
2985
2986
2987
2997
2998
2999
3025
3026
3027
3032
3033
3034
3035
3036
3037
3038
3047
3048
3049
3050
3051
3066
3067
3068
3072
3073
3074
3075
3076
3077
3078
3079
3090
3091
3092
3100
3101
3115
3116
3117
3121
3122
3123
3127
3131
3132
3133
3140
3141
3148
3149
3150
3162
3163
3164
3169
3170
3171
3172
3176
3177
3192
3195
3196
3214
3215
3216
3225
3226
3227
3249
3250
3251
3253
3254
3255
3256
3265
3266
3267
3276
3277
3290
3291
3331
3332
3335
3336
3337
3353
3354
3355
3373
3374
3386
3387
3388
3389
3390
3391
3392
3394
3395
3409
3410
3411
3426
3427
3435
3436
3437
3438
3459
3460
3461
3492
3493
3494
3495
3496
3507
3508
3509
3520
3521
3522
3533
3534
3535
3592
3593
3594
3602
3603
3604
3607
3608
3625
3626
3627
3628
3639
3640
3641
3650
3651
3655
3658
3659
3660
3679
3680
3681
3694
3695
3696
3698
3699
3700
3704
3705
3706
3707
3708
3712
3713
3714
3720
3722
3723
3724
3725
3726
3735
3736
3737
3758
3759
3760
3761
3771
3772
3773
3778
3787
3788
3807
3808
3809
3817
3818
3819
3891
3892
3893
3918
3919
3928
3929
3930
3949
3950
3951
3979
3980
3981
3989
3990
3995
3996
3997
4006
4007
4008
4012
4013
4014
4015
4016
4027
4028
4029
4044
4045
4046
4056
4057
4058
4063
4064
4065
4072
4073
4074
4075
4076
4077
4096
4097
4098
4104
4110
4114
4115
4116
4121
4122
4123
4125
4126
4133
4134
4137
4138
4139
4152
4153
4159
4160
4161
4172
4173
4174
4176
4177
4178
4213
4214
4235
4236
4237
4291
4292
4299
4300
4301
4302
4307
4308
4309
4312
4313
4314
4315
4316
4317
4339
4340
4341
4347
4348
4349
4350
4351
4352
4365
4366
4367
4392
4393
4394
4427
4428
4429
4449
4450
4451
4455
4456
4457
4476
4477
4492
4493
4494
4496
4499
4500
4501
4505
4506
4507
4508
4512
4513
4514
4518
4519
4520
4523
4534
4535
4553
4554
4555
4558
4559
4560
4562
4563
4564
4568
4569
4573
4574
4575
4620
4621
4622
4631
4632
4633
4635
4636
4637
4639
4640
4641
4654
4655
4656
4657
4669
4670
4675
4683
4684
4685
4691
4692
4693
4696
4697
4698
4699
4710
4712
4713
4714
4721
4722
4723
4724
4730
4731
4742
4743
4744
4807
4808
4809
4810
4817
4818
4829
4830
4831
4838
4839
4840
4841
4854
4855
4862
4896
4897
4913
4914
4919
4920
4921
4922
4923
4928
4929
4934
4935
4948
4949
4952
4953
4959
4960
4961
4969
4970
4971
4973
4974
4975
4978
4979
4992
4993
4994
5007
5008
5009
5013
5014
5015
5019
5020
5028
5029
5033
5034
5035
5037
5038
5039
5040
5047
5053
5054
5059
5060
5061
5077
5078
5088
5096
5098
5099
5100
5102
5103
5104
5105
5108
5109
5112
5113
5114
5117
5118
5119
5124
5125
5126
5136
5137
5138
5152
5153
5154
5156
5157
5158
5163
5164
5165
5166
5167
5171
5172
5173
5177
5178
5179
5180
5181
5182
5186
5190
5195
5196
5197
5210
5211
5217
5218
5219
5220
5221
5222
5229
5230
5231
5248
5249
5250
5251
5254
5255
5256
5257
5258
5276
5284
5285
5286
5296
5297
5301
5310
5311
5331
5332
5344
5345
5346
5347
5352
5353
5354
5361
5362
5363
5366
5367
5383
5384
5385
5396
5397
5398
5399
5404
5405
5410
5411
5412
5420
5421
5425
5426
5432
5433
5447
5448
5453
5454
5463
5464
5496
5497
5498
5512
5513
5514
5524
5525
5530
5531
5542
5543
5548
5549
5550
5551
5552
5553
5565
5566
5567
5568
5569
5570
5571
5572
5583
5584
5585
5634
5635
5636
5637
5639
5640
5641
5642
5643
5644
5655
5656
5657
5673
5674
5676
5677
5678
5691
5692
5693
5694
5695
5696
5699
5700
5702
5703
5704
5705
5706
5710
5713
5714
5730
5731
5732
5740
5741
5745
5746
5747
5748
5755
5756
5757
5767
5768
5784
5785
5789
5790
5798
5799
5819
5820
5830
5831
5844
5845
5846
5863
5864
5865
5872
5888
5889
5890
5891
5892
5893
5895
5896
5910
5911
5912
5930
5931
5932
5956
5957
5992
5993
5994
5995
5999
6000
6001
6002
6007
6008
6009
6011
6012
6013
6020
6021
6025
6026
6034
6035
6036
6043
6044
6059
6075
6076
6077
6084
6085
6086
6089
6090
6091
6104
6105
6106
6111
6112
6120
6121
6122
6124
6125
6126
6127
6148
6149
6150
6154
6155
6156
6180
6181
6186
6187
6188
6193
6194
6195
6197
6203
6215
6216
6217
6221
6229
6230
6231
6240
6241
6242
6248
6249
6250
6251
6256
6257
6258
6266
6267
6268
6276
6277
6278
6291
6292
6293
6303
6304
6305
6311
6312
6313
6340
6341
6342
6371
6384
6385
6386
6389
6390
6391
6417
6418
6423
6424
6425
6430
6431
6432
6446
6447
6453
6454
6455
6457
6458
6459
6465
6466
6467
6470
6471
6472
6474
6475
6476
6481
6482
6483
6518
6519
6520
6531
6532
6535
6536
6537
6538
6541
6542
6543
6544
6545
6557
6558
6559
6564
6565
6569
6578
6579
6580
6594
6595
6596
6599
6600
6601
6602
6603
6604
6605
6606
6607
6608
6609
6610
6611
6615
6616
6617
6618
6619
6620
6624
6625
6626
6627
6628
6629
6630
6635
6636
6637
6638
6639
6640
6641
6642
6643
6644
6645
6647
6649
6650
6651
6652
6653
6654
6655
6656
6657
6658
6659
6660
6661
6662
6663
6664
6665
6666
6667
6674
6675
6676
6706
6736
6757
6758
6759
6775
6783
6784
6785
6793
6794
6800
6801
6802
6805
6806
6807
6809
6810
6811
6817
6818
6823
6824
6825
6827
6828
6829
6831
6832
6834
6835
6836
6837
6844
6845
6846
6852
6853
6854
6858
6859
6867
6868
6869
6880
6881
6882
6889
6890
6894
6895
6896
6899
6900
6901
6907
6908
6909
6917
6918
6919
6927
6928
6929
6934
6935
6936
6949
6950
6951
6952
6953
6954
6955
6958
6959
6961
6962
6963
6967
6968
6969
6971
6972
6973
6978
6979
6980
6981
6982
6983
6985
6986
6987
6989
6990
6991
6995
6996
6997
6999
7000
7001
7004
7005
7007
7008
7009
7010
7011
7015
7016
7017
7018
7019
7020
7026
7027
7028
7029
7035
7036
7037
7043
7044
7045
7050
7051
7052
7057
7058
7063
7064
7065
7077
7078
7079
7081
7082
7083
7085
7086
7087
7089
7090
7095
7096
7101
7102
7103
7104
7105
7106
7108
7109
7110
7111
7112
7113
7114
7115
7116
7117
7120
7121
7122
7123
7124
7126
7127
7128
7131
7132
7133
7134
7135
7136
7139
7140
7141
7147
7148
7149
7150
7151
7152
7154
7155
7156
7169
7170
7171
7180
7181
7182
7183
7184
7185
7201
7202
7203
7208
7209
7210
7227
7228
7229
7230
7231
7232
7237
7238
7239
7240
7262
7263
7267
7268
7269
7290
7291
7304
7305
7306
7309
7310
7311
7318
7319
7320
7351
7352
7353
7359
7360
7361
7364
7365
7366
7370
7371
7372
7382
7383
7396
7397
7398
7408
7409
7410
7413
7414
7415
7422
7423
7424
7427
7428
7429
7446
7447
7448
7454
7455
7456
7480
7481
7497
7498
7507
7508
7509
7525
7526
7527
7560
7561
7562
7563
7565
7566
7567
7569
7570
7571
7572
7574
7575
7576
7577
7578
7592
7593
7597
7598
7599
7626
7627
7628
7631
7632
7633
7640
7641
7642
7649
7650
7651
7657
7658
7659
7671
7672
7673
7683
7684
7687
7688
7689
7693
7694
7695
7697
7698
7699
7704
7705
7706
7710
7711
7712
7713
7714
7715
7716
7718
7719
7720
7721
7728
7729
7730
7743
7744
7745
7750
7751
7752
7758
7759
7760
7770
7771
7772
7784
7785
7786
7793
7794
7795
7810
7811
7812
7816
7817
7818
7821
7822
7830
7831
7832
7837
7838
7839
7846
7847
7848
7865
7866
7867
7868
7876
7877
7878
7883
7887
7888
7889
7900
7901
7902
7903
7907
7908
7909
7910
7911
7912
7913
7914
7915
7916
7917
7918
7924
7925
7926
7932
7933
7934
7935
7944
7945
7946
7947
7948
7949
7954
7955
7956
7957
7958
7959
7961
7962
7963
7967
7968
7969
7975
7976
7977
7978
7979
7986
7987
7988
7989
7990
8001
8002
8003
8017
8018
8019
8025
8026
8027
8032
8033
8034
8037
8038
8039
8043
8044
8045
8051
8052
8053
8055
8056
8057
8063
8064
8065
8067
8068
8069
8070
8071
8072
8073
8074
8075
8082
8083
8086
8087
8088
8091
8092
8093
8095
8096
8097
8098
8112
8113
8119
8120
8121
8129
8130
8131
8136
8137
8138
8142
8143
8147
8148
8149
8168
8169
8170
8171
8172
8174
8175
8176
8185
8186
8187
8189
8190
8191
8192
8193
8194
8201
8202
8203
8205
8206
8207
8211
8212
8213
8214
8215
8222
8223
8224
8227
8228
8237
8238
8239
8245
8246
8254
8255
8256
8260
8261
8267
8268
8269
8278
8279
8281
8282
8286
8287
8288
8291
8292
8293
8296
8299
8300
8301
8305
8306
8307
8312
8313
8320
8321
8322
8324
8325
8326
8327
8336
8337
8338
8339
8348
8349
8350
8351
8352
8353
8354
8355
8356
8367
8368
8369
8378
8379
8380
8381
8382
8383
8387
8388
8389
8397
8398
8399
8400
8401
8402
8404
8405
8406
8407
8408
8409
8415
8416
8417
8424
8425
8426
8436
8437
8438
8444
8445
8446
8450
8451
8452
8457
8458
8461
8462
8463
8464
8471
8472
8473
8474
8475
8476
8477
8478
8479
8481
8482
8483
8487
8488
8489
8495
8496
8497
8502
8503
8504
8506
8507
8508
8509
8510
8511
8515
8516
8517
8522
8523
8524
8530
8531
8534
8536
8540
8541
8542
8545
8546
8547
8551
8552
8553
8557
8558
8559
8566
8567
8581
8582
8583
8598
8599
8600
8608
8609
8610
8620
8621
8622
8629
8630
8637
8638
8639
8649
8656
8657
8658
8659
8660
8661
8662
8663
8664
8665
8685
8686
8690
8691
8692
8703
8704
8705
8711
8712
8713
8726
8727
8728
8733
8734
8735
8736
8741
8742
8743
8745
8746
8747
8748
8749
8750
8755
8756
8757
8758
8762
8763
8764
8765
8766
8767
8768
8769
8775
8776
8783
8784
8787
8788
8789
8793
8794
8797
8798
8801
8802
8803
8804
8808
8809
8810
8811
8812
8813
8814
8815
8816
8817
8818
8819
8820
8825
8826
8827
8828
8829
8830
8831
8835
8836
8837
8838
8839
8840
8841
8842
8843
8844
8845
8846
8848
8849
8852
8853
8854
8855
8862
8863
8864
8867
8868
8872
8873
8874
8875
8876
8877
8878
8879
8880
8881
8882
8883
8884
8885
8886
8887
8888
8889
8890
8891
8892
8894
8895
8897
8898
8899
8900
8901
8902
8903
8904
8905
8906
8909
8910
8911
8912
8913
8914
8916
8917
8918
8919
8926
8927
8928
8934
8935
8936
8949
8950
8955
8956
8957
8958
8966
8967
8968
8970
8971
8972
8974
8975
8978
8979
8980
8983
8984
8985
8989
8990
8991
8992
8993
8994
8995
8996
8997
8998
9000
9001
9002
9010
9011
9012
9016
9017
9018
9019
9020
9021
9022
9023
9024
9025
9028
9029
9030
9033
9034
9035
9036
9038
9039
9040
9041
9042
9043
9044
9048
9049
9050
9053
9055
9056
9057
9058
9071
9072
9075
9076
9077
9081
9082
9083
9084
9085
9086
9087
9088
9089
9090
9091
9092
9093
9094
9095
9096
9097
9098
9099
9104
9105
9106
9107
9110
9111
9112
9114
9115
9116
9117
9118
9119
9123
9124
9125
9129
9130
9131
9137
9138
9139
9140
9149
9150
9158
9159
9160
9163
9164
9165
9166
9167
9170
9171
9172
9174
9175
9176
9177
9178
9182
9183
9184
9189
9190
9191
9193
9194
9195
9200
9201
9202
9210
9211
9212
9214
9215
9216
9221
9222
9223
9229
9230
9231
9232
9233
9234
9237
9238
9239
9240
9249
9250
9251
9252
9253
9254
9255
9256
9257
9264
9265
9266
9268
9269
9271
9272
9273
9274
9275
9282
9283
9284
9286
9287
9288
9291
9292
9294
9295
9296
9298
9299
9300
9311
9312
9313
9314
9315
9322
9323
9324
9326
9327
9328
9329
9330
9332
9333
9334
9342
9343
9344
9345
9346
9347
9348
9349
9350
9353
9354
9357
9358
9359
9361
9362
9363
9364
9365
9366
9367
9369
9370
9371
9377
9378
9379
9384
9385
9386
9393
9394
9395
9397
9398
9399
9403
9404
9405
9406
9407
9408
9409
9410
9419
9420
9422
9423
9424
9425
9430
9431
9432
9435
9436
9437
9438
9439
9440
9441
9442
9443
9444
9445
9446
9458
9459
9460
9468
9469
9470
9481
9482
9486
9487
9488
9489
9490
9491
9498
9499
9500
9509
9510
9511
9512
9514
9515
9516
9521
9522
9523
9528
9529
9531
9532
9533
9534
9535
9536
9537
9538
9539
9542
9543
9544
9546
9547
9548
9550
9551
9552
9557
9558
9559
9563
9564
9565
9568
9569
9570
9578
9579
9580
9585
9586
9587
9589
9590
9591
9594
9595
9596
9597
9598
9601
9602
9603
9604
9606
9607
9608
9616
9617
9618
9619
9620
9627
9628
9629
9634
9635
9636
9641
9642
9645
9646
9647
9656
9657
9658
9665
9666
9669
9670
9671
9674
9675
9676
9681
9682
9683
9686
9687
9688
9689
9690
9691
9692
9693
9694
9695
9696
9697
9698
9699
9700
9701
9702
9703
9704
9705
9706
9707
9708
9709
9710
9711
9712
9713
9714
9715
9716
9717
9718
9719
9720
9721
9722
9723
9724
9725
9726
9727
9728
9729
9730
9731
9732
9733
9734
9735
9736
9737
9738
9739
9740
9741
9742
9743
9745
9746
