17
18
19
20
21
22
50
51
52
63
64
65
74
75
76
85
86
87
94
95
96
97
98
99
105
106
116
117
118
132
133
208
209
210
219
220
221
223
224
225
234
235
236
246
247
248
259
260
261
268
269
270
275
276
277
365
366
373
374
375
376
381
382
383
399
400
424
425
439
440
441
448
449
450
451
454
455
456
476
477
491
492
493
530
531
542
543
544
550
551
565
566
567
578
579
621
622
623
634
635
636
637
645
646
650
651
652
655
656
657
665
666
667
676
677
678
679
685
686
687
693
694
696
697
698
729
730
731
751
759
760
761
763
764
799
800
806
807
808
809
810
811
812
814
815
821
822
823
846
847
848
880
881
882
887
888
889
905
906
907
919
920
921
980
1000
1001
1002
1049
1050
1099
1100
1101
1104
1105
1106
1128
1133
1134
1135
1148
1149
1150
1175
1176
1177
1183
1184
1185
1189
1190
1195
1196
1197
1198
1199
1216
1217
1218
1238
1239
1242
1243
1244
1249
1250
1261
1262
1263
1276
1277
1284
1301
1302
1305
1306
1307
1328
1329
1330
1364
1365
1366
1410
1445
1446
1447
1458
1459
1460
1463
1464
1465
1489
1490
1491
1502
1503
1504
1505
1506
1512
1517
1518
1519
1588
1589
1590
1592
1593
1594
1605
1609
1610
1611
1636
1637
1648
1649
1650
1670
1671
1672
1673
1674
1678
1679
1680
1684
1685
1699
1700
1702
1709
1710
1711
1766
1767
1768
1817
1824
1825
1826
1836
1837
1838
1848
1849
1850
1853
1854
1855
1873
1879
1880
1881
1882
1883
1884
1885
1886
1893
1894
1900
1901
1902
1924
1925
1926
1958
1959
1960
1963
1994
1995
1996
2001
2021
2022
2026
2027
2028
2055
2056
2057
2063
2064
2065
2066
2088
2103
2104
2105
2109
2110
2111
2133
2165
2166
2167
2170
2171
2204
2205
2206
2216
2217
2218
2241
2242
2243
2253
2254
2255
2256
2257
2258
2277
2278
2279
2280
2281
2291
2292
2293
2322
2323
2351
2356
2358
2359
2360
2393
2394
2395
2425
2426
2427
2444
2447
2448
2449
2452
2453
2487
2488
2489
2492
2495
2496
2514
2528
2529
2530
2531
2532
2539
2540
2552
2553
2554
2566
2567
2573
2587
2588
2602
2603
2635
2636
2672
2673
2695
2703
2704
2716
2717
2718
2733
2747
2748
2749
2753
2754
2755
2760
2761
2762
2774
2775
2776
2800
2801
2802
2813
2824
2825
2843
2844
2847
2848
2879
2880
2881
2882
2894
2913
2923
2946
2947
2953
2954
2955
2961
2962
2963
2964
2965
2966
2970
2971
2993
2997
2998
3010
3011
3012
3014
3015
3016
3034
3035
3036
3095
3096
3097
3113
3118
3119
3120
3136
3137
3149
3150
3186
3187
3210
3211
3212
3222
3223
3224
3234
3235
3236
3244
3245
3274
3275
3276
3296
3306
3307
3308
3312
3317
3318
3319
3330
3331
3341
3342
3343
3358
3359
3360
3394
3395
3396
3422
3423
3433
3434
3451
3452
3453
3466
3467
3476
3477
3478
3485
3486
3487
3488
3489
3532
3533
3534
3551
3557
3558
3559
3570
3571
3572
3573
3585
3586
3587
3590
3591
3592
3597
3598
3610
3611
3612
3617
3618
3619
3621
3622
3623
3628
3629
3630
3638
3639
3642
3643
3644
3645
3646
3672
3679
3680
3681
3684
3685
3686
3698
3699
3712
3713
3714
3717
3718
3719
3722
3723
3724
3729
3730
3741
3742
3743
3775
3776
3795
3796
3802
3803
3804
3805
3814
3815
3816
3817
3830
3831
3832
3838
3839
3852
3853
3858
3859
3860
3865
3866
3867
3884
3885
3889
3890
3891
3903
3904
3919
3920
3921
3922
3927
3934
3937
3938
3939
3944
3945
3960
3961
3962
3972
3973
3975
3976
3977
3978
3979
3989
3990
3991
3992
3993
3994
3995
3996
3997
3999
4000
4001
4002
4008
4009
4010
4016
4021
4022
4023
4024
4025
4031
4032
4033
4039
4040
4050
4051
4053
4054
4055
4058
4059
4061
4062
4063
4064
4065
4066
4067
4068
4069
4073
4074
4075
4076
4077
4078
4079
4080
4081
4082
4084
4085
4086
4089
4090
4091
4092
4093
4094
4095
4096
4097
4099
4100
4101
4102
4103
4104
4105
4106
4107
4109
4110
4112
4113
4114
4115
4116
4117
4119
4120
4121
4123
4124
4128
4129
4132
4133
4134
4141
4142
4143
4144
4145
4146
4148
4149
4150
4152
4153
4159
4160
4161
4165
4168
4169
4170
4173
4174
4175
4176
4177
4179
4180
4181
4182
4186
4187
4188
4193
4194
4195
4196
4197
4198
4205
4206
4210
4211
4212
4213
4215
4216
4222
4223
4228
4229
4230
4235
4236
4237
4238
4260
4261
4262
4265
4266
4267
4269
4270
4271
4275
4276
4277
4302
4303
4307
4308
4309
4310
4312
4313
4314
4315
4316
4317
4321
4322
4332
4333
4334
4340
4341
4342
4353
4354
4360
4361
4367
4368
4369
4371
4372
4373
4376
4377
4378
4382
4383
4386
4387
4392
4403
4404
4414
4415
4416
4417
4436
4437
4448
4449
4451
4452
4453
4455
4456
4457
4458
4461
4462
4463
4464
4478
4479
4480
4491
4492
4493
4510
4511
4517
4518
4519
4520
4521
4524
4525
4526
4528
4529
4530
4534
4535
4536
4556
4558
4559
4560
4565
4566
4567
4570
4571
4573
4574
4575
4576
4583
4584
4585
4589
4590
4591
4600
4601
4602
4606
4607
4608
4611
4612
4615
4616
4617
4618
4625
4626
4636
4640
4641
4642
4643
4648
4649
4650
4651
4652
4653
4654
4656
4657
4659
4660
4661
4662
4667
4668
4671
4673
4674
4679
4680
4681
4682
4683
4684
4690
4691
4700
4701
4703
4704
4705
4717
4723
4729
4730
4732
4733
4734
4735
4736
4737
4738
4740
4741
4742
4743
4753
4754
4777
4778
4779
4781
4782
4783
4798
4799
4803
4804
4811
4812
4813
4814
4815
4818
4827
4828
4829
4830
4834
4835
4844
4845
4853
4854
4855
4860
4861
4862
4870
4871
4872
4874
4875
4876
4881
4882
4883
4885
4886
4887
4890
4891
4893
4894
4896
4897
4898
4903
4904
4910
4911
4916
4917
4919
4920
4921
4930
4940
4944
4945
4962
4963
4971
4972
4978
4979
4981
4990
5005
5006
5007
5008
5009
5010
5016
5017
5023
5026
5027
5028
5038
5039
5053
5054
5073
5074
5076
5084
5085
5086
5102
5103
5118
5119
5120
5125
5126
5127
5131
5132
5133
5139
5140
5147
5148
5156
5161
5162
5163
5180
5181
5182
5184
5185
5186
5187
5188
5189
5190
5191
5196
5197
5201
5202
5203
5204
5205
5206
5207
5208
5209
5210
5211
5212
