17
18
19
25
26
27
33
34
54
55
56
57
58
59
64
65
66
110
111
112
136
137
138
142
143
144
145
146
147
148
149
150
160
161
162
172
173
174
193
194
197
198
199
200
201
202
203
216
217
218
228
229
230
253
254
302
303
304
307
308
309
312
313
367
368
369
374
375
386
387
388
412
413
426
427
428
438
439
440
441
442
443
454
455
456
460
461
469
470
471
478
479
480
539
540
541
564
565
566
582
583
584
605
606
607
612
613
614
628
629
630
631
634
635
646
647
648
651
652
653
654
655
656
662
663
664
669
670
671
677
678
679
680
681
682
684
685
686
689
690
691
699
700
701
706
707
713
714
715
723
724
725
727
728
729
737
738
739
746
747
748
769
770
771
772
773
774
778
779
780
784
785
786
789
790
791
792
793
799
800
801
805
806
818
819
820
821
822
827
828
829
849
850
851
885
886
887
949
950
962
963
971
972
976
977
999
1073
1074
1076
1077
1078
1092
1093
1094
1103
1104
1105
1107
1108
1109
1120
1121
1122
1152
1153
1154
1155
1160
1161
1162
1179
1180
1181
1186
1187
1188
1191
1192
1193
1196
1197
1198
1209
1210
1211
1217
1218
1219
1225
1226
1227
1228
1273
1274
1275
1277
1278
1279
1284
1285
1286
1289
1290
1291
1317
1318
1319
1341
1342
1354
1355
1356
1362
1363
1364
1373
1384
1385
1386
1389
1390
1391
1419
1420
1421
1456
1457
1458
1460
1461
1471
1472
1473
1474
1475
1476
1477
1478
1479
1482
1483
1484
1487
1488
1489
1490
1491
1499
1500
1501
1505
1506
1507
1508
1509
1518
1519
1524
1525
1526
1537
1538
1544
1545
1546
1568
1569
1570
1571
1578
1579
1580
1591
1592
1601
1602
1603
1604
1605
1606
1607
1608
1611
1612
1613
1621
1622
1623
1645
1646
1647
1676
1677
1678
1693
1694
1695
1698
1699
1700
1701
1709
1710
1711
1713
1714
1715
1731
1732
1736
1737
1738
1740
1741
1747
1748
1749
1751
1752
1753
1756
1757
1762
1763
1771
1772
1773
1777
1778
1779
1784
1785
1787
1788
1789
1791
1792
1793
1794
1795
1798
1799
1800
1801
1802
1803
1812
1813
1814
1816
1817
1818
1819
1820
1821
1828
1829
1830
1847
1848
1850
1851
1852
1858
1859
1860
1861
1862
1863
1866
1867
1868
1882
1883
1884
1893
1894
1895
1896
1897
1905
1906
1907
1908
1909
1910
1911
1912
1948
1949
1950
1975
1976
2039
2040
2041
2065
2066
2067
2085
2086
2092
2093
2094
2122
2123
2124
2149
2150
2151
2160
2161
2162
2167
2168
2169
2194
2195
2196
2220
2221
2236
2237
2238
2254
2255
2256
2267
2268
2273
2274
2275
2276
2284
2285
2286
2341
2342
2343
2351
2352
2363
2364
2365
2366
2390
2391
2392
2395
2396
2397
2398
2400
2401
2402
2404
2405
2406
2411
2412
2413
2420
2421
2422
2423
2427
2428
2429
2436
2437
2438
2449
2450
2453
2454
2455
2466
2467
2468
2484
2485
2486
2492
2493
2494
2504
2505
2506
2512
2527
2528
2529
2564
2565
2582
2583
2584
2605
2607
2608
2614
2615
2616
2620
2621
2622
2641
2642
2643
2646
2647
2653
2654
2672
2673
2674
2742
2743
2753
2765
2766
2767
2776
2777
2778
2782
2783
2795
2796
2797
2802
2803
2809
2810
2811
2819
2820
2821
2841
2842
2848
2849
2850
2858
2859
2860
2864
2865
2866
2867
2872
2898
2899
2900
2901
2917
2918
2919
2924
2925
2942
2943
2944
2947
2948
2949
2951
2952
2953
2954
2955
2957
2958
2963
2964
2965
2969
2970
2971
2989
2990
2991
2995
2996
3005
3006
3007
3018
3019
3020
3021
3022
3025
3026
3027
3033
3034
3035
3039
3040
3041
3042
3043
3059
3060
3074
3075
3085
3086
3087
3112
3113
3119
3120
3121
3125
3141
3142
3143
3164
3165
3177
3178
3179
3180
3181
3185
3186
3187
3200
3201
3202
3209
3210
3216
3217
3218
3241
3242
3243
3244
3252
3253
3254
3271
3272
3282
3283
3297
3298
3299
3305
3306
3307
3318
3319
3320
3323
3324
3325
3333
3334
3335
3343
3344
3345
3353
3354
3355
3361
3377
3378
3386
3387
3388
3420
3421
3435
3436
3437
3442
3443
3444
3455
3456
3457
3484
3485
3488
3489
3490
3495
3496
3497
3503
3504
3508
3509
3510
3522
3523
3524
3531
3532
3533
3534
3535
3536
3543
3544
3552
3553
3554
3558
3559
3560
3561
3568
3569
3591
3592
3593
3611
3612
3613
3625
3626
3627
3633
3634
3643
3671
3672
3676
3691
3692
3709
3710
3711
3713
3714
3715
3721
3730
3731
3732
3736
3737
3738
3755
3756
3786
3787
3788
3789
3831
3832
3842
3843
3844
3845
3846
3847
3848
3856
3857
3858
3874
3875
3876
3905
3906
3907
3911
3912
3913
3941
3942
3945
3946
3947
3950
3957
3958
3967
3968
3991
3992
3993
4003
4004
4005
4006
4007
4008
4009
4010
4011
4013
4014
4015
4024
4025
4026
4030
4031
4046
4047
4048
4058
4059
4067
4068
4077
4078
4093
4094
4095
4097
4098
4099
4106
4107
4108
4109
4110
4111
4116
4117
4123
4124
4125
4136
4140
4141
4142
4153
4154
4155
4174
4175
4179
4180
4181
4186
4187
4188
4191
4192
4193
4194
4211
4212
4213
4223
4224
4225
4246
4247
4248
4249
4256
4257
4258
4262
4263
4264
4275
4276
4277
4286
4287
4288
4289
4299
4300
4301
4302
4303
4315
4316
4317
4322
4323
4335
4336
4337
4338
4345
4346
4347
4352
4353
4354
4357
4358
4362
4363
4368
4369
4376
4377
4409
4410
4411
4417
4418
4427
4428
4429
4439
4440
4450
4451
4452
4455
4456
4457
4458
4459
4467
4468
4469
4481
4482
4483
4485
4486
4498
4499
4500
4501
4504
4505
4506
4519
4520
4521
4531
4532
4533
4541
4542
4543
4544
4565
4566
4573
4574
4575
4581
4582
4583
4602
4603
4616
4617
4618
4633
4634
4635
4636
4645
4655
4665
4666
4667
4668
4669
4670
4671
4672
4675
4683
4684
4692
4693
4694
4704
4705
4706
4710
4711
4712
4713
4714
4720
4721
4722
4723
4735
4736
4737
4740
4741
4742
4745
4746
4747
4748
4749
4751
4752
4753
4754
4779
4780
4792
4793
4794
4795
4796
4797
4802
4803
4804
4818
4819
4820
4826
4827
4828
4829
4837
4838
4839
4840
4849
4850
4851
4852
4866
4867
4890
4891
4892
4904
4905
4906
4908
4909
4910
4922
4930
4937
4938
4939
4940
4956
4957
4971
4972
4984
4985
4986
4987
4988
4989
4993
4994
4995
4998
4999
5016
5017
5020
5021
5034
5035
5036
5051
5052
5053
5054
5055
5060
5061
5062
5063
5072
5073
5076
5077
5078
5086
5087
5101
5102
5103
5114
5115
5116
5118
5119
5120
5125
5126
5133
5134
5135
5137
5138
5139
5144
5145
5146
5148
5149
5150
5157
5158
5159
5160
5166
5167
5168
5176
5177
5220
5221
5231
5232
5233
5234
5235
5241
5242
5244
5245
5246
5248
5249
5250
5251
5261
5262
5289
5305
5306
5307
5320
5321
5322
5323
5324
5328
5329
5334
5335
5341
5342
5343
5344
5345
5347
5348
5349
5350
5351
5352
5357
5358
5359
5360
5361
5372
5373
5374
5387
5388
5389
5390
5391
5394
5395
5396
5397
5398
5419
5420
5421
5422
5423
5424
5425
5426
5427
5428
5435
5436
5437
5438
5439
5442
5443
5444
5451
5452
5453
5459
5460
5461
5467
5468
5469
5470
5471
5475
5476
5477
5484
5485
5486
5492
5493
5494
5496
5497
5498
5505
5506
5507
5515
5516
5517
5519
5520
5521
5522
5525
5526
5527
5531
5532
5533
5541
5542
5543
5545
5546
5547
5549
5550
5551
5554
5556
5557
5558
5561
5562
5569
5570
5571
5572
5573
5574
5576
5577
5580
5581
5582
5585
5586
5587
5588
5589
5590
5591
5592
5598
5599
5600
5607
5608
5609
5610
5611
5615
5616
5617
5621
5623
5624
5625
5626
5627
5630
5631
5632
5635
5636
5637
5638
5639
5640
5643
5644
5649
5650
5651
5655
5656
5657
5663
5669
5670
5671
5673
5674
5675
5676
5677
5678
5679
5684
5685
5689
5690
5691
5692
5693
5694
5695
5699
5700
5701
5707
5708
5712
5713
5715
5716
5717
5720
5721
5722
5724
5725
5726
5727
5735
5736
5739
5740
5741
5743
5744
5745
5747
5748
5749
5750
5751
5753
5754
5758
5759
5769
5770
5771
5776
5777
5778
5792
5793
5795
5796
5797
5801
5802
5803
5807
5808
5810
5811
5822
5823
5824
5828
5829
5834
5835
5836
5839
5840
5841
5843
5844
5845
5846
5847
5868
5869
5874
5875
5881
5882
5883
5890
5891
5903
5904
5905
5906
5907
5908
5909
5910
5911
5915
5916
5917
5918
5919
5920
5921
5922
5924
5925
5926
5930
5931
5933
5934
5935
5939
5940
5941
5947
5948
5949
5954
5955
5956
5957
5958
5959
5961
5962
5963
5967
5968
5969
5973
5974
5975
5978
5979
5980
5982
5983
5984
5992
5993
5994
5997
5998
5999
6000
6001
6002
6009
6010
6011
6012
6015
6016
6020
6021
6022
6023
6034
6035
6036
6037
6041
6042
6043
6055
6063
6069
6070
6073
6074
6082
6083
6084
6085
6086
6087
6088
6089
6090
6099
6100
6101
6110
6111
6113
6114
6115
6124
6125
6126
6134
6135
6136
6147
6148
6162
6163
6175
6176
6177
6178
6179
6198
6199
6200
6205
6206
6224
6225
6226
6239
6240
6241
6256
6257
6275
6276
6277
6278
6279
6280
6282
6283
6284
6285
6305
6317
6318
6319
6324
6326
6327
6328
6335
6336
6340
6341
6343
6346
6347
6348
6349
6350
6365
6366
6370
6371
6372
6380
6381
6382
6385
6386
6387
6390
6391
6392
6400
6401
6402
6403
6404
6409
6410
6411
6414
6415
6416
6424
6425
6427
6428
6429
6430
6431
6432
6433
6434
6435
6436
6438
6439
6440
6441
6442
6443
6444
6450
6451
6452
6460
6461
6462
6463
6469
6470
6471
6473
6474
6475
6481
6482
6483
6491
6492
6493
6496
6497
6498
6499
6500
6505
6506
6507
6509
6510
6511
6516
6517
6518
6526
6527
6528
6529
6530
6531
6534
6542
6543
6544
6545
6546
6547
6552
6553
6554
6559
6560
6561
6564
6565
6566
6567
6569
6570
6577
6578
6579
6580
6587
6588
6592
6593
6594
6596
6597
6598
6600
6601
6602
6607
6608
6609
6612
6613
6614
6617
6618
6622
6623
6624
6629
6630
6631
6632
6633
6634
6640
6641
6642
6643
6644
6645
6646
6647
6648
6653
6654
6655
6656
6657
6660
6661
6662
6663
6664
6665
6666
6667
6668
6672
6673
6674
6677
6678
6679
6684
6685
6686
6694
6695
6696
6700
6701
6702
6703
6716
6717
6718
6719
6720
6721
6722
6723
6729
6730
6731
6739
6741
6742
6743
6744
6745
6750
6751
6760
6761
6762
6767
6768
6771
6772
6773
6775
6777
6778
6779
6780
6781
6782
6785
6786
6787
6788
6793
6794
6795
6796
6798
6799
6800
6801
6803
6804
6805
6806
6807
6808
6812
6813
6814
6818
6819
6820
6821
6822
6823
6827
6828
6831
6832
6833
6834
6835
6836
6839
6844
6845
6846
6847
6848
6851
6852
6853
6859
6860
6866
6867
6872
6873
6875
6876
6877
6878
6879
6880
6881
6884
6885
6886
6889
6890
6891
6892
6893
6894
6897
6898
6899
6900
6901
6902
6903
6904
6908
6909
6910
6915
6916
6917
6919
6920
6921
6923
6924
6925
6926
6927
6928
6929
6930
6931
6932
6933
6934
6935
6937
6938
6939
6946
6947
6949
6950
6951
6952
6953
6954
6956
6957
6958
6960
6961
6962
6963
6964
6965
6966
6967
6968
6969
6971
6972
6973
6975
6976
6977
6978
6979
6980
6981
6982
6983
6984
6985
6992
6993
6994
6997
6998
6999
7000
7001
7002
7003
7004
7005
7006
7007
7017
7018
7019
7022
7023
7024
7026
7027
7028
7029
7032
7033
7034
7035
7036
7037
7038
7039
7040
7042
7043
7044
7045
7046
7047
7048
7049
7053
7054
7055
7056
7060
7061
7062
7066
7067
7068
7069
7070
7073
7076
7077
7079
7080
7081
7082
7086
7087
7088
7098
7099
7107
7108
7109
7112
7113
7114
7115
7116
7118
7119
7121
7122
7123
7135
7136
7137
7138
7140
7141
7142
7143
7146
7150
7151
7152
7153
7154
7155
7156
7160
7161
7162
7163
7164
7165
7166
7167
7168
7169
7170
7171
7172
7181
7182
7183
7186
7187
7188
7193
7194
7196
7197
7198
7199
7208
7209
7218
7219
7220
7221
7222
7230
7231
7234
7235
7236
7237
7238
7239
7240
7241
7242
7243
7244
7245
7249
7264
7265
7266
7268
7269
7270
7271
7272
7275
7276
7277
7280
7281
7282
7283
7284
7286
7287
7288
7289
7290
7291
7292
7293
7294
7295
7296
7297
7298
7299
7313
7314
7319
7320
7322
7323
7324
7326
7327
7328
7330
7331
7332
7333
7334
7335
7336
7337
7338
7341
7342
7343
7345
7346
7347
7349
7350
7355
7356
7357
7358
7359
7362
7363
7364
7369
7370
7371
7374
7375
7376
7379
7380
7381
7394
7395
7410
7411
7412
7415
7416
7419
7420
7424
7425
7429
7430
7431
7432
7433
7434
7437
7438
7439
7440
7441
7442
7445
7446
7449
7450
7451
7458
7459
7468
7469
7474
7475
7476
7477
7478
7482
7483
7484
7486
7487
7496
7497
7498
7500
7501
7502
7505
7506
7507
7511
7512
7514
7515
7517
7518
7519
7525
7526
7529
7530
7531
7536
7537
7538
7544
7545
7546
7547
7548
7549
7555
7556
7557
7558
7565
7566
7567
7572
7573
7574
7575
7576
7578
7579
7580
7586
7587
7592
7593
7594
7596
7597
7598
7604
7605
7606
7609
7610
7611
7612
7613
7614
7615
7616
7620
7621
7622
7624
7625
7626
7627
7628
7629
7632
7633
7634
7638
7639
7640
7643
7644
7650
7651
7652
7653
7654
7659
7660
7661
7664
7665
7666
7667
7668
7669
7670
7671
7672
7673
7674
7675
7677
7678
7679
7681
7682
7683
7684
7685
7688
7689
7690
7694
7695
7696
7707
7709
7710
7711
7712
7713
7714
7716
7717
7719
7720
7722
7723
7724
7725
7726
7727
7728
7729
7731
7732
7733
7735
7736
7737
7738
7739
7740
7741
7742
7743
7744
7745
7746
7747
7748
7749
7750
7751
7752
7753
7754
7755
7756
7757
7758
7759
7760
7761
7762
7763
7764
7765
7766
7767
7768
7769
7770
7771
7772
7773
7774
7775
7776
7777
7778
7779
7780
7781
7782
