0
1
6
7
8
24
25
26
30
31
32
33
34
35
36
39
40
41
52
53
54
59
60
61
69
70
71
87
88
89
93
94
102
103
104
109
110
111
120
121
122
156
157
158
180
181
182
183
184
185
186
187
188
189
190
191
192
193
195
196
197
198
199
200
218
219
220
221
222
230
231
232
236
237
238
282
283
284
340
341
342
352
366
367
368
373
374
375
388
389
390
404
405
406
418
419
420
427
428
429
434
435
436
443
444
445
462
463
464
478
479
480
496
497
515
516
517
518
519
520
529
530
531
539
540
541
548
549
550
552
553
554
562
563
564
565
566
579
580
581
601
602
603
609
610
611
612
621
622
632
633
634
644
645
664
665
666
667
668
669
682
683
692
693
694
695
696
697
698
701
702
703
711
712
713
730
731
732
738
739
767
768
769
770
784
785
786
807
808
809
810
811
812
813
814
815
816
817
818
829
830
831
832
839
840
841
842
847
848
849
853
854
855
862
863
864
867
868
869
876
877
878
883
884
885
888
889
890
910
911
912
922
923
924
966
967
968
969
970
977
978
979
985
986
987
997
998
999
1006
1007
1021
1022
1023
1035
1036
1037
1040
1041
1042
1045
1046
1056
1057
1058
1077
1078
1084
1085
1093
1094
1095
1102
1103
1104
1121
1122
1123
1126
1127
1128
1129
1130
1131
1139
1140
1141
1147
1148
1149
1158
1159
1160
1161
1162
1163
1170
1171
1172
1178
1179
1180
1186
1187
1191
1192
1193
1209
1210
1211
1228
1229
1230
1232
1233
1234
1237
1238
1240
1241
1242
1249
1250
1251
1277
1278
1279
1301
1302
1303
1307
1308
1309
1322
1323
1324
1329
1330
1331
1338
1339
1340
1341
1367
1368
1369
1428
1429
1430
1437
1438
1447
1448
1449
1450
1455
1456
1457
1465
1466
1470
1471
1472
1478
1479
1484
1485
1486
1487
1488
1489
1490
1491
1494
1495
1496
1497
1498
1500
1501
1502
1503
1504
1505
1516
1517
1518
1530
1531
1532
1534
1535
1536
1540
1541
1542
1560
1561
1578
1579
1580
1590
1591
1592
1593
1607
1608
1609
1610
1611
1612
1621
1622
1623
1649
1650
1683
1684
1685
1686
1688
1689
1690
1702
1703
1704
1712
1713
1714
1721
1722
1723
1741
1742
1743
1744
1745
1767
1768
1769
1773
1774
1775
1803
1804
1805
1807
1808
1809
1828
1829
1836
1837
1838
1851
1852
1853
1867
1868
1869
1870
1898
1899
1900
1922
1923
1924
1965
1966
1972
1973
1974
1989
1990
1991
2038
2039
2040
2056
2057
2058
2059
2060
2061
2062
2063
2075
2076
2077
2113
2114
2115
2135
2136
2137
2140
2141
2142
2157
2158
2159
2178
2179
2180
2185
2186
2187
2188
2197
2198
2199
2210
2214
2215
2216
2222
2223
2224
2227
2228
2259
2260
2261
2263
2264
2273
2274
2284
2285
2286
2297
2298
2299
2309
2310
2342
2343
2344
2351
2352
2357
2358
2370
2371
2372
2378
2379
2395
2396
2401
2402
2403
2405
2406
2407
2415
2416
2417
2418
2419
2420
2425
2426
2427
2437
2438
2439
2444
2445
2446
2448
2449
2450
2462
2463
2464
2473
2474
2475
2484
2485
2496
2497
2498
2508
2509
2510
2518
2519
2542
2543
2544
2551
2552
2553
2554
2555
2557
2558
2559
2562
2563
2564
2571
2572
2573
2588
2589
2590
2591
2626
2627
2636
2637
2638
2641
2642
2643
2648
2649
2656
2657
2658
2659
2666
2667
2671
2672
2673
2677
2678
2679
2696
2697
2698
2714
2715
2716
2723
2724
2725
2727
2728
2739
2740
2741
2742
2783
2784
2789
2790
2791
2792
2793
2794
2802
2803
2804
2805
2806
2807
2816
2817
2818
2819
2820
2821
2836
2837
2841
2842
2843
2850
2851
2852
2866
2867
2883
2884
2885
2900
2901
2902
2910
2911
2912
2918
2919
2920
2921
2949
2950
2951
2970
2971
2972
2975
2976
2977
3000
3001
3002
3014
3015
3018
3019
3020
3025
3026
3027
3030
3031
3035
3047
3048
3049
3052
3053
3054
3059
3060
3071
3072
3073
3089
3090
3091
3092
3093
3094
3095
3096
3097
3099
3100
3101
3102
3103
3114
3115
3120
3121
3122
3127
3128
3129
3130
3131
3132
3133
3134
3142
3143
3144
3153
3154
3160
3161
3162
3163
3189
3190
3191
3208
3209
3244
3245
3246
3253
3254
3255
3256
3257
3258
3267
3268
3269
3270
3271
3272
3278
3279
3280
3283
3284
3285
3298
3299
3304
3305
3306
3313
3314
3315
3316
3334
3335
3336
3356
3357
3358
3379
3380
3381
3391
3392
3393
3399
3400
3401
3424
3425
3426
3431
3432
3433
3463
3464
3465
3466
3467
3468
3470
3471
3472
3482
3483
3485
3487
3488
3489
3528
3529
3530
3540
3541
3542
3550
3551
3552
3553
3554
3555
3567
3568
3580
3581
3582
3583
3584
3596
3611
3612
3613
3626
3627
3628
3634
3635
3636
3643
3644
3668
3669
3670
3671
3703
3704
3727
3728
3731
3732
3733
3736
3737
3738
3741
3742
3770
3771
3772
3808
3809
3810
3837
3838
3839
3843
3844
3850
3851
3865
3866
3867
3873
3874
3875
3876
3877
3878
3883
3884
3885
3893
3894
3895
3901
3902
3903
3909
3910
3922
3923
3924
3925
3926
3933
3934
3935
3942
3943
3944
3954
3955
3956
3957
3970
3971
3972
3975
3976
3977
3978
3981
3982
3986
3987
3988
3991
3997
3998
4004
4005
4006
4007
4013
4014
4015
4030
4031
4036
4037
4038
4039
4040
4041
4062
4063
4064
4099
4100
4101
4102
4124
4125
4131
4132
4133
4135
4136
4137
4147
4148
4149
4150
4156
4157
4181
4182
4183
4186
4187
4188
4189
4196
4197
4199
4200
4201
4202
4214
4215
4216
4228
4229
4230
4262
4263
4264
4267
4268
4269
4278
4293
4294
4295
4299
4308
4311
4312
4313
4319
4320
4321
4328
4335
4336
4337
4338
4339
4340
4344
4351
4352
4355
4356
4357
4367
4368
4369
4373
4378
4379
4380
4387
4388
4389
4414
4415
4426
4427
4428
4432
4433
4434
4437
4438
4446
4455
4456
4457
4458
4459
4462
4463
4464
4465
4466
4476
4477
4478
4481
4488
4489
4490
4506
4507
4508
4511
4512
4513
4520
4521
4522
4530
4531
4553
4554
4569
4570
4571
4572
4573
4574
4585
4586
4587
4595
4596
4597
4598
4599
4600
4608
4609
4610
4611
4612
4613
4614
4619
4620
4621
4629
4630
4636
4637
4646
4647
4651
4655
4656
4657
4658
4663
4664
4667
4668
4669
4672
4673
4674
4675
4685
4686
4691
4692
4693
4696
4697
4698
4709
4710
4762
4763
4764
4777
4778
4779
4783
4784
4796
4797
4798
4807
4808
4815
4816
4817
4818
4830
4831
4833
4834
4835
4837
4838
4839
4859
4860
4861
4862
4863
4864
4865
4866
4878
4879
4880
4881
4883
4884
4885
4893
4894
4895
4896
4907
4908
4909
4910
4923
4924
4925
4929
4930
4931
4946
4947
4948
4960
4961
4962
4974
4976
4977
4978
5019
5020
5021
5023
5024
5036
5037
5038
5062
5069
5070
5071
5074
5076
5077
5078
5079
5089
5090
5091
5103
5104
5105
5106
5108
5109
5110
5118
5119
5120
5123
5124
5125
5126
5139
5140
5142
5143
5144
5145
5159
5160
5161
5162
5163
5174
5175
5191
5192
5193
5222
5223
5224
5232
5233
5238
5239
5240
5256
5292
5293
5294
5300
5301
5302
5303
5304
5305
5307
5308
5309
5310
5312
5313
5314
5315
5316
5317
5318
5319
5320
5322
5323
5325
5326
5327
5329
5330
5331
5337
5338
5339
5340
5341
5342
5343
5344
5345
5348
5349
5350
5351
5353
5354
5355
5356
5357
5358
5361
5362
5363
5368
5369
5370
5371
5372
5373
5374
5375
5376
5377
5378
5379
5380
5381
5382
5395
5396
5418
5419
5420
5432
5433
5434
5451
5452
5453
5479
5480
5481
5492
5493
5494
5505
5506
5507
5508
5509
5521
5522
5523
5527
5528
5529
5534
5535
5536
5544
5545
5546
5551
5552
5553
5560
5561
5563
5564
5565
5566
5567
5570
5571
5572
5575
5576
5577
5580
5581
5582
5597
5598
5599
5613
5614
5615
5616
5622
5623
5624
5626
5627
5628
5632
5633
5634
5643
5644
5645
5646
5647
5650
5651
5652
5654
5655
5656
5657
5658
5659
5662
5663
5664
5665
5666
5667
5675
5676
5677
5683
5684
5685
5694
5695
5696
5697
5698
5699
5700
5701
5702
5703
5704
5705
5706
5707
5708
5717
5718
5719
5726
5727
5728
5732
5733
5734
5737
5738
5739
5743
5744
5745
5746
5748
5749
5750
5752
5753
5754
5755
5756
5758
5759
5760
5761
5762
5763
5764
5765
5768
5769
5770
5771
5777
5778
5779
5784
5785
5786
5787
5790
5791
5792
5794
5795
5798
5799
5800
5803
5804
5805
5807
5808
5809
5814
5815
5816
5822
5823
5824
5825
5826
5827
5831
5832
5833
5836
5837
5838
5839
5840
5841
5842
5843
5845
5846
5847
5849
5854
5855
5856
5857
5858
5860
5861
5862
5864
5865
5866
5869
5870
5871
5891
5892
5897
5898
5899
5900
5901
5902
5911
5912
5919
5920
5921
5930
5931
5932
5935
5936
5937
5941
5942
5943
5947
5948
5949
5951
5952
5953
5954
5955
5956
5957
5958
5959
5960
5963
5964
5965
5966
5967
5969
5970
5971
5975
5976
5979
5980
5981
5982
5986
5987
5988
5989
6001
6002
6003
6008
6009
6010
6020
6021
6022
6030
6031
6032
6033
6034
6038
6039
6040
6051
6052
6053
6060
6061
6062
6068
6069
6070
6071
6072
6075
6076
6077
6078
6079
6081
6082
6083
6095
6096
6097
6105
6106
6107
6119
6120
6126
6127
6135
6136
6137
6139
6141
6142
6143
6149
6150
6151
6152
6153
6155
6156
6157
6161
6167
6168
6169
6170
6179
6180
6181
6186
6187
6188
6194
6195
6196
6208
6209
6210
6213
6214
6215
6218
6219
6221
6222
6223
6224
6225
6230
6231
6232
6238
6239
6240
6248
6249
6250
6258
6259
6260
6271
6272
6274
6275
6276
6281
6282
6283
6291
6292
6293
6301
6302
6303
6309
6310
6311
6318
6319
6320
6325
6326
6327
6328
6329
6331
6332
6333
6336
6337
6338
6348
6349
6353
6354
6355
6361
6362
6363
6368
6369
6370
6373
6374
6375
6376
6377
6378
6380
6381
6383
6384
6387
6388
6389
6392
6393
6398
6399
6402
6403
6404
6405
6410
6411
6412
6417
6418
6426
6427
6428
6431
6437
6438
6448
6449
6450
6456
6457
6459
6460
6461
6462
6466
6467
6468
6474
6475
6476
6480
6481
6482
6483
6484
6485
6492
6493
6494
6495
6496
6497
6498
6503
6504
6505
6510
6511
6512
6518
6519
6520
6529
6530
6531
6536
6537
6538
6540
6541
6542
6547
6548
6549
6552
6553
6554
6558
6559
6560
6565
6566
6567
6572
6573
6574
6586
6587
6588
6589
6597
6598
6599
6606
6607
6608
6609
6610
6611
6612
6613
6614
6621
6622
6623
6629
6630
6631
6632
6636
6637
6638
6645
6646
6647
6649
6650
6651
6652
6654
6655
6656
6657
6658
6661
6662
6663
6666
6667
6668
6669
6670
6671
6672
6673
6674
6675
6676
6678
6679
6680
6681
6682
6683
6689
6690
6691
6699
6700
6701
6706
6707
6708
6714
6715
6716
6717
6719
6720
6721
6722
6723
6724
6730
6731
6732
6736
6740
6741
6742
6745
6746
6747
6750
6751
6752
6755
6756
6757
6758
6759
6760
6763
6764
6765
6768
6769
6770
6771
6772
6773
6774
6775
6776
6778
6779
6780
6782
6783
6784
6785
6786
6787
6791
6792
6795
6796
6797
6800
6801
6802
6803
6807
6808
6809
6810
6811
6812
6815
6816
6817
6818
6819
6820
6826
6827
6828
6829
6830
6831
6832
6837
6838
6839
6840
6841
6842
6843
6853
6854
6855
6857
6858
6859
6861
6862
6863
6869
6870
6871
6872
6873
6874
6877
6878
6879
6880
6881
6882
6883
6884
6885
6886
6887
6889
6890
6891
6894
6895
6896
6898
6899
6900
6906
6907
6908
6922
6923
6924
6925
6926
6927
6929
6930
6931
6932
6944
6945
6946
6947
6948
6949
6950
6951
6964
6965
6966
6967
6968
6972
6973
6974
6980
6981
6982
6987
6988
6989
6996
6997
6998
7008
7009
7010
7012
7013
7014
7017
7018
7019
7025
7026
7027
7028
7029
7031
7032
7033
7036
7037
7038
7039
7040
7041
7052
7053
7054
7065
7066
7067
7074
7075
7076
7096
7097
7098
7100
7101
7105
7106
7107
7108
7109
7110
7112
7113
7114
7129
7130
7135
7136
7137
7149
7150
7151
7153
7154
7155
7161
7162
7169
7170
7179
7180
7181
7183
7184
7185
7187
7188
7189
7190
7197
7198
7199
7215
7216
7217
7222
7223
7224
7251
7252
7253
7254
7261
7262
7263
7268
7269
7270
7271
7272
7273
7274
7275
7285
7286
7292
7293
7294
7295
7307
7308
7311
7312
7313
7315
7316
7317
7319
7320
7321
7322
7332
7333
7334
7338
7339
7340
7341
7342
7343
7344
7345
7346
7347
7348
7358
7359
7360
7363
7364
7367
7368
7371
7372
7373
7374
7375
7376
7377
7381
7382
7383
7386
7387
7388
7395
7396
7397
7398
7399
7400
7407
7408
7409
7412
7413
7414
7415
7416
7417
7419
7420
7421
7425
7426
7427
7434
7435
7439
7440
7441
7442
7447
7448
7449
7450
7452
7453
7454
7455
7462
7463
7466
7467
7468
7469
7471
7472
7473
7474
7475
7476
7477
7478
7479
7480
7481
7482
7483
7487
7488
7489
7490
7491
7492
7493
7505
7506
7507
7508
7509
7510
7511
7512
7513
7514
7515
7516
7517
7518
7519
7520
7521
7522
7523
7524
7525
7526
7527
7528
7529
7530
7531
7532
7533
7534
7535
7536
7537
7538
7539
7540
7541
7542
7543
7544
7545
7546
7547
7548
7549
7550
7551
7552
7553
7554
7555
