21
22
53
54
55
78
79
80
93
94
95
118
119
120
121
122
127
128
129
131
132
133
141
142
157
158
159
161
162
163
164
165
167
168
174
175
176
177
178
180
181
183
184
185
192
193
194
214
215
216
220
221
244
245
256
257
258
261
262
263
267
268
269
270
271
287
288
302
303
304
313
314
315
321
322
323
328
329
330
331
332
333
341
342
347
348
352
353
354
362
363
369
370
373
374
375
376
377
378
379
380
384
385
394
395
413
414
415
434
435
446
447
456
457
458
460
461
462
463
482
483
484
485
486
500
501
502
507
508
509
510
511
525
526
527
534
535
536
568
569
576
577
578
584
585
587
588
606
607
608
609
610
611
623
624
625
635
636
637
642
643
644
653
654
655
668
669
670
680
681
682
701
702
703
709
710
725
726
727
735
736
737
738
739
740
746
747
749
750
751
758
759
760
766
767
781
782
789
790
791
798
802
803
804
814
815
827
828
829
838
850
851
852
854
855
856
857
858
859
860
861
862
869
870
871
881
882
883
887
888
889
891
892
893
894
895
899
900
901
912
913
914
915
916
920
921
924
925
926
927
928
933
934
951
952
956
957
965
966
971
972
973
987
988
989
993
994
995
996
1004
1005
1008
1009
1011
1012
1013
1018
1019
1024
1025
1033
1034
1035
1036
1056
1057
1058
1061
1062
1063
1108
1109
1110
1113
1114
1115
1135
1136
1155
1156
1157
1169
1170
1171
1174
1175
1176
1180
1181
1182
1183
1184
1185
1233
1234
1235
1238
1239
1240
1246
1247
1250
1251
1252
1259
1260
1267
1268
1269
1270
1272
1273
1274
1284
1285
1286
1298
1299
1300
1313
1314
1315
1317
1318
1319
1370
1371
1372
1382
1383
1384
1391
1392
1393
1394
1395
1398
1399
1412
1413
1414
1422
1423
1424
1441
1442
1443
1444
1447
1448
1457
1458
1459
1466
1467
1468
1482
1483
1486
1487
1488
1502
1503
1504
1522
1523
1539
1540
1543
1544
1545
1550
1551
1552
1556
1557
1558
1564
1565
1566
1580
1581
1582
1583
1584
1585
1588
1589
1590
1600
1601
1602
1608
1609
1610
1634
1635
1667
1668
1669
1687
1695
1696
1697
1698
1707
1708
1709
1723
1729
1730
1731
1732
1739
1740
1749
1750
1751
1758
1759
1760
1776
1777
1778
1791
1792
1793
1794
1795
1796
1806
1807
1808
1843
1844
1845
1849
1861
1862
1863
1873
1874
1875
1876
1877
1879
1880
1883
1884
1886
1887
1888
1889
1890
1912
1913
1914
1917
1918
1919
1924
1931
1932
1933
1935
1936
1937
1945
1946
1947
2011
2012
2013
2015
2016
2017
2022
2023
2024
2025
2026
2033
2036
2037
2038
2043
2044
2045
2046
2047
2048
2049
2050
2053
2054
2055
2059
2060
2072
2073
2083
2084
2085
2135
2136
2152
2177
2178
2179
2181
2182
2183
2184
2185
2186
2187
2232
2233
2234
2236
2237
2242
2243
2244
2274
2275
2276
2292
2293
2294
2302
2303
2304
2307
2308
2309
2343
2344
2345
2359
2360
2361
2366
2367
2424
2425
2426
2427
2428
2444
2445
2446
2457
2458
2459
2460
2463
2464
2477
2478
2479
2485
2505
2506
2507
2531
2532
2542
2544
2545
2546
2556
2557
2584
2585
2586
2604
2605
2606
2623
2624
2625
2636
2637
2643
2644
2645
2670
2671
2676
2677
2678
2687
2688
2692
2693
2699
2700
2701
2702
2748
2749
2750
2751
2752
2761
2762
2763
2769
2770
2771
2772
2783
2784
2785
2799
2800
2816
2845
2846
2847
2851
2852
2858
2859
2871
2872
2882
2883
2884
2892
2893
2898
2899
2902
2903
2904
2908
2909
2910
2911
2912
2913
2914
2916
2917
2918
2947
2948
2949
2964
2965
2966
2975
2976
2985
2986
2987
2988
2994
2995
2996
2997
3021
3022
3023
3031
3032
3033
3054
3055
3069
3070
3071
3080
3081
3082
3085
3086
3089
3090
3091
3093
3094
3095
3101
3102
3116
3117
3130
3131
3132
3140
3147
3148
3156
3157
3158
3165
3166
3167
3171
3172
3173
3178
3179
3202
3203
3204
3205
3206
3207
3208
3209
3210
3221
3222
3223
3238
3239
3240
3241
3242
3247
3248
3249
3279
3299
3300
3301
3317
3364
3365
3366
3381
3382
3383
3392
3393
3394
3398
3399
3422
3423
3424
3434
3435
3436
3437
3438
3447
3448
3449
3480
3499
3510
3511
3512
3551
3552
3553
3554
3555
3556
3559
3561
3562
3567
3568
3570
3571
3572
3576
3577
3578
3592
3593
3594
3603
3609
3610
3611
3626
3627
3636
3637
3638
3640
3646
3658
3659
3661
3662
3672
3673
3674
3689
3690
3691
3738
3739
3740
3764
3765
3773
3774
3775
3790
3794
3806
3807
3808
3821
3822
3829
3830
3852
3853
3855
3856
3864
3865
3877
3878
3879
3889
3890
3899
3900
3904
3905
3906
3912
3913
3914
3928
3929
3930
3931
3932
3946
3947
3948
3950
3951
3952
3960
3966
3967
3968
3973
3974
3975
3981
3982
3983
3985
3986
3987
3992
3993
3994
3995
4005
4006
4010
4011
4012
4032
4033
4042
4048
4049
4050
4053
4054
4055
4056
4061
4062
4067
4068
4070
4071
4076
4089
4090
4094
4095
4107
4108
4109
4122
4123
4129
4130
4136
4137
4138
4139
4140
4141
4142
4143
4144
4145
4152
4155
4156
4157
4158
4163
4164
4165
4167
4168
4169
4177
4178
4179
4202
4203
4204
4208
4226
4227
4229
4240
4241
4250
4251
4252
4262
4263
4264
4267
4268
4278
4287
4294
4295
4296
4310
4311
4316
4317
4318
4319
4320
4321
4323
4324
4325
4327
4328
4329
4330
4331
4332
4333
4334
4335
4336
4337
4338
4339
4346
4347
4348
4349
4352
4353
4356
4360
4361
4362
4363
4365
4366
4367
4368
4388
4389
4390
4410
4411
4413
4414
4416
4418
4419
4420
4423
4424
4431
4438
4439
4440
4444
4445
4449
4450
4451
4455
4456
4457
4458
4460
4461
4463
4464
4471
4472
4473
4478
4479
4480
4481
4486
4490
4495
4496
4498
4499
4500
4501
4511
4512
4513
4521
4522
4523
4524
4528
4529
4530
4532
4533
4534
4535
4536
4537
4538
4544
4545
4546
4549
4550
4551
4552
4553
4554
4555
4556
4561
4562
4563
4568
4569
4572
4573
4574
4575
4582
4583
4584
4585
4588
4589
4590
4613
4614
4615
4618
4619
4620
4631
4632
4633
4641
4642
4643
4663
4664
4665
4674
4679
4680
4681
4685
4686
4691
4692
4693
4694
4698
4699
4714
4715
4721
4722
4723
4724
4733
4734
4738
4739
4740
4742
4755
4760
4761
4763
4764
4765
4766
4783
4798
4799
4800
4825
4826
4827
4833
4849
4850
4881
4882
4883
4890
4891
4892
4915
4916
4917
4918
4919
4933
4934
4935
4936
4940
4941
4942
4946
4947
4948
4952
4953
4954
4968
4969
4978
4979
4980
4981
4988
4989
4990
4999
5000
5001
5010
5011
5012
5016
5017
5018
5021
5022
5023
5033
5034
5035
5042
5043
5044
5055
5060
5061
5073
5074
5075
5081
5082
5083
5095
5096
5097
5098
5099
5100
5101
5106
5107
5123
5126
5127
5129
5130
5135
5136
5137
5145
5146
5151
5152
5157
5158
5159
5160
5161
5162
5164
5165
5166
5168
5169
5170
5172
5173
5174
5175
5176
5177
5178
5179
5182
5183
5184
5187
5188
5189
5190
5191
5192
5193
5194
5195
5202
5203
5204
5207
5208
5209
5214
5215
5216
5221
5222
5223
5228
5229
5230
5231
5232
5233
5234
5235
5238
5239
5240
5241
5244
5245
5246
5248
5249
5250
5252
5253
5254
5257
5258
5259
5261
5262
5263
5268
5269
5270
5273
5274
5275
5279
5280
5284
5285
5286
5287
5288
5289
5290
5291
5292
5293
5294
5295
5303
5304
5318
5319
5320
5338
5368
5369
5370
5371
5372
5373
5378
5379
5384
5385
5386
5396
5397
5398
5399
5425
5426
5427
5429
5430
5431
5434
5435
5443
5444
5445
5457
5458
5459
5473
5474
5475
5486
5487
5488
5495
5496
5497
5500
5501
5512
5525
5526
5527
5535
5536
5566
5567
5568
5581
5582
5607
5608
5609
5635
5636
5637
5641
5642
5643
5645
5648
5649
5650
5652
5653
5654
5655
5656
5657
5661
5662
5663
5664
5665
5666
5667
5675
5676
5686
5687
5688
5689
5695
5696
5697
5704
5705
5706
5709
5710
5711
5712
5713
5718
5719
5725
5726
5728
5729
5730
5731
5734
5735
5738
5739
5740
5741
5742
5743
5746
5747
5748
5749
5750
5751
5753
5754
5755
5761
5762
5764
5765
5766
5767
5770
5771
5772
5773
5774
5775
5776
5780
5781
5782
5783
5784
5785
5786
5787
5788
5789
5790
5791
5792
5794
5795
5796
5802
5803
5804
5808
5809
5810
5811
5814
5815
5816
5823
5824
5825
5827
5828
5829
5831
5832
5833
5842
5843
5844
5847
5848
5854
5855
5856
5886
5887
5888
5890
5892
5893
5894
5895
5896
5897
5910
5911
5912
5918
5919
5920
5921
5922
5923
5925
5926
5927
5928
5929
5930
5931
5932
5933
5934
5935
5936
5937
5938
5939
5940
5941
5942
5943
5944
5945
5946
5947
5948
5949
5950
5951
5952
5953
5954
5955
5956
5957
5958
5959
5960
5961
5962
5963
5964
5965
