44
45
46
55
56
57
61
62
63
68
69
70
71
72
76
113
114
115
124
125
126
129
130
131
137
138
153
154
155
159
160
161
162
163
164
170
171
172
185
186
187
219
220
221
238
239
240
243
244
250
251
252
270
271
272
273
290
291
292
324
325
326
366
367
368
376
377
378
393
394
395
396
397
398
400
401
402
403
404
405
406
407
449
450
451
463
464
469
470
471
478
479
480
481
490
491
492
506
507
513
514
515
523
524
525
535
536
537
556
557
583
584
585
587
588
589
600
601
602
631
632
633
634
635
636
637
638
678
679
680
721
722
733
734
735
749
750
751
752
753
754
760
761
762
774
775
776
782
783
784
802
803
804
810
811
812
820
821
822
824
825
826
828
829
830
871
872
897
898
899
900
940
941
979
980
981
984
985
986
987
1005
1006
1007
1013
1014
1015
1016
1017
1018
1029
1030
1031
1044
1045
1046
1047
1048
1049
1050
1075
1076
1077
1128
1129
1130
1154
1155
1156
1159
1160
1168
1169
1170
1174
1175
1176
1186
1187
1198
1199
1212
1213
1214
1228
1229
1232
1233
1234
1235
1236
1237
1242
1243
1244
1249
1250
1251
1261
1262
1263
1264
1268
1269
1270
1283
1284
1285
1289
1290
1291
1298
1299
1301
1302
1304
1305
1315
1316
1317
1325
1326
1327
1338
1339
1340
1345
1346
1351
1352
1353
1358
1359
1360
1361
1362
1379
1380
1381
1386
1387
1389
1390
1391
1392
1396
1397
1398
1403
1404
1405
1407
1408
1409
1415
1416
1417
1425
1426
1427
1433
1434
1435
1436
1437
1441
1442
1443
1447
1448
1449
1467
1468
1469
1477
1478
1526
1527
1528
1546
1547
1548
1564
1565
1585
1586
1589
1590
1609
1610
1611
1655
1656
1657
1684
1685
1686
1699
1700
1701
1729
1730
1731
1752
1753
1765
1766
1767
1806
1807
1808
1819
1820
1821
1825
1826
1827
1831
1832
1833
1855
1856
1857
1862
1863
1864
1882
1883
1884
1886
1900
1906
1907
1917
1918
1919
1923
1924
1939
1940
1941
1942
1943
1973
1974
1975
1984
1985
1986
1996
1997
1999
2000
2001
2054
2055
2056
2083
2084
2085
2101
2102
2103
2106
2107
2108
2109
2110
2111
2112
2113
2114
2115
2116
2117
2118
2119
2120
2125
2126
2127
2148
2149
2150
2164
2165
2166
2181
2182
2183
2210
2211
2212
2227
2228
2229
2275
2276
2277
2293
2294
2295
2301
2302
2303
2308
2309
2333
2334
2335
2343
2344
2345
2357
2358
2359
2383
2384
2385
2392
2393
2394
2408
2409
2410
2414
2415
2416
2422
2423
2424
2431
2432
2439
2440
2441
2464
2465
2466
2503
2504
2505
2510
2511
2512
2513
2514
2523
2524
2525
2533
2534
2535
2537
2538
2539
2544
2545
2557
2558
2559
2560
2561
2577
2578
2579
2590
2591
2592
2622
2623
2624
2650
2651
2652
2681
2682
2683
2706
2707
2708
2731
2732
2733
2734
2735
2740
2750
2751
2752
2800
2801
2802
2804
2805
2821
2822
2823
2824
2839
2840
2841
2852
2853
2855
2856
2869
2870
2871
2876
2877
2878
2879
2880
2899
2900
2901
2938
2939
2968
2969
2970
2977
2978
2979
2996
2997
3004
3005
3006
3014
3015
3016
3022
3023
3048
3054
3055
3070
3071
3079
3080
3081
3089
3090
3091
3095
3096
3097
3105
3106
3107
3135
3136
3137
3143
3144
3159
3160
3161
3165
3166
3167
3176
3177
3178
3188
3189
3237
3238
3239
3240
3241
3242
3250
3251
3252
3259
3260
3261
3308
3309
3320
3321
3322
3323
3339
3340
3341
3342
3343
3344
3345
3346
3347
3348
3351
3352
3353
3363
3364
3365
3367
3368
3369
3384
3385
3396
3397
3398
3403
3404
3417
3418
3419
3440
3441
3442
3456
3457
3458
3530
3531
3532
3539
3540
3541
3546
3547
3548
3568
3569
3570
3589
3590
3591
3616
3617
3618
3626
3627
3628
3654
3655
3656
3665
3666
3669
3670
3723
3724
3725
3730
3731
3732
3733
3734
3739
3740
3741
3750
3768
3769
3770
3784
3785
3786
3800
3801
3802
3809
3810
3811
3812
3826
3827
3828
3833
3834
3840
3841
3842
3843
3844
3847
3848
3849
3888
3889
3890
3915
3916
3927
3928
3973
3974
3975
3984
3985
3986
3998
4015
4016
4017
4018
4027
4028
4029
4035
4036
4037
4038
4048
4049
4050
4063
4064
4071
4072
4073
4074
4117
4118
4119
4121
4122
4123
4126
4127
4128
4129
4144
4145
4146
4174
4175
4176
4201
4202
4203
4242
4243
4244
4245
4252
4253
4254
4268
4269
4270
4271
4279
4280
4287
4288
4289
4336
4337
4353
4354
4359
4360
4363
4364
4365
4374
4375
4376
4393
4394
4395
4398
4399
4400
4402
4403
4404
4410
4411
4412
4419
4420
4421
4423
4424
4425
4435
4437
4438
4439
4440
4448
4449
4450
4453
4454
4460
4461
4462
4465
4466
4467
4489
4490
4491
4501
4535
4536
4539
4540
4541
4542
4548
4549
4550
4558
4559
4560
4563
4564
4565
4570
4571
4572
4581
4582
4583
4586
4587
4588
4589
4605
4606
4607
4615
4616
4617
4618
4632
4633
4634
4644
4666
4667
4681
4682
4683
4688
4689
4692
4713
4714
4715
4724
4725
4737
4738
4739
4742
4743
4747
4748
4749
4751
4752
4753
4754
4756
4757
4758
4759
4760
4763
4764
4765
4769
4770
4788
4789
4793
4794
4795
4798
4799
4804
4810
4812
4813
4815
4816
4827
4838
4843
4844
4845
4846
4851
4852
4867
4868
4869
4872
4873
4874
4878
4879
4880
4884
4885
4886
4887
4888
4890
4891
4897
4898
4899
4900
4901
4902
4916
4917
4918
4920
4921
4925
4926
4927
4937
4938
4939
4943
4944
4945
4950
4951
4952
4953
4960
4961
4964
4965
4966
4971
4972
4973
4977
4978
4979
4997
4998
4999
5000
5007
5008
5009
5014
5015
5016
5024
5025
5026
5030
5031
5032
5038
5039
5040
5055
5056
5066
5067
5068
5079
5080
5085
5086
5087
5106
5107
5108
5112
5113
5114
5115
5116
5124
5125
5126
5127
5128
5130
5131
5132
5136
5137
5138
5142
5143
5144
5154
5155
5156
5161
5162
5163
5168
5169
5170
5179
5180
5187
5188
5198
5199
5200
5206
5207
5213
5214
5215
5216
5225
5226
5227
5228
5229
5230
5234
5235
5236
5241
5242
5243
5251
5252
5253
5255
5256
5257
5266
5267
5268
5269
5270
5272
5273
5274
5283
5284
5291
5292
5293
5298
5299
5300
5301
5306
5307
5308
5313
5314
5315
5316
5317
5320
5321
5322
5326
5327
5328
5335
5336
5337
5338
5339
5340
5342
5343
5344
5355
5356
5357
5359
5360
5361
5363
5364
5365
5371
5372
5373
5374
5377
5378
5388
5389
5390
5396
5397
5398
5401
5402
5403
5405
5406
5407
5408
5409
5414
5415
5416
5418
5419
5420
5423
5424
5425
5426
5427
5428
5429
5430
5439
5440
5441
5446
5447
5448
5453
5454
5455
5473
5474
5475
5489
5490
5494
5495
5502
5503
5504
5505
5506
5508
5509
5513
5514
5515
5516
5517
5519
5520
5521
5522
5523
5528
5529
5530
5536
5537
5538
5541
5542
5543
5549
5550
5551
5555
5556
5557
5559
5560
5561
5563
5564
5565
5582
5583
5584
5594
5595
5596
5606
5610
5611
5612
5620
5621
5622
5625
5626
5627
5628
5629
5632
5633
5634
5636
5637
5648
5649
5657
5658
5659
5671
5672
5678
5679
5680
5682
5683
5684
5686
5687
5688
5692
5693
5694
5699
5700
5701
5709
5710
5720
5721
5722
5723
5734
5735
5736
5748
5749
5750
5759
5760
5761
5773
5774
5782
5783
5784
5798
5799
5800
5812
5813
5814
5825
5826
5835
5836
5837
5839
5850
5851
5852
5866
5891
5892
5893
5894
5895
5903
5904
5905
5906
5916
5917
5918
5923
5924
5927
5928
5929
5935
5936
5937
5939
5946
5947
5948
5949
5967
5968
5969
5981
5982
5983
5987
5988
5992
5993
5995
5996
6010
6011
6012
6015
6016
6017
6020
6021
6022
6033
6034
6035
6036
6037
6038
6049
6055
6056
6057
6063
6064
6065
6067
6068
6069
6070
6073
6074
6075
6079
6080
6081
6087
6088
6095
6096
6097
6109
6110
6111
6117
6118
6119
6126
6127
6128
6144
6145
6162
6163
6164
6167
6168
6169
6171
6172
6173
6175
6176
6177
6179
6180
6181
6190
6191
6192
6193
6194
6195
6204
6205
6206
6207
6208
6209
6218
6219
6220
6221
6222
6224
6225
6226
6227
6237
6238
6242
6243
6244
6246
6247
6248
6254
6255
6260
6261
6262
6280
6281
6282
6283
6284
6285
6288
6289
6290
6297
6298
6299
6301
6302
6303
6305
6306
6307
6318
6319
6320
6321
6322
6324
6325
6326
6327
6328
6330
6331
6332
6334
6335
6336
6337
6338
6339
6340
6349
6350
6351
6356
6357
6358
6367
6368
6369
6372
6373
6374
6375
6379
6380
6381
6383
6384
6385
6387
6388
6389
6391
6392
6393
6394
6395
6396
6398
6399
6400
6401
6403
6404
6405
6406
6407
6419
6420
6421
6422
6423
6428
6429
6430
6434
6435
6436
6439
6444
6446
6447
6448
6453
6454
6455
6458
6459
6460
6463
6464
6465
6476
6477
6478
6479
6482
6483
6484
6485
6486
6487
6491
6492
6495
6496
6499
6500
6505
6506
6507
6508
6510
6511
6516
6517
6518
6521
6522
6523
6525
6526
6527
6529
6530
6531
6533
6534
6535
6538
6539
6540
6554
6555
6556
6557
6572
6573
6574
6581
6582
6583
6585
6586
6587
6588
6589
6597
6598
6599
6604
6605
6616
6617
6618
6624
6625
6626
6627
6628
6629
6632
6633
6634
6637
6638
6639
6640
6641
6642
6646
6647
6653
6654
6655
6656
6657
6658
6662
6663
6664
6681
6682
6683
6684
6685
6689
6690
6691
6693
6694
6695
6697
6698
6699
6703
6704
6705
6709
6710
6712
6713
6714
6723
6724
6727
6728
6729
6733
6734
6739
6740
6741
6746
6747
6748
6755
6756
6757
6765
6767
6768
6769
6773
6774
6780
6781
6782
6784
6785
6790
6791
6792
6793
6794
6795
6796
6797
6798
6799
6800
6801
6802
6803
6804
6807
6808
6809
6810
6811
6812
6813
6814
6818
6819
6820
6821
6822
6827
6828
6829
6830
6834
6835
6836
6849
6850
6851
6866
6867
6868
6873
6874
6875
6886
6887
6888
6891
6892
6893
6902
6903
6904
6905
6906
6907
6908
6909
6910
6911
6919
6923
6924
6925
6926
6927
6928
6929
6930
6931
6932
6933
6934
6935
6936
6937
6938
6939
6940
6941
6942
6943
6944
6945
6946
6947
6948
6949
6950
6951
6952
6953
6954
6955
6956
6971
6972
