0
1
23
24
25
48
49
50
93
94
95
96
97
98
100
101
109
110
111
115
116
117
147
148
162
163
164
169
170
174
175
181
182
183
199
200
201
225
226
227
233
234
235
240
241
242
262
263
264
306
307
308
319
320
321
332
333
344
345
346
367
368
369
472
473
474
524
525
526
557
558
559
560
596
597
598
613
614
615
627
628
629
630
645
646
647
657
658
659
668
669
671
672
673
685
686
687
694
695
696
705
706
707
711
712
713
719
720
801
802
803
804
805
806
808
809
810
829
830
831
840
841
842
898
899
903
904
926
927
928
989
993
994
995
996
997
1006
1007
1009
1010
1019
1020
1021
1033
1034
1035
1043
1044
1045
1054
1055
1056
1076
1077
1078
1088
1089
1090
1098
1099
1100
1113
1114
1115
1118
1119
1120
1121
1122
1136
1137
1138
1140
1141
1142
1143
1144
1145
1146
1156
1157
1158
1165
1166
1167
1168
1169
1170
1171
1183
1184
1185
1193
1194
1195
1196
1197
1198
1215
1216
1217
1225
1228
1229
1230
1279
1280
1281
1289
1290
1291
1294
1295
1296
1297
1298
1305
1306
1307
1347
1348
1349
1350
1351
1352
1361
1362
1363
1407
1408
1417
1418
1419
1420
1429
1430
1431
1432
1433
1434
1435
1440
1441
1442
1453
1454
1455
1458
1459
1466
1467
1476
1477
1479
1480
1481
1482
1483
1507
1526
1527
1528
1530
1531
1532
1545
1546
1550
1551
1573
1574
1575
1587
1588
1589
1598
1599
1600
1616
1617
1618
1624
1625
1626
1631
1632
1633
1646
1647
1652
1653
1654
1667
1668
1669
1687
1688
1689
1690
1691
1692
1693
1694
1699
1700
1704
1705
1706
1709
1710
1712
1713
1714
1715
1716
1721
1722
1764
1765
1766
1785
1786
1787
1789
1790
1791
1803
1804
1805
1822
1823
1824
1856
1857
1858
1866
1867
1868
1891
1892
1893
1901
1902
1903
1905
1906
1907
1937
1938
1939
1943
1948
1949
1950
1960
1961
1973
1974
1975
1976
1977
1984
1985
1986
1987
1989
1990
1991
2011
2012
2013
2021
2023
2024
2025
2038
2039
2040
2058
2059
2060
2067
2068
2069
2074
2075
2076
2078
2079
2080
2081
2084
2085
2086
2094
2095
2096
2103
2104
2114
2115
2121
2122
2123
2135
2136
2140
2141
2142
2157
2158
2159
2160
2161
2162
2172
2173
2185
2186
2187
2203
2204
2205
2230
2231
2232
2238
2239
2245
2246
2247
2248
2249
2250
2252
2253
2254
2260
2261
2262
2288
2289
2290
2322
2323
2325
2326
2332
2352
2353
2371
2372
2381
2382
2383
2400
2401
2418
2419
2420
2434
2435
2436
2452
2453
2454
2473
2474
2475
2477
2478
2489
2490
2499
2500
2501
2555
2556
2557
2580
2581
2582
2591
2592
2593
2594
2595
2596
2610
2613
2614
2615
2625
2626
2627
2656
2657
2687
2688
2689
2763
2764
2769
2770
2771
2780
2781
2782
2818
2819
2820
2821
2858
2859
2860
2867
2868
2869
2888
2889
2890
2891
2892
2893
2935
2936
2937
2955
2956
2957
2958
2970
2985
2986
2987
2988
2989
2994
2995
2997
2998
2999
3004
3005
3006
3009
3011
3012
3013
3018
3019
3020
3023
3024
3025
3027
3028
3029
3030
3038
3050
3051
3064
3065
3066
3067
3068
3069
3071
3072
3083
3084
3088
3089
3090
3100
3101
3102
3103
3104
3107
3108
3110
3111
3113
3114
3115
3132
3143
3154
3155
3156
3159
3160
3161
3162
3163
3164
3171
3172
3173
3174
3187
3188
3193
3194
3195
3232
3233
3234
3235
3242
3243
3244
3247
3248
3249
3256
3257
3283
3284
3300
3301
3302
3304
3314
3315
3333
3337
3346
3347
3354
3355
3364
3365
3366
3367
3368
3370
3371
3379
3380
3395
3396
3397
3404
3405
3406
3418
3422
3423
3424
3425
3428
3433
3434
3435
3438
3439
3440
3447
3448
3449
3465
3466
3467
3489
3490
3491
3508
3509
3510
3512
3513
3514
3516
3517
3518
3528
3529
3530
3544
3545
3549
3550
3551
3552
3553
3559
3560
3561
3562
3574
3575
3576
3609
3610
3611
3620
3621
3627
3628
3629
3634
3640
3641
3662
3676
3677
3678
3708
3709
3720
3721
3722
3723
3727
3728
3729
3751
3752
3753
3761
3762
3767
3768
3769
3781
3782
3784
3785
3790
3791
3792
3802
3803
3818
3819
3820
3822
3823
3834
3835
3836
3844
3845
3851
3852
3853
3854
3855
3858
3859
3860
3862
3866
3887
3888
3889
3928
3929
3944
3948
3949
3950
3957
3958
3959
3968
3969
3970
3971
3972
3973
3978
3979
3980
3981
3982
3983
3997
3998
4001
4002
4003
4005
4006
4007
4008
4009
4024
4025
4026
4041
4043
4045
4046
4047
4056
4057
4066
4067
4068
4069
4070
4071
4074
4075
4076
4077
4078
4079
4081
4082
4083
4084
4088
4089
4090
4091
4093
4094
4095
4096
4097
4098
4099
4107
4108
4109
4110
4111
4120
4122
4123
4124
4125
4126
4127
4128
4129
4130
4132
4133
4134
4135
4136
4138
4144
4145
4146
4149
4150
4154
4155
4156
4157
4158
4159
4160
4161
4162
4163
4172
4173
4174
4175
4176
4177
4178
4179
4180
4182
4183
4186
4187
4188
4197
4198
4199
4200
4201
4202
4203
4204
4205
4206
4207
4208
4209
4210
4211
4212
4213
4214
4215
4222
4223
4238
4239
4240
4241
4242
4243
4244
4245
4246
4247
4248
4254
4255
4256
4259
4260
4261
4262
4263
4264
4265
4267
4268
4269
4270
4271
4293
4294
4295
4296
4297
4298
4299
4300
4301
4306
4307
4308
4321
4322
4339
4340
4341
4342
4351
4352
4353
4356
4357
4367
4368
4369
4379
4380
4381
4382
4383
4384
4385
4386
4387
4389
4390
4393
4394
4395
4396
4397
4398
4399
4400
4401
4402
4403
4404
4405
4421
4422
4423
4431
4432
4433
4439
4443
4444
4445
4447
4448
4449
4454
4455
4456
4463
4464
4471
4472
4479
4480
4484
4485
4486
4487
4488
4492
4493
4505
4506
4507
4514
4515
4526
4527
4528
4529
4530
4531
4532
4533
4534
4535
4536
4537
4538
4539
4540
4541
4542
4543
4544
4550
4551
4552
4553
4554
4555
4556
4557
4558
4560
4561
4568
4569
4573
4574
4578
4579
4580
4581
4582
4587
4588
4589
4593
4594
4595
4622
4623
4644
4645
4646
4647
4648
4649
4657
4658
4659
4669
4670
4671
4672
4673
4679
4680
4681
4695
4696
4697
4700
4701
4704
4705
4707
4708
4709
4716
4717
4726
4727
4733
4734
4735
4739
4740
4741
4753
4754
4780
4781
4782
4816
4817
4818
4831
4832
4833
4851
4852
4859
4860
4861
4862
4863
4864
4866
4867
4868
4877
4878
4887
4888
4889
4891
4902
4903
4905
4906
4908
4909
4910
4912
4913
4914
4919
4920
4921
4928
4929
4930
4932
4933
4934
4936
4937
4938
4939
4945
4946
4947
4949
4950
4951
4953
4954
4955
4957
4958
4959
4962
4963
4964
4965
4966
4967
4968
4969
4972
4973
4974
4975
4976
4977
4978
4990
4991
4998
4999
5000
5009
5010
5011
5022
5023
5024
5030
5031
5032
5035
5036
5037
5038
5042
5043
5044
5047
5048
5049
5050
5052
5053
5054
5056
5057
5058
5065
5066
5067
5068
5069
5070
5071
5072
5073
5074
5075
5080
5081
5082
5083
5088
5089
5090
5091
5092
5108
5109
5110
5131
5132
5133
5136
5137
5138
5144
5145
5150
5151
5152
5155
5156
5157
5162
5163
5180
5181
5182
5190
5191
5192
5202
5203
5204
5208
5209
5210
5217
5218
5222
5223
5226
5227
5228
5229
5265
5266
5267
5278
5279
5315
5316
5317
5318
5319
5320
5327
5328
5329
5335
5336
5337
5344
5345
5346
5351
5352
5353
5358
5359
5360
5363
5364
5365
5370
5371
5372
5373
5374
5375
5387
5388
5389
5390
5397
5398
5399
5403
5404
5408
5409
5410
5413
5414
5419
5420
5421
5422
5423
5424
5425
5426
5427
5428
5429
5434
5435
5436
5447
5448
5450
5452
5453
5454
5455
5459
5460
5461
5464
5465
5466
5467
5468
5471
5472
5473
5487
5491
5492
5493
5496
5497
5499
5500
5502
5503
5504
5505
5508
5509
5510
5515
5516
5517
5518
5520
5521
5522
5525
5526
5528
5529
5530
5536
5537
5538
5540
5541
5544
5545
5546
5547
5548
5549
5550
5552
5553
5554
5555
5556
5557
5558
5567
5571
5572
5573
5574
5575
5578
5579
5583
5584
5585
5586
5587
5588
5589
5590
5593
5594
5595
5596
5599
5600
5604
5605
5611
5617
5618
5619
5620
5621
5624
5625
5626
5660
5661
5662
5663
5664
5665
5666
5667
5668
5669
5670
5671
5672
5673
5674
5675
5676
5677
5678
5679
5680
5681
5682
5683
5684
5685
5686
5687
5689
